1 0.20815104166666668 0.44013310185185184 0.054166666666666696 0.1361689814814815
1 0.35955729166666667 0.41375868055555554 0.059843750000000015 0.13969907407407406
1 0.435546875 0.3991898148148148 0.05666666666666664 0.13868634259259255
1 0.4721354166666667 0.39259259259259255 0.058229166666666644 0.13880208333333338
1 0.5099218750000001 0.3855179398148148 0.057499999999999926 0.13952546296296298
1 0.546875 0.3792824074074074 0.05901041666666664 0.13885995370370371
1 0.5853906249999999 0.3729311342592593 0.058958333333333356 0.13807870370370362
1 0.6232291666666667 0.36507523148148147 0.05744791666666664 0.13874421296296297
1 0.6613541666666667 0.3587528935185185 0.058229166666666644 0.13880208333333338
1 0.6998177083333333 0.3531828703703703 0.05744791666666664 0.13874421296296297
1 0.7379947916666667 0.3460792824074074 0.05828124999999993 0.1395833333333333
1 0.77625 0.33780381944444443 0.058385416666666676 0.1411458333333333
1 0.8133072916666666 0.33000578703703703 0.058385416666666856 0.1411458333333334
1 0.852265625 0.3228443287037037 0.060000000000000143 0.14204282407407404
1 0.8905989583333334 0.3075665509259259 0.059531249999999855 0.14667245370370371
1 0.9287760416666666 0.300462962962963 0.05942708333333328 0.14510995370370364
1 0.8659635416666667 0.47886284722222217 0.061406249999999926 0.1398148148148149
1 0.9048958333333333 0.47209201388888894 0.05984374999999993 0.13969907407407406
1 0.94078125 0.464380787037037 0.05593749999999993 0.13940972222222214
0 0.5633072916666666 0.5292679398148149 0.051458333333333425 0.11886574074074083
0 0.7171614583333333 0.5011574074074074 0.051458333333333425 0.11886574074074083
0 0.6018489583333333 0.5225260416666666 0.05145833333333325 0.11886574074074083
0 0.6425000000000001 0.5191261574074074 0.051458333333333425 0.11886574074074083
0 0.754140625 0.49453125 0.051458333333333425 0.11886574074074083
0 0.67671875 0.5130931712962964 0.051458333333333425 0.11886574074074083
0 0.8286197916666665 0.48512731481481486 0.051458333333333425 0.11886574074074083
0 0.33510416666666665 0.5706597222222222 0.05145833333333334 0.11886574074074083
0 0.294453125 0.5740596064814815 0.05145833333333325 0.11886574074074083
0 0.25591145833333334 0.5808015046296295 0.05145833333333334 0.11886574074074083
0 0.36895833333333333 0.5642650462962964 0.05145833333333334 0.11886574074074083
0 0.4467447916666666 0.5460648148148148 0.051458333333333425 0.11886574074074083
0 0.48739583333333336 0.5426649305555555 0.05145833333333325 0.11886574074074083
0 0.52125 0.5362702546296296 0.051458333333333425 0.11886574074074083
0 0.21557291666666667 0.5911747685185185 0.05145833333333334 0.11886574074074083
0 0.3202083333333333 0.4267795138888889 0.05145833333333334 0.11886574074074079
0 0.27953125 0.4305700231481481 0.05145833333333334 0.11886574074074079
0 0.24096354166666667 0.4377025462962963 0.05145833333333334 0.11886574074074083
0 0.409375 0.5527199074074074 0.051458333333333425 0.11886574074074083
0 0.39734375 0.4066840277777778 0.05145833333333325 0.11886574074074083
0 0.7921875 0.489380787037037 0.051458333333333425 0.11886574074074083