1 0.75546875 0.569140625 0.031640625 0.130078125
1 0.604296875 0.56875 0.03671875 0.1328125
1 0.528515625 0.569921875 0.034375 0.13203125
1 0.491796875 0.569921875 0.0359375 0.132421875
1 0.454296875 0.5703125 0.034375 0.133203125
1 0.4171875 0.569921875 0.036328125 0.13203125
1 0.37890625 0.56953125 0.036328125 0.13125
1 0.341015625 0.5703125 0.034765625 0.132421875
1 0.303125 0.569921875 0.0359375 0.132421875
1 0.264453125 0.56875 0.03515625 0.132421875
1 0.2265625 0.569140625 0.035546875 0.133203125
1 0.18828125 0.570703125 0.035546875 0.134765625
1 0.151171875 0.571875 0.035546875 0.134765625
1 0.112109375 0.571875 0.037109375 0.134765625
1 0.0734375 0.58046875 0.035546875 0.13984375
1 0.035546875 0.580859375 0.035546875 0.138671875
1 0.1046875 0.4125 0.038671875 0.1328125
1 0.065625 0.4125 0.0375 0.132421875
1 0.027734375 0.412890625 0.0375 0.132421875
0 0.406640625 0.416015625 0.03203125 0.112890625
0 0.253125 0.416796875 0.03203125 0.112890625
0 0.368359375 0.416015625 0.03203125 0.112890625
0 0.327734375 0.412109375 0.03203125 0.112890625
0 0.216015625 0.416796875 0.03203125 0.112890625
0 0.29375 0.412109375 0.03203125 0.112890625
0 0.141796875 0.412890625 0.03203125 0.112890625
0 0.634765625 0.415234375 0.03203125 0.112890625
0 0.675 0.419140625 0.03203125 0.112890625
0 0.713671875 0.419140625 0.03203125 0.112890625
0 0.60078125 0.415625 0.03203125 0.112890625
0 0.523046875 0.419921875 0.03203125 0.112890625
0 0.482421875 0.416015625 0.03203125 0.112890625
0 0.448828125 0.41640625 0.03203125 0.112890625
0 0.75390625 0.416015625 0.03203125 0.112890625
0 0.64375 0.5625 0.03203125 0.112890625
0 0.684375 0.566015625 0.03203125 0.112890625
0 0.72265625 0.566015625 0.03203125 0.112890625
0 0.56015625 0.419921875 0.03203125 0.112890625
0 0.56640625 0.569140625 0.03203125 0.112890625
0 0.178125 0.415234375 0.03203125 0.112890625