1 0.7426562499999999 0.4878877314814815 0.06999999999999992 0.1345428240740741
1 0.597890625 0.4513859953703704 0.075642361111111 0.13853009259259252
1 0.5261545138888889 0.4317592592592593 0.07326388888888893 0.1377141203703704
1 0.4910243055555556 0.42291087962962964 0.074861111111111 0.13851851851851843
1 0.4555381944444445 0.41328703703703706 0.074079861111111 0.13850694444444436
1 0.42001736111111115 0.40444444444444444 0.07560763888888888 0.13774884259259257
1 0.3833246527777778 0.395619212962963 0.07479166666666667 0.13695601851851852
1 0.3470746527777778 0.38561631944444447 0.07404513888888893 0.13772569444444444
1 0.31116319444444446 0.37677951388888886 0.07486111111111109 0.13851851851851854
1 0.27367187499999995 0.3683564814814815 0.07404513888888893 0.13772569444444444
1 0.23779513888888887 0.358738425925926 0.07486111111111118 0.13851851851851843
1 0.20157986111111112 0.34795428240740744 0.07571180555555553 0.14009259259259252
1 0.16651909722222222 0.3375434027777778 0.0757118055555556 0.1400925925925927
1 0.1290798611111111 0.32794849537037035 0.07730902777777776 0.1408969907407407
1 0.09513020833333333 0.3101041666666667 0.07673611111111112 0.1455729166666667
1 0.05886284722222222 0.3004918981481482 0.07666666666666666 0.1440104166666666
1 0.0742795138888889 0.48061342592592593 0.07802083333333334 0.13934606481481496
1 0.03751736111111111 0.47140914351851854 0.07503472222222222 0.13854166666666679
1 0.01939236111111111 0.46130208333333333 0.03878472222222222 0.13833333333333328
0 0.36313368055555556 0.5512847222222221 0.06536458333333339 0.11807870370370388
0 0.21689236111111115 0.5128530092592593 0.06536458333333336 0.1180787037037037
0 0.32686631944444444 0.5416724537037038 0.06536458333333339 0.1180787037037037
0 0.28692708333333333 0.5356278935185185 0.06536458333333339 0.1180787037037037
0 0.1817621527777778 0.5040046296296297 0.06536458333333331 0.1180787037037037
0 0.2544965277777778 0.5275202546296296 0.06536458333333339 0.1180787037037037
0 0.1098003472222222 0.4894560185185185 0.06536458333333331 0.1180787037037037
0 0.5807899305555555 0.6077864583333333 0.06536458333333321 0.1180787037037037
0 0.6203385416666667 0.6138368055555555 0.06536458333333321 0.1180787037037037
0 0.6573871527777777 0.6234375 0.06536458333333321 0.1180787037037037
0 0.5483940972222222 0.5988975694444444 0.06536458333333339 0.1180787037037037
0 0.4756423611111112 0.5757725694444444 0.06536458333333321 0.1180787037037037
0 0.435703125 0.5697280092592593 0.06536458333333321 0.1180787037037037
0 0.40368055555555554 0.5612239583333334 0.06536458333333339 0.1180787037037037
0 0.6946875 0.6361574074074074 0.06536458333333321 0.1180787037037037
0 0.6338802083333334 0.4672482638888889 0.06536458333333339 0.1180787037037037
0 0.6738020833333334 0.47368344907407406 0.06536458333333321 0.1180787037037037
0 0.7100868055555555 0.48290509259259257 0.06536458333333321 0.1180787037037037
0 0.5111458333333333 0.585005787037037 0.06536458333333339 0.1180787037037037
0 0.5620138888888888 0.44176793981481477 0.06536458333333321 0.1180787037037037
0 0.14503472222222222 0.4959606481481481 0.06536458333333335 0.1180787037037037