1 0.7403530092592593 0.4335416666666667 0.05794560185185169 0.09532986111111116
1 0.6006684027777778 0.46046006944444445 0.06279513888888885 0.09866319444444435
1 0.5324189814814815 0.4745746527777778 0.06049189814814824 0.09934027777777779
1 0.4972974537037037 0.4811979166666667 0.06053240740740744 0.10012152777777779
1 0.46299768518518525 0.48863715277777775 0.059670138888888856 0.09852430555555554
1 0.428677662037037 0.49568576388888885 0.06049189814814819 0.09934027777777779
1 0.3939670138888889 0.5027170138888889 0.061273148148148146 0.09937500000000003
1 0.3596875 0.510546875 0.06053240740740744 0.10012152777777779
1 0.32380497685185183 0.5175260416666667 0.06131365740740744 0.10015624999999986
1 0.2887037037037037 0.5245399305555555 0.06131365740740744 0.10015624999999986
1 0.2536226851851852 0.5319444444444444 0.06131365740740744 0.10015625000000003
1 0.2189525462962963 0.5397569444444444 0.06053240740740742 0.10012152777777779
1 0.18422164351851852 0.5463975694444445 0.06057291666666664 0.10090277777777779
1 0.14870949074074075 0.5530034722222222 0.06217592592592593 0.10175347222222228
1 0.11243634259259258 0.5599652777777777 0.062216435185185215 0.10253472222222229
1 0.07622395833333333 0.5680989583333333 0.06217592592592593 0.10175347222222228
0 0.0977488425925926 0.6750607638888889 0.05339120370370369 0.08265624999999996
0 0.1347829861111111 0.6677430555555556 0.053350694444444444 0.08187499999999996
0 0.17027488425925927 0.6607465277777778 0.05248842592592595 0.08027777777777771
0 0.20500578703703703 0.6541059027777777 0.04771990740740739 0.07850694444444457
0 0.24049768518518516 0.647109375 0.05396990740740737 0.07878472222222221
0 0.2759693287037037 0.6397222222222222 0.05092592592592595 0.0802083333333334
0 0.3114409722222222 0.6323350694444445 0.053350694444444444 0.08187499999999996
0 0.34576099537037036 0.6252864583333333 0.05248842592592595 0.08027777777777771
0 0.3816030092592593 0.6175260416666667 0.05483217592592595 0.08038194444444428
0 0.418287037037037 0.6109722222222222 0.04916087962962958 0.0762326388888889
0 0.45299768518518524 0.6039409722222222 0.05310763888888879 0.07718750000000014
0 0.4888396990740741 0.5961805555555555 0.04990162037037038 0.07548611111111114
0 0.5219878472222221 0.5890798611111111 0.053929398148148164 0.07800347222222222
0 0.5562673611111111 0.58125 0.05080439814814817 0.07786458333333339
0 0.5898061342592593 0.5741666666666667 0.05162615740740737 0.07868055555555564
0 0.6256684027777778 0.566796875 0.054050925925925954 0.08034722222222221
0 0.6612008101851852 0.5605815972222222 0.05006365740740737 0.07861111111111115
0 0.695150462962963 0.55390625 0.05080439814814817 0.07786458333333339
0 0.732884837962963 0.5450607638888889 0.054010416666666575 0.07956597222222221
0 0.7687268518518519 0.5373003472222222 0.05318865740740737 0.07874999999999996
0 0.6381134259259259 0.45355034722222226 0.056342592592592666 0.09447916666666671
0 0.672103587962963 0.44765625 0.0561805555555555 0.09135416666666671
0 0.7056221064814816 0.4401822916666667 0.05622106481481488 0.09213541666666666
0 0.5659172453703704 0.4667100694444445 0.05638310185185187 0.09526041666666671