1 0.73671875 0.542578125 0.0328125 0.087890625
1 0.591796875 0.54453125 0.03671875 0.090234375
1 0.5203125 0.54453125 0.034375 0.091015625
1 0.483984375 0.544921875 0.034375 0.091796875
1 0.448046875 0.544921875 0.03359375 0.091015625
1 0.412109375 0.544921875 0.034375 0.09140625
1 0.37578125 0.544921875 0.03515625 0.09140625
1 0.33984375 0.54453125 0.033984375 0.091796875
1 0.302734375 0.544921875 0.03515625 0.0921875
1 0.266015625 0.544921875 0.03515625 0.091796875
1 0.229296875 0.544921875 0.034765625 0.0921875
1 0.19296875 0.54453125 0.033984375 0.0921875
1 0.15703125 0.544921875 0.034375 0.092578125
1 0.119921875 0.545703125 0.03515625 0.093359375
1 0.082421875 0.54609375 0.035546875 0.094140625
1 0.04453125 0.545703125 0.035546875 0.093359375
0 0.034375 0.438671875 0.032421875 0.074609375
0 0.07265625 0.43828125 0.032421875 0.073828125
0 0.109765625 0.437890625 0.031640625 0.07265625
0 0.145703125 0.4375 0.02734375 0.072265625
0 0.1828125 0.437109375 0.033984375 0.0703125
0 0.219921875 0.437109375 0.030078125 0.07265625
0 0.25703125 0.437109375 0.032421875 0.073828125
0 0.292578125 0.437109375 0.031640625 0.072265625
0 0.330078125 0.437109375 0.034375 0.071875
0 0.368359375 0.436328125 0.029296875 0.069140625
0 0.404296875 0.4359375 0.033984375 0.06875
0 0.441796875 0.436328125 0.030078125 0.068359375
0 0.4765625 0.43671875 0.034375 0.06953125
0 0.5125 0.437109375 0.03046875 0.0703125
0 0.54765625 0.4375 0.031640625 0.07109375
0 0.58515625 0.437109375 0.03359375 0.072265625
0 0.621875 0.436328125 0.030078125 0.07109375
0 0.65703125 0.4359375 0.030859375 0.0703125
0 0.696875 0.43671875 0.03359375 0.071484375
0 0.734375 0.437109375 0.03359375 0.0703125
0 0.63046875 0.54375 0.031640625 0.0875
0 0.665625 0.542578125 0.032421875 0.08359375
0 0.70078125 0.54296875 0.03203125 0.084765625
0 0.55546875 0.5453125 0.030859375 0.08828125