1 0.26828993055555556 0.47379340277777776 0.038831018518518515 0.09039930555555564
1 0.4126765046296296 0.46616898148148145 0.04277199074074076 0.09280092592592588
1 0.4841087962962963 0.4637123842592592 0.040439814814814665 0.0935474537037038
1 0.520402199074074 0.46190682870370364 0.040451388888888926 0.0943287037037038
1 0.5563107638888889 0.4604861111111111 0.03965856481481485 0.09353587962962955
1 0.5922193287037036 0.4590653935185186 0.040439814814814845 0.0935474537037038
1 0.6285243055555556 0.458041087962963 0.04122106481481467 0.09355902777777772
1 0.6640480324074074 0.45700520833333336 0.040451388888888926 0.0943287037037038
1 0.7011226851851852 0.4552112268518519 0.04123263888888893 0.09434027777777772
1 0.7378125 0.45380208333333333 0.04123263888888893 0.09434027777777772
1 0.7745023148148148 0.4523929398148148 0.04123263888888893 0.09434027777777772
1 0.8108072916666667 0.4513686342592592 0.040451388888888926 0.0943287037037038
1 0.8467100694444444 0.4495572916666667 0.040462962962963187 0.09510995370370381
1 0.8837789351851851 0.44737268518518525 0.0412557870370371 0.09590277777777775
1 0.9208535879629629 0.4455787037037037 0.042048611111111 0.0966956018518518
1 0.9587210648148148 0.4445775462962963 0.042037037037037095 0.09591435185185179
0 0.976310763888889 0.5510648148148147 0.037071759259259096 0.07709490740740747
0 0.9380700231481482 0.5532320601851852 0.03706018518518519 0.07631365740740748
0 0.9009895833333333 0.5546354166666667 0.036255787037037024 0.07473958333333322
0 0.8650868055555556 0.5564467592592592 0.03233796296296276 0.07390046296296297
0 0.8280121527777776 0.5582407407407407 0.038564814814814954 0.07243055555555564
0 0.7909317129629629 0.5596440972222222 0.03469328703703702 0.07471643518518523
0 0.7542418981481481 0.5610532407407407 0.03706018518518519 0.07631365740740748
0 0.7187239583333334 0.5624797453703703 0.03624421296296294 0.07395833333333321
0 0.6812528935185185 0.5638773148148148 0.03936921296296312 0.07400462962962955
0 0.6430121527777778 0.5660445601851852 0.03385416666666661 0.07079861111111115
0 0.607109375 0.5678559027777779 0.038541666666666786 0.07086805555555564
0 0.569632523148148 0.5688628472222221 0.034623842592592526 0.07002893518518505
0 0.5348900462962962 0.5699103009259259 0.03933449074074069 0.07166087962962955
0 0.4989699074074074 0.5705497685185186 0.03543981481481477 0.07238425925925931
0 0.46422743055555554 0.5715972222222222 0.036232638888888856 0.07317708333333321
0 0.4267621527777778 0.5733854166666668 0.03859953703703702 0.07477430555555564
0 0.3900839120370371 0.5755758101851851 0.034670138888888945 0.07315393518518505
0 0.35496238425925924 0.5773987268518519 0.03543981481481477 0.07238425925925931
0 0.3151359953703704 0.5779803240740741 0.03858796296296294 0.07399305555555565
0 0.27765914351851856 0.5789872685185186 0.038564814814814774 0.07243055555555564
0 0.3744415509259259 0.4687268518518518 0.037256944444444426 0.08959490740740747
0 0.33932581018518515 0.47094039351851846 0.037980324074074014 0.08570023148148138
0 0.30419270833333334 0.47198206018518524 0.037991898148148094 0.08648148148148138
0 0.4489699074074074 0.464363425925926 0.03648726851851851 0.09036458333333322