1 0.61191192890625 0.48786531718750004 0.5648788375 0.38089538515625 0.21163702890625 0.40987208593749996 0.18163560546875 0.5230510445312501 0.61191192890625 0.48786531718750004
1 0.5574356921875 0.38612590390625 0.60117875859375 0.4909666 0.9713876703125001 0.45409349765625 0.871059440625 0.36056180234375 0.5574356921875 0.38612590390625
1 0 0.3748246546875 0.14145113046875 0.36769524609375004 0.19060690546875 0.26898772421875 0.05601424296875 0.26810152109374996 0 0.34250623984375 0 0.3748246546875
1 0.18084131796875 0.2704324109375 0.1318901796875 0.368545921875 0.300239796875 0.3584687375 0.31059924296874997 0.26935622656249997 0.18084131796875 0.2704324109375
1 0.38701380078125 0.1347542484375 0.39465161953125 0.17391495546875 0.4769986640625 0.17071854453125 0.45865612578125 0.1361135421875 0.38701380078125 0.1347542484375
1 0.39875500078125004 0.172780509375 0.39080942265625 0.1325894515625 0.320486934375 0.1308978890625 0.31327523984375 0.17255615703125 0.39875500078125004 0.172780509375
1 0.248702096875 0.13305888203125 0.2295763015625 0.17377142890625 0.31788920234375 0.1714063421875 0.3241405640625 0.1322524375 0.248702096875 0.13305888203125
1 0.2336426453125 0.172621434375 0.2517777234375 0.13135271328125 0.1781544203125 0.13063905468749998 0.14054194296875 0.1739595796875 0.2336426453125 0.172621434375
1 0.14515173359375 0.17374952421875 0.1789695984375 0.133473228125 0.10154875546875 0.1305298921875 0.052233651562500004 0.17335565 0.14515173359375 0.17374952421875
1 0 0.169768278125 0.05423786093750001 0.17509774921875002 0.10621208281250001 0.1328094171875 0.0198708375 0.1327683765625 0 0.14758900703125 0 0.169768278125
1 0.6348254890625 0.2514436515625 0.5267377359375 0.2611832984375 0.57366530859375 0.34155222265625 0.71138290625 0.331850984375 0.6348254890625 0.2514436515625
0 0.74089798671875 0.248250471875 0.632393371875 0.2558373390625 0.7047754265624999 0.33266644453125 0.83438596015625 0.32444606015625 0.74089798671875 0.248250471875
1 0.76401220390625 1 0.9495433726562499 0.99531432265625 0.9510334789062499 0.96657655625 0.8768841039062499 0.8350320218749999 0.55915003828125 0.8886895234375001 0.5842686710937499 1 0.76401220390625 1
0 0.31077005078125 0.2660748578125 0.30187714374999997 0.35230487265625 0.43449199765625 0.34170004062500003 0.42028976562500003 0.2588101421875 0.31077005078125 0.2660748578125
0 0.4255058296875 0.2599760140625 0.443434840625 0.3453985890625 0.5648745 0.33645306796874996 0.52906347578125 0.25024591328125 0.4255058296875 0.2599760140625