1 0.42578125 0.780302778125 0.12665729140624998 0.7344277781249999 0.0024859375 0.97390555546875 0.37275104140625 0.99242407421875 0.42578125 0.780302778125
1 0.770478125 0.83080833359375 0.42388750000000003 0.780302778125 0.37464479140625 0.997475 0.78847083359375 0.99242407421875 0.770478125 0.83080833359375
1 0.785734375 0.29168518515624997 0.41980781250000004 0.28720833359375 0.38346718750000003 0.367165740625 0.8087619789062501 0.383797221875 0.785734375 0.29168518515624997
1 0.10713333359374999 0.27249537031250004 0.027975 0.34925555546875 0.38346718750000003 0.367165740625 0.41872864609375 0.287847221875 0.10713333359374999 0.27249537031250004
1 0.9453609374999999 0.1197861109375 0.81353958359375 0.12227962968749999 0.8593500000000001 0.21950925937500002 0.99724791640625 0.18460648125 0.9453609374999999 0.1197861109375
1 0.81307239609375 0.126315740625 0.68726979140625 0.12714629609375 0.69948177109375 0.22188333359375 0.8616875 0.22354537031250002 0.81307239609375 0.126315740625
0 0.5699979164062501 0.127977778125 0.54843697890625 0.22084444453125 0.698546875 0.22105277812500002 0.6877953125 0.12548425937500002 0.5699979164062501 0.127977778125
1 0.4108890625 0.21741666640625001 0.457459375 0.133690740625 0.3499453125 0.12704259296875 0.277490625 0.21513148124999998 0.4108890625 0.21741666640625001
0 0.40325833359374996 0.0009 0.36347604140625 0.03581203671875 0.43700104140624996 0.0378518515625 0.46372552109375 0.00281944453125 0.40325833359374996 0.0009
0 0.45913645859374996 0.00761851875 0.43835104140625003 0.03641203671875 0.513934375 0.034972221875 0.52905104140625 0.004259259374999999 0.45913645859374996 0.00761851875
0 0.457459375 0.12205648124999999 0.41071406250000003 0.21596203671874997 0.54767708359375 0.2192861109375 0.5691796874999999 0.12538055546875 0.457459375 0.12205648124999999
1 0.5992359375 0.0013796296875000001 0.528275 0.0034796296875 0.51366458359375 0.0354518515625 0.5943770835937501 0.03209259296875 0.5992359375 0.0013796296875000001
0 0.24463541640625 0.12371851874999999 0.15862447890625 0.2143 0.28062916640625 0.21596203671874997 0.3591609375 0.12455000000000001 0.24463541640625 0.12371851874999999