1 0.8249240609375 0.6099988320312499 0.38584485156250004 0.57900321640625 0.4290588234375 0.6937525835937499 0.78342659296875 0.72446591640625 0.8249240609375 0.6099988320312499
1 0.1330676171875 0.6654705265625 0.4328579203125 0.69259941796875 0.39424871328125 0.58446223984375 0.04166063984375 0.5597714140625001 0.1330676171875 0.6654705265625
1 0.67784032109375 0.856602578125 0.80565622265625 0.8734561382812499 0.8662761609375 0.778128834375 0.69326967109375 0.75971971796875 0.67784032109375 0.856602578125
0 0.701514575 0.76039747421875 0.54608199609375 0.74498196328125 0.5624421093749999 0.83831578046875 0.684927246875 0.85563308359375 0.701514575 0.76039747421875
0 0.4092919734375 0.731355878125 0.45436302343749996 0.8286093921875001 0.5675997265625 0.8390060039062501 0.5536504140625 0.74481072890625 0.4092919734375 0.731355878125
0 0.45525349921874997 0.9539354437500001 0.5262670554687501 0.96319460390625 0.50702235703125 0.9209765445312501 0.42757943671875004 0.91274098125 0.45525349921874997 0.9539354437500001
1 0.3615632515625 0.8265088867187499 0.46192016562499993 0.8275575875 0.415624896875 0.73370962734375 0.28466539218750003 0.7213376015625 0.3615632515625 0.8265088867187499
1 0.5917211578125 0.9712413476562499 0.5862455546875001 0.9330774796875 0.50315138359375 0.92026911015625 0.51992163125 0.9588279468750001 0.5917211578125 0.9712413476562499
1 0.58800788125 0.97160416015625 0.6617317796875 0.9847151609375 0.67024147734375 0.947155040625 0.58190633203125 0.9326964898437501 0.58800788125 0.97160416015625
1 0.6569166796875 0.9843814 0.73435391328125 0.99712866953125 0.75549373828125 0.9624991984375001 0.66488921796875 0.9469092859374999 0.6569166796875 0.9843814
1 0.8195101375 1 0.8456702890625 0.97577932421875 0.75136480078125 0.9609822929687499 0.72733150859375 0.99845654609375 0.73708549765625 1 0.8195101375 1
1 0.92216729921875 1 0.93925931328125 0.9891034328125 0.84192188359375 0.97523234609375 0.8147436125 1 0.92216729921875 1
1 0.8576601171875 0.774570446875 0.8035049390625 0.870185971875 0.9382682179687499 0.8903701070312501 0.98724338359375 0.839895184375 0.8576601171875 0.774570446875
1 0.46293399687500003 0.19137093515625 0.43442660703125 0.028961773437499998 0.061801800781250006 0.0041201203125 0.15006867890625 0.19946163046875 0.46293399687500003 0.19137093515625
1 0.80983291484375 0.17662344375 0.8265357695312501 0.0776204328125 0.5041867 0.033612446875 0.4190444234375 0.02793629453125 0.44484252343749997 0.1808247046875 0.80983291484375 0.17662344375