1 0.7898041664062501 0.34727407421875 0.43585729140625 0.32963333359375 0.38576822890625 0.438327778125 0.82388541640625 0.46723518515625007 0.7898041664062501 0.34727407421875
1 0.04265416640625 0.41061018515625003 0.39445729140624997 0.434022221875 0.439559375 0.33130277812500003 0.14005364609374998 0.31752314843749996 0.04265416640625 0.41061018515625003
1 0.7024416664062499 0.2997796296875 0.87545572890625 0.30498240703125 0.8211838539062499 0.2015268515625 0.693159375 0.20093148125 0.7024416664062499 0.2997796296875
0 0.7001390625 0.20286574062499999 0.57738125 0.20346018515625 0.55530520859375 0.29443055546874997 0.71067447890625 0.3002268515625 0.7001390625 0.20286574062499999
0 0.56281302109375 0.29563333359375 0.58254791640625 0.20347407421875002 0.469409375 0.19841851875 0.4185671875 0.2893888890625 0.56281302109375 0.29563333359375
0 0.44805208359375 0.11075555546875 0.5274848960937499 0.11336203671875 0.54923697890625 0.073827778125 0.4781140625 0.07339259296875 0.44805208359375 0.11075555546875
1 0.2941375 0.282402778125 0.42500520859375 0.2879018515625 0.47685104140625 0.20049907421875002 0.377090625 0.18786481484375 0.2941375 0.282402778125
1 0.5426609375 0.0773231484375 0.5235953125 0.113540740625 0.606940625 0.11207870390625001 0.61476145859375 0.074715740625 0.5426609375 0.0773231484375
1 0.60260625 0.11186759296875 0.6912609375 0.10947222187500001 0.68515104140625 0.07080555546875 0.6110953125 0.07384722187500001 0.60260625 0.11186759296875
1 0.6859286460937499 0.10898796328125 0.77690833359375 0.10577222187499999 0.75806875 0.06831018515625001 0.680346875 0.07048240703125 0.6859286460937499 0.10898796328125
1 0.77271197890625 0.10672407421875 0.8673187499999999 0.1048046296875 0.8315859375000001 0.0642888890625 0.7511755210937501 0.0660268515625 0.77271197890625 0.10672407421875
1 0.8259041664062501 0.06276851875 0.8635609375 0.10483981484375 0.9611218750000001 0.10425833359375 0.9104692710937501 0.063202778125 0.8259041664062501 0.06276851875
1 0.99947916640625 0.2597953703125 0.9539765625 0.20271574062500003 0.81884270859375 0.20449907421875002 0.86667447890625 0.30736111093749996 0.99947916640625 0.2597953703125
1 0.12786458359375 0.78518518515625 0.01115208359375 0.9990740742187499 0.39858489609375003 0.9988314812500001 0.43816145859375 0.83591666640625 0.12786458359375 0.78518518515625
1 0.41953125 0.8439814812499999 0.38296302109374997 0.9990740742187499 0.7922671875 0.9990740742187499 0.78185208359375 0.89793518515625 0.41953125 0.8439814812499999