1 0.9224786578125 1 0.8642619125 0.8250704828125001 0.56111027890625 0.80103773984375 0.57995956875 1 0.9224786578125 1
1 0.5774334875 1 0.56298597734375 0.8014726359375001 0.21212577656249998 0.77104722578125 0.17007071093749998 0.9242525726562499 0.48012163515625 1 0.5774334875 1
1 0.2412349828125 0.32707786484375 0.6649698359375 0.40855489062499994 0.64096500390625 0.32236860546875 0.27785505312500003 0.24269252890624998 0.2412349828125 0.32707786484375
1 1 0.44531414218750004 0.95286533125 0.37985029765625 0.64193808359375 0.323238409375 0.6649698359375 0.40855489062499994 1 0.46918142734375 1 0.44531414218750004
1 0.08441376874999999 0.08987475703125 0.21576370234375003 0.15552158828125 0.27571679609375 0.07138616953125 0.14552582109375 0.038686110156249995 0.08441376874999999 0.08987475703125
1 0.21284327812499998 0.15891405 0.37375212812499997 0.19454628203125 0.40005327812499997 0.10512164609375 0.2755743265625 0.0754227234375 0.21284327812499998 0.15891405
0 0.399781984375 0.10338292265625 0.37480265234375 0.19395241015625 0.523512984375 0.22822207578125 0.5160826734375 0.13286240390624998 0.399781984375 0.10338292265625
1 0.7927334015625 0.2848827203125 0.7341780289062501 0.1824866828125 0.62669188671875 0.16426841484375002 0.6602638203125 0.2564726859375 0.7927334015625 0.2848827203125
0 0.6401092765625 0.03542261953125 0.66132600859375 0.07566485703125 0.7344560546875 0.0905639328125 0.700287925 0.047440175 0.6401092765625 0.03542261953125
0 0.5751905234375 0.0218224234375 0.5855577734375 0.05519384921875 0.66020477265625 0.0739531328125 0.6439349890625 0.0411485203125 0.5751905234375 0.0218224234375
0 0.51728255 0.13052184140625 0.5244993046875 0.22687950390624997 0.66065527109375 0.25509675234375 0.62843641328125 0.15294214453125 0.51728255 0.13052184140625
1 0.585753075 0.055722739062500005 0.576076071875 0.02124165 0.5408946257812499 0.012019880468749999 0.50616216640625 0.0112480484375 0.5063136148437499 0.0339169203125 0.585753075 0.055722739062500005
0 0.72542400234375 0.17794372265625 0.7895002359375 0.284970528125 0.91059122890625 0.31137065937499997 0.838982578125 0.20343484453125 0.72542400234375 0.17794372265625