1 0.7920479164062499 0.50313703671875 0.76202447890625 0.39083981484375 0.40924635390624997 0.37249351875 0.36233645859374997 0.4809 0.7920479164062499 0.50313703671875
1 0.10347031250000001 0.361375 0.0033302085937500004 0.4579453703125 0.37305677109375 0.48367870390625 0.41668229140625 0.37750092578125 0.10347031250000001 0.361375
1 0.9986109375 0.3499268515625 0.91735729140625 0.24435648125 0.7829479164062499 0.2492953703125 0.83209166640625 0.34654166640625 0.9986109375 0.3499268515625
1 0.66311875 0.2532768515625 0.6735135414062501 0.34209444453125004 0.84164010390625 0.3471046296875 0.79270104140625 0.25044629609375 0.66311875 0.2532768515625
1 0.5151890625 0.12446666640625 0.496890625 0.15963055546875 0.57912760390625 0.1603481484375 0.58673333359375 0.12095 0.5151890625 0.12446666640625
1 0.66039270859375 0.1565388890625 0.65316770859375 0.11508981484375 0.58294166640625 0.11889907421874998 0.57502916640625 0.15933703671875 0.66039270859375 0.1565388890625
1 0.6495197914062499 0.11655462968750001 0.655784375 0.15552777812500002 0.7439786460937501 0.155234259375 0.72485625 0.11508981484375 0.6495197914062499 0.11655462968750001
1 0.8328921875 0.15274166640625 0.79530677109375 0.1105453703125 0.72178385390625 0.11347592578125001 0.7399171875 0.15420648125 0.8328921875 0.15274166640625
1 0.92108020859375 0.14947870390625 0.87180833359375 0.10812962968749999 0.79449427109375 0.11340462968750001 0.82828854140625 0.1526703703125 0.92108020859375 0.14947870390625
1 0.99947916640625 0.14094444453125 0.9533765624999999 0.107909259375 0.86715260390625 0.11055 0.9190796875 0.15128148125000002 0.99947916640625 0.14094444453125
1 0.2629140625 0.32785092578124997 0.40045000000000003 0.33340740703125 0.44726927109375003 0.25161018515625 0.33932291640625 0.2451231484375 0.2629140625 0.32785092578124997
0 0.14007395859375 0.3241481484375 0.26951302109375 0.32846759296875 0.34175416640625 0.24944444453124998 0.23339270859375 0.2451231484375 0.14007395859375 0.3241481484375
1 0.41524895859375005 0.88021203671875 0.09791666640624999 0.8361111109375001 0.00802760390625 0.99869629609375 0.38921145859375 0.9968453703125 0.41524895859375005 0.88021203671875
0 0.55357135390625 0.24603148125000002 0.539434375 0.32936481484375 0.671875 0.33597870390625 0.66294635390625 0.25 0.55357135390625 0.24603148125000002
0 0.444940625 0.240740740625 0.40922604140625 0.32804259296875 0.53050572890625 0.33333333359375 0.54836302109375 0.2473546296875 0.444940625 0.240740740625