1 0.6019763593749999 0.60006322421875 0.62718502109375 0.49238110234375 0.201571675 0.55486516015625 0.25321990859375 0.65962196484375 0.6019763593749999 0.60006322421875
1 0.61643604609375 0.490141784375 0.59407470234375 0.59792057890625 0.9039725750000001 0.54820148828125 0.9875509320312499 0.43289375546875003 0.61643604609375 0.490141784375
1 0.25827132656249996 0.8023005445312499 0.19229794609375 0.7181713960937499 0.02849118671875 0.7502795460937499 0.13037356171875 0.8329309968749999 0.25827132656249996 0.8023005445312499
1 0.186307040625 0.71954271875 0.25565606406249997 0.8072511718750001 0.3805157734375 0.7790325960937501 0.34904507812499996 0.68725176328125 0.186307040625 0.71954271875
0 0.34160988671875 0.68940201328125 0.37226366875 0.78139222734375 0.488818009375 0.7583061757812499 0.49227497890625005 0.6613665265625001 0.34160988671875 0.68940201328125
0 0.48368325390625 0.7599072398437501 0.59767225390625 0.73326470546875 0.62823368984375 0.6401852953125 0.48623098203125004 0.6635158421875 0.48368325390625 0.7599072398437501
0 0.7958925140625001 0.6962926328125 0.8776503132812501 0.5950654875 0.750081025 0.61653584375 0.69031292421875 0.7145557703125001 0.7958925140625001 0.6962926328125
1 0.75633195546875 0.6163697835937499 0.622408390625 0.63953222890625 0.5906554734375 0.7285817078125 0.69598873125 0.71513539453125 0.75633195546875 0.6163697835937499
0 0.63564899609375 0.81047963515625 0.6135884796875 0.848276590625 0.6818612093749999 0.8325950421874999 0.706916190625 0.79876653671875 0.63564899609375 0.81047963515625
0 0.61014563671875 0.8564956296874999 0.63470057109375 0.81237467265625 0.555440825 0.82898772109375 0.545184540625 0.87095610390625 0.61014563671875 0.8564956296874999
1 0.5484918734375 0.8693890453125 0.56060653203125 0.8288364578125 0.48075598046875 0.84683223203125 0.48106859453124995 0.8845304023437499 0.5484918734375 0.8693890453125
1 0.48459168906250005 0.88737149296875 0.48440921015624994 0.8478017328125 0.4008340640625 0.8679189398437501 0.41419534375 0.9048058015624999 0.48459168906250005 0.88737149296875
1 0.41871071796875 0.90196289296875 0.40551221562500006 0.86595098359375 0.318458009375 0.8858386671874999 0.34553592578125 0.92199526015625 0.41871071796875 0.90196289296875
1 0.2775167265625 0.9408415515625 0.34936766015625 0.92007990390625 0.32249988281249997 0.88617811328125 0.23488412578125 0.9075836171875 0.2775167265625 0.9408415515625
1 0.2803351921875 0.9381227390625 0.23669661562500002 0.9062303851562501 0.14697260546875 0.9286732101562499 0.20123351718750002 0.9572124351562501 0.2803351921875 0.9381227390625
1 0.12445946171875 0.9747303640625 0.2062952078125 0.95501267890625 0.149392446875 0.9257065484375 0.0711494 0.9547321578125001 0.12445946171875 0.9747303640625
1 0.49905755625000003 0 0.4973841171875 0.10663267890624999 0.8145331945312501 0.08642554296875 0.842282796875 0 0.49905755625000003 0
1 0.4501237984375 0 0.13368408984375 0.07589849062500001 0.15267524765625 0.13128577265625002 0.51528203984375 0.105882715625 0.51710350703125 0 0.4501237984375 0