1 0.79110729140625 0.51089907421875 0.7620796875 0.39668518515625 0.41015364609375 0.37656203671875 0.36369947890625 0.4763518515625 0.79110729140625 0.51089907421875
1 0.10535416640624999 0.35941944453125 0.00047604140625 0.45354722187499996 0.37371770859375003 0.48096296328125004 0.4174171875 0.38043796328125 0.10535416640624999 0.35941944453125
1 0.99947916640625 0.35845092578125 0.9170109375 0.2545861109375 0.7861640624999999 0.2558138890625 0.83334322890625 0.3530481484375 0.99947916640625 0.35845092578125
1 0.66232239609375 0.25110277812500004 0.67432760390625 0.34806944453125 0.839459375 0.353052778125 0.78971875 0.25155370390625 0.66232239609375 0.25110277812500004
0 0.55258229140625 0.2470388890625 0.5295062500000001 0.34120092578125 0.682009375 0.3476361109375 0.6708427085937501 0.2506481484375 0.55258229140625 0.2470388890625
0 0.39272604140625 0.3313611109375 0.53583229140625 0.34045555546875 0.5579109375 0.24662592578125003 0.44142708359375 0.2470768515625 0.39272604140625 0.3313611109375
0 0.26919375 0.32711296328125 0.34735729140625 0.24456018515625 0.24077083359375 0.23869629609374998 0.14052916640625 0.31944351875 0.26919375 0.32711296328125
1 0.44731197890625 0.25324166640625 0.34194479140625 0.242715740625 0.26306927109375 0.32586944453125 0.39826927109375 0.3333111109375 0.44731197890625 0.25324166640625
0 0.37958958359375 0.13085740703124998 0.34829947890625 0.1583518515625 0.42012135390624994 0.16291203671875001 0.44930052109374996 0.13085740703124998 0.37958958359375 0.13085740703124998
0 0.50203645859375 0.16282870390624998 0.52056197890625 0.12403333359374999 0.45432604140625 0.12358240703125001 0.42143072890625 0.16126944453125 0.50203645859375 0.16282870390624998
1 0.57843489609375 0.162152778125 0.58579427109375 0.12516203671874998 0.51702083359375 0.12482407421875 0.49697239609375005 0.16181481484375 0.57843489609375 0.162152778125
1 0.6605953125 0.1594796296875 0.65507552109375 0.1203481484375 0.5829390625 0.12158703671875 0.57507239609375 0.16038148125 0.6605953125 0.1594796296875
1 0.744503125 0.16046018515625 0.72546979140625 0.11895833359375 0.6500979164062499 0.12211666640625 0.65563697890625 0.1603546296875 0.744503125 0.16046018515625
1 0.74063385390625 0.15921851874999998 0.83035572890625 0.1579638890625 0.79557708359375 0.1158018515625 0.7213468749999999 0.119972221875 0.74063385390625 0.15921851874999998
1 0.9203015625000001 0.15708518515625 0.8732333335937501 0.11692870390625001 0.7922781249999999 0.11783055546875001 0.82831458359375 0.15888148124999998 0.9203015625000001 0.15708518515625
1 0.9173406249999999 0.15944629609375 0.99947916640625 0.1486203703125 0.9516010414062499 0.11704259296875 0.86785416640625 0.11794444453125 0.9173406249999999 0.15944629609375
1 0.4117515625 0.883340740625 0.09862291640625001 0.83178796328125 0.00343958359375 0.9990740742187499 0.38582708359375 0.9990740742187499 0.4117515625 0.883340740625
1 0.75988177109375 0.99525555546875 0.7526375 0.9367388890624999 0.39415989609375 0.8800490742187501 0.367309375 0.9990740742187499 0.75988177109375 0.99525555546875