1 0.3647198734375 0.52649713046875 0.39692953515624996 0.64270061875 0.749056865625 0.699696628125 0.79362408515625 0.59603073046875 0.3647198734375 0.52649713046875
1 0.40496093828125 0.63937389765625 0.375713246875 0.5260524640625001 0.00581105625 0.472693459375 0.09234821640625 0.5886108625 0.40496093828125 0.63937389765625
1 0.81267422734375 0.75799811484375 0.75113734296875 0.84285115390625 0.88372608671875 0.8762565882812501 0.97819090625 0.7900704953125001 0.81267422734375 0.75799811484375
1 0.760957340625 0.8437960890625 0.82221380390625 0.75947572734375 0.6548895828125 0.7286541882812501 0.632875721875 0.8134826171875 0.760957340625 0.8437960890625
1 0.5397092578125 0.926923590625 0.5373638703125 0.88669860546875 0.45574783046875 0.86992429609375 0.4692511234375 0.90827236328125 0.5397092578125 0.926923590625
1 0.53316778984375 0.8868184273437499 0.5356801921875001 0.9281275851562499 0.6047929921875 0.9467853828124999 0.61741968125 0.90770249453125 0.53316778984375 0.8868184273437499
1 0.6758577703124999 0.9620210828125 0.7001063359375 0.92674518671875 0.6127181421875 0.90771395 0.60136993359375 0.94457464609375 0.6758577703124999 0.9620210828125
1 0.69594471640625 0.92688920078125 0.6725993359375 0.9629496632812501 0.7450961703125001 0.98144703984375 0.78791762109375 0.948084290625 0.69594471640625 0.92688920078125
1 0.8207454343749999 1 0.87490813515625 0.9700241335937501 0.78334463203125 0.9471757625 0.7446676984375 0.9784724062500001 0.82035708203125 1 0.8207454343749999 1
1 0.940522178125 1 0.9514998039062499 0.995049196875 0.8731626945312501 0.967832321875 0.8163174812499999 0.99671163125 0.8297028687499999 1 0.940522178125 1
1 0.31082227578125 0.752657784375 0.41868462421875 0.76924219296875 0.3830566921875 0.6791339468750001 0.24598490312500002 0.65534906796875 0.31082227578125 0.752657784375
0 0.20581376875 0.7301448296874999 0.31380208125000003 0.7489397953125 0.25260774453125 0.65614721171875 0.12372546796874999 0.6328708859375001 0.20581376875 0.7301448296874999
1 0.46981639453125 0.14643302421874999 0.460032846875 0.034076507031249995 0.1060615046875 0.0078564078125 0.1494310484375 0.12220866562499999 0.46981639453125 0.14643302421874999
0 0.6322728125 0.8166571585937501 0.65245901171875 0.73429913046875 0.5202987945312499 0.7126333554687501 0.5233262859375001 0.79730108125 0.6322728125 0.8166571585937501
0 0.51833771171875 0.7948975421875 0.51197103828125 0.70684679765625 0.3910490875 0.686256384375 0.41494323515625 0.77939890390625 0.51833771171875 0.7948975421875