1 1 0.66357393359375 0.94256399140625 0.603108715625 0.6677522359375 0.73032420546875 0.77767182890625 0.9195090625000001 1 0.8430234109375 1 0.66357393359375
1 0.669572765625 0.72979801015625 0.35041625078125 0.8746540484375 0.36987399296875 0.98767270546875 0.57754808359375 0.97998107265625 0.77725474375 0.9248908921875 0.669572765625 0.72979801015625
1 0.18940665703124998 0.4555638328125 0.5936365015625 0.32140350703125 0.53648409609375 0.25463516249999996 0.1859497765625 0.36061482578125 0.18940665703124998 0.4555638328125
1 0.5376990578124999 0.2549494921875 0.5936365015625 0.32140350703125 0.9304073148437499 0.20540918359375002 0.8329810953125 0.15361171875 0.5376990578124999 0.2549494921875
1 0.11214881796875001 0.20548514609375 0.00864046640625 0.23329260234375 0.01164737265625 0.31447905234375 0.09512573671874999 0.31168428203125 0.11214881796875001 0.20548514609375
1 0.094000084375 0.31621383359375 0.2494724234375 0.26954577421875003 0.23488871718749998 0.1750784765625 0.1137194109375 0.20923539062500002 0.094000084375 0.31621383359375
0 0.23392170390625 0.173626721875 0.2501403953125 0.2684875625 0.39438850312499996 0.22657793203124998 0.3478573875 0.143292790625 0.23392170390625 0.173626721875
1 0.653271496875 0.14580103515625 0.55914195234375 0.08125021640624999 0.45763209609375 0.11751504374999999 0.52566578203125 0.18506379140625 0.653271496875 0.14580103515625
0 0.42409004609374995 0 0.4506697453125 0.019697175 0.512351034375 0 0.42409004609374995 0
0 0.40745619375000003 0 0.3528448015625 0.012980317968749999 0.37591085859375 0.0383054859375 0.44897187734375 0.0186881390625 0.42509873515625 0 0.40745619375000003 0
0 0.34792231796875 0.14056863515625 0.39468602109375 0.22486870703125 0.5254298335937501 0.183616778125 0.454399415625 0.10633061484374999 0.34792231796875 0.14056863515625
1 0.29777828359375 0.057888908593749996 0.37630348828125004 0.038691607031250005 0.3533742109375 0.01201520234375 0.28457342812499997 0.0297135171875 0.29777828359375 0.057888908593749996
0 0.5495900546875 0.08141463984375 0.65048508203125 0.14747154921875 0.76731072734375 0.11197370078124999 0.65945648671875 0.0487933859375 0.5495900546875 0.08141463984375