1 0.8306046132812501 0.50139783125 0.39194693828125 0.53775321875 0.43984731171874997 0.64573059765625 0.794116040625 0.62207962734375 0.8306046132812501 0.50139783125
1 0.143827584375 0.6628605453125 0.4435825984375 0.64399650703125 0.4005486859375 0.54191691796875 0.048307542187500004 0.57130983828125 0.143827584375 0.6628605453125
1 0.69453958828125 0.7702331984375 0.8225642343749999 0.7674708406249999 0.8789099140625 0.66297277265625 0.70580725078125 0.6711093265625 0.69453958828125 0.7702331984375
0 0.714048290625 0.6705222617187501 0.5585768671875 0.678954484375 0.57882294296875 0.7696605140624999 0.7015575000000001 0.7681785156250001 0.714048290625 0.6705222617187501
0 0.42175014062500005 0.68631591484375 0.4707597109375 0.7765352 0.5839894125 0.769559184375 0.56610815703125 0.67762322421875 0.42175014062500005 0.68631591484375
0 0.47695136250000003 0.9015639203125 0.54807646953125 0.89992475859375 0.5271207812500001 0.86071110390625 0.4476429140625 0.864664778125 0.47695136250000003 0.9015639203125
1 0.37823740546875 0.78866367734375 0.4782424984375 0.774326228125 0.42815768828125 0.68769580078125 0.2971915421875 0.6954158578125 0.37823740546875 0.78866367734375
1 0.6136127539062499 0.89792700546875 0.6065434023437499 0.860651525 0.5232351468750001 0.8605980000000001 0.5415712687500001 0.8965364640625 0.6136127539062499 0.89792700546875
1 0.60992949453125 0.89885860078125 0.68391728046875 0.90065083828125 0.69080357109375 0.8618343718749999 0.602205184375 0.8609362304687499 0.60992949453125 0.89885860078125
1 0.6791070640625 0.901055665625 0.7567781296875 0.90191538125 0.77636872890625 0.8640895937499999 0.6854620406249999 0.8624094375 0.6791070640625 0.901055665625
1 0.74983965546875 0.90431809453125 0.8302077406249999 0.90469753671875 0.86675137109375 0.8635285335937499 0.7721918859375 0.8632076039062501 0.74983965546875 0.90431809453125
1 0.90906198125 0.9044501851562501 0.96053487578125 0.8624882640625 0.8629946125 0.8635568906250001 0.82449594296875 0.906315871875 0.90906198125 0.9044501851562501
1 1 0.7054223187499999 0.8701772703125 0.66073979921875 0.82028302734375 0.76453466484375 0.95536859609375 0.7640335703125001 1 0.7086161382812499 1 0.7054223187499999
1 0.037812511718750004 0 0.1410367078125 0.19484336093750002 0.452324375 0.13880051875 0.42130771171875 0 0.037812511718750004 0
1 0.4055175109375 0 0.43385793515625004 0.131041259375 0.7972295125 0.07089204140625 0.8059280624999999 0 0.4055175109375 0