1 0.35672319375 0.48982072812500005 0.24340952656249998 0.71990232578125 0.5176480703124999 0.78306975234375 0.5273485476562499 0.529540590625 0.35672319375 0.48982072812500005
1 0 0.6626657046875 0.24536700625000002 0.72019799453125 0.357859290625 0.49244033671875 0.1826201234375 0.454143309375 0 0.6307031671875001 0 0.6626657046875
0 0.51454052890625 0.7808917875 0.79607859609375 0.8507946992187501 0.70295996484375 0.565688425 0.52523344765625 0.52980261875 0.51454052890625 0.7808917875
1 0.9243896656249999 0.344211946875 0.971971696875 0.37202287265625 0.99206459140625 0.37190818984375 0.9922388953124999 0.36406453203125 0.9803978109375 0.35737669765625 0.9243896656249999 0.344211946875
1 0.8630202476562501 0.3883459734375 0.92062795234375 0.43713713828125 0.9904548328124999 0.44434734921874997 0.99054145078125 0.44044954687500004 0.9411919125000001 0.4058003484375 0.8630202476562501 0.3883459734375
1 0.77748845 0.370123190625 0.8194773140624999 0.41365879375 0.92530979296875 0.43868462968750005 0.86323973515625 0.389518040625 0.77748845 0.370123190625
1 0.69423060390625 0.3533957859375 0.7233382414062499 0.3932122078125 0.8201625039062501 0.41376163203124994 0.77713569765625 0.37061710234375 0.69423060390625 0.3533957859375
1 0.7230974046875 0.39252051093749996 0.69378829296875 0.35356564218750003 0.61166215546875 0.3335008734375 0.6244422562499999 0.36986995 0.7230974046875 0.39252051093749996
1 0.5303505671875001 0.3512364765625 0.62377540234375 0.37017702265625 0.61176673359375 0.33313523515625 0.531026340625 0.31504306328125 0.5303505671875001 0.3512364765625
1 0.4492765890625 0.29856433125000004 0.43628670078125 0.32632421171875003 0.53027592421875 0.35091488359375 0.53102570078125 0.316378884375 0.4492765890625 0.29856433125000004
1 0.36802796328125 0.277847971875 0.339362521875 0.303252075 0.43642698515625 0.32664414921875 0.449495678125 0.2990917046875 0.36802796328125 0.277847971875
1 0.28426714609375 0.25702315859375 0.24378574453125 0.27835427890625 0.3411434640625 0.3031812359375 0.36753950546874997 0.27859999375 0.28426714609375 0.25702315859375
1 0.42377491328124994 0.2286446171875 0.40496062421875 0.24790581875 0.47121405859375 0.25735104999999997 0.4775673953125 0.24039356015625 0.42377491328124994 0.2286446171875
1 0.36568369453125 0.2153883828125 0.34643609140625 0.22887408828125003 0.40509186171874995 0.24825091328124999 0.42287571171874994 0.229155178125 0.36568369453125 0.2153883828125
1 0.5315015546875 0.27095537734374997 0.5320068250000001 0.25162098984375 0.47654610937499997 0.24142912968750002 0.47065999999999997 0.25755137421874996 0.5315015546875 0.27095537734374997
1 0.59267614609375 0.28515089374999997 0.5861950234375 0.26381014296875 0.5316184054687499 0.251200159375 0.53136086640625 0.27055807734375004 0.59267614609375 0.28515089374999997
1 0.65420829921875 0.2965920453125 0.63770016953125 0.27494826875 0.5863335046875 0.26525244921875 0.59223345859375 0.28431833125 0.65420829921875 0.2965920453125
0 0.71606894453125 0.31009119375 0.6923094773437499 0.2870986078125 0.638496190625 0.27604435390625 0.6543351546875 0.29631439609375 0.71606894453125 0.31009119375
0 0.7818932375000001 0.327690340625 0.747439715625 0.2999460640625 0.69356182421875 0.28759215546875 0.71560847734375 0.310898253125 0.7818932375000001 0.327690340625
1 0.30932437578125 0.20142560390625 0.28459844296875 0.21114699296875 0.34541011171874997 0.2306292875 0.3649549890625 0.21690203281249998 0.30932437578125 0.20142560390625
1 0.33859118828125 0.36992816875 0.36000815234375 0.339416625 0.12034270859375 0.283031209375 0.0701771 0.30567719609375 0.33859118828125 0.36992816875