1 0.3864748890625 0.54010394296875 0.43565086875 0.64300736015625 0.7872532578125 0.64729268046875 0.81321686328125 0.53521105078125 0.3864748890625 0.54010394296875
1 0.4428143453125 0.63963886796875 0.39637493125 0.53619193203125 0.023898371093750002 0.53771334609375 0.023909696875 0.537968171875 0.1311239875 0.63901033359375 0.4428143453125 0.63963886796875
1 1 0.7009862874999999 0.8597387781249999 0.6958218859375 0.8151540953125 0.78968400078125 0.94611566640625 0.79997769296875 1 0.73370768671875 1 0.7009862874999999
1 0.8188259609375 0.79418600859375 0.8658586125 0.69624108828125 0.70075838125 0.689776121875 0.69136236171875 0.78580835390625 0.8188259609375 0.79418600859375
0 0.69990025390625 0.7868529296875 0.708456634375 0.6907413164062499 0.55603210078125 0.6866017867187499 0.58166351484375 0.78226335625 0.69990025390625 0.7868529296875
0 0.47043799296875 0.7745227828125001 0.58700662578125 0.7830451390625 0.56238219921875 0.68778473984375 0.419432159375 0.68695282734375 0.47043799296875 0.7745227828125001
0 0.167399675 0.68138149453125 0.2698828140625 0.7689897304687501 0.37637747421875 0.77051809375 0.2959375 0.6826361453125 0.167399675 0.68138149453125
1 0.42492622343750003 0.68538901484375 0.28984276015625 0.68345394609375 0.3710113734375 0.771985521875 0.47616019765625 0.7687722875 0.42492622343750003 0.68538901484375
0 0.4814525515625 0.89116495546875 0.4513901921875 0.85712220546875 0.3796466046875 0.856700575 0.41169815937500004 0.88633424140625 0.4814525515625 0.89116495546875
0 0.452744709375 0.8588537953125 0.486677521875 0.8987805140624999 0.55294258046875 0.9029199742187499 0.5333586078125 0.8628818687500001 0.452744709375 0.8588537953125
1 0.52831874921875 0.8635437648437501 0.5493778890625001 0.90188468046875 0.61818507734375 0.9063128242187499 0.6098229093749999 0.86885121328125 0.52831874921875 0.8635437648437501
1 0.6065061125 0.87038762890625 0.6154245609375 0.9096861898437499 0.6876394179687499 0.9159225617187501 0.6921066765624999 0.87721495390625 0.6065061125 0.87038762890625
1 0.6871216398437501 0.8759972843750001 0.68261098671875 0.91381098359375 0.7581150734375 0.92218897421875 0.77604033359375 0.8820499414062499 0.6871216398437501 0.8759972843750001
1 0.75396222734375 0.9208904546875001 0.82835124609375 0.93020029921875 0.8620138171875 0.8904928710937501 0.7722021570312501 0.88302216875 0.75396222734375 0.9208904546875001
1 0.85994663828125 0.88943480546875 0.8249954859375 0.927945134375 0.90602549609375 0.934455934375 0.95203943203125 0.89760356484375 0.85994663828125 0.88943480546875
1 1 0.90524336640625 0.9490129328125001 0.89503976796875 0.90061556484375 0.9330685101562499 0.98443898125 0.9397727617187501 1 0.9304384289062501 1 0.90524336640625
1 0.42357422187499993 0.13687517421875 0.3947583359375 0.020468950781250002 0.01641074453125 0.00085092734375 0.11164154921875 0.166674771875 0.42357422187499993 0.13687517421875
1 0.7632316890624999 0.1071556359375 0.76890138828125 0.0492028375 0.424366146875 0.022004170312499998 0.37631200625 0.01951247421875 0.406060415625 0.13894432265625 0.7632316890624999 0.1071556359375