1 0.3666296875 0.49598518515625 0.27906875000000003 0.73621481484375 0.55872135390625 0.7710592593750001 0.54066927109375 0.51808055546875 0.3666296875 0.49598518515625
1 0.28104791640625 0.736309259375 0.36804583359375 0.49847314843749996 0.18957291640625 0.47826203671874995 0.0035817710937499996 0.700634259375 0.28104791640625 0.736309259375
0 0.55539270859375 0.7692111109375 0.8430411460937499 0.81000648125 0.7192776039062501 0.53611759296875 0.53859427109375 0.51855648125 0.55539270859375 0.7692111109375
1 0.9153083335937501 0.29342592578125004 0.96567083359375 0.3162203703125 0.99947916640625 0.31256203671875 0.97245104140625 0.3008046296875 0.9153083335937501 0.29342592578125004
1 0.92171979140625 0.3861703703125 0.9986046875 0.386227778125 0.9387484374999999 0.35292870390625 0.8590937500000001 0.34354444453125 0.92171979140625 0.3861703703125
1 0.77203489609375 0.33414629609375 0.8185526039062501 0.37313981484375003 0.9265453125 0.38723148125 0.85944010390625 0.34468703671875 0.77203489609375 0.33414629609375
1 0.68740104140625 0.326002778125 0.72070104140625 0.36261203671875003 0.8192453125 0.373172221875 0.77173802109375 0.33467314843749996 0.68740104140625 0.326002778125
1 0.7203859375 0.36194907421875 0.6869796874999999 0.32621666640625 0.60310677109375 0.31464074062499997 0.61979114609375 0.34948703671875003 0.7203859375 0.36194907421875
1 0.52417395859375 0.340552778125 0.6191614585937499 0.34986018515625 0.60317083359375 0.31426666640625 0.5208916664062501 0.30451018515625 0.52417395859375 0.340552778125
1 0.43778489609375004 0.29646018515625 0.4278984375 0.325375 0.5240645835937501 0.340240740625 0.52103697890625 0.30583796328125 0.43778489609375004 0.29646018515625
1 0.35471354140625 0.28414722187499997 0.32897916640624997 0.31231759296875 0.42807291640624995 0.32567870390625 0.43806041640625004 0.29696203671875 0.35471354140625 0.28414722187499997
1 0.26913177109375 0.27198240703125 0.23120052109375 0.29730833359375 0.33074270859375 0.312065740625 0.35430989609374997 0.28494444453125 0.26913177109375 0.27198240703125
1 0.40478229140625005 0.22956296328125 0.38817447890625 0.25062407421875 0.45510052109375004 0.25326203671875 0.45956666640625 0.23576018515625 0.40478229140625005 0.22956296328125
1 0.3455578125 0.22230555546875 0.32788802109375 0.2376703703125 0.38834270859375 0.25095370390625 0.40394375 0.23016203671875002 0.3455578125 0.22230555546875
1 0.51654739609375 0.26064166640624997 0.5149375 0.2413731484375 0.4586640625 0.23689351875 0.45457135390625 0.25351759296875 0.51654739609375 0.26064166640624997
1 0.57894114609375 0.26851851875 0.57016354140625 0.24796759296875 0.51450520859375 0.24099444453125002 0.5163640625 0.26026111093750004 0.57894114609375 0.26851851875
1 0.64138958359375 0.27362129609374997 0.62260625 0.253790740625 0.57045885390625 0.24938703671875 0.57840989609375 0.2677361109375 0.64138958359375 0.27362129609374997
0 0.7043895835937499 0.2807361109375 0.6782468749999999 0.26030370390625 0.62351770859375 0.25479907421875 0.64148541640625 0.27333240703125 0.7043895835937499 0.2807361109375
0 0.7717796875 0.291522221875 0.73448177109375 0.26745648125 0.6795463539062501 0.26066666640624997 0.70401979140625 0.28158518515625 0.7717796875 0.291522221875
1 0.28797864609375 0.21416944453125 0.26444895859375 0.22635092578125 0.32705937500000004 0.23951944453125 0.34499843750000003 0.22388425937499998 0.28797864609375 0.21416944453125
1 0.33549687499999997 0.37866759296875 0.3534640625 0.346159259375 0.10893802109374999 0.31453333359375 0.06151875 0.342152778125 0.33549687499999997 0.37866759296875