1 0.5169545023437501 0.20402081015625 0.49248383046875005 0.45603275937500004 0.66068823359375 0.5106156000000001 0.7873411578125 0.2910786078125 0.5169545023437501 0.20402081015625
1 1 0.360622371875 0.78540212578125 0.2906120046875 0.65970551953125 0.5079032171875 0.83260379609375 0.5614716875 1 0.42248523828125 1 0.360622371875
0 0.31908827578125 0.40457517890625 0.4946128890625 0.4559569578125 0.51993317734375 0.20646564765625 0.24264409062499998 0.112049746875 0.31908827578125 0.40457517890625
1 0.038956412499999996 0.574133896875 0.03399864296875 0.5737271039062499 0.03494655390625 0.58972309765625 0.08488800546875 0.6060456601562499 0.038956412499999996 0.574133896875
1 0.14879152578125 0.5674109828125 0.09406326015625 0.5136946585937501 0.02970902421875 0.50133978515625 0.030163424218750002 0.5090077890625 0.07168569921875 0.5431452109375 0.14879152578125 0.5674109828125
1 0.08947451953124999 0.5117405390624999 0.14864048515625 0.5662227421875 0.23320812890624998 0.593088778125 0.1937826953125 0.5459842984375001 0.08947451953124999 0.5117405390624999
1 0.1931039265625 0.54582162578125 0.23358944765624998 0.5926271078124999 0.31543934687499997 0.617075653125 0.2886703765625 0.5748105296875 0.1931039265625 0.54582162578125
1 0.39679698671875 0.6441612375 0.38614449140625 0.6067666609375 0.28887075 0.5755215351562499 0.31589128203125 0.61694504296875 0.39679698671875 0.6441612375
1 0.3966711625 0.64451674140625 0.47630694921875005 0.6696439640625 0.47909173203125005 0.63360494609375 0.38682882812499997 0.6065188921875 0.3966711625 0.64451674140625
1 0.47914758593749995 0.63393224296875 0.47638544375 0.66831171015625 0.557045503125 0.693250528125 0.57164522734375 0.66670308359375 0.47914758593749995 0.63393224296875
1 0.57152367578125 0.6663716796875 0.5568572859375001 0.6927053226562501 0.6370362632812501 0.721039625 0.66716450234375 0.69821683515625 0.57152367578125 0.6663716796875
1 0.6653805390625 0.6981312625 0.6375682484375 0.7203324273437499 0.7195313343749999 0.7491572609375 0.7612308125 0.73143325234375 0.6653805390625 0.6981312625
1 0.5327196625 0.73243113203125 0.5253819539062501 0.7487867382812501 0.5784562671875 0.7652235140625 0.5983814523437501 0.7476633328125 0.5327196625 0.73243113203125
1 0.598270409375 0.74730763359375 0.579384665625 0.7647931734375 0.6357387984375 0.783540709375 0.65576042109375 0.77177885625 0.598270409375 0.74730763359375
1 0.5264629609375 0.747843478125 0.533285053125 0.73227993671875 0.47326250625000005 0.7135741 0.47163070078124997 0.732813353125 0.5264629609375 0.747843478125
1 0.4719943515625 0.73326715 0.4733799515625 0.7139826968749999 0.41295326171875 0.6940496171875 0.4181865734375 0.71590281171875 0.4719943515625 0.73326715
1 0.41813223906249997 0.71445214765625 0.41334715 0.69491882421875 0.35212614765625 0.67724089375 0.36736257578125 0.70027589296875 0.41813223906249997 0.71445214765625
0 0.36663093125 0.6991128609375 0.3519831875 0.67750668515625 0.29109068828125 0.65835076640625 0.3134953390625 0.6833671234375001 0.36663093125 0.6991128609375
0 0.31227253515625 0.682765015625 0.29159790625 0.6575862203125 0.22633300156249997 0.6350237226562501 0.259148125 0.6657173710937501 0.31227253515625 0.682765015625
1 0.656888059375 0.77011826875 0.63655526953125 0.78209496015625 0.6912493265624999 0.80241066875 0.7165264828125 0.7948838015625 0.656888059375 0.77011826875
1 0.884869746875 0.7375971140625001 0.9363240484375 0.7194112015624999 0.6718213828125 0.63178362890625 0.64863944453125 0.6603362781250001 0.884869746875 0.7375971140625001