1 0.022265625 0.405859375 0.0359375 0.129296875
1 0.751953125 0.56640625 0.033203125 0.1265625
1 0.6 0.5671875 0.0375 0.1296875
1 0.524609375 0.56875 0.03671875 0.13046875
1 0.48671875 0.56953125 0.035546875 0.13125
1 0.449609375 0.56953125 0.03359375 0.13125
1 0.41328125 0.56953125 0.034765625 0.1328125
1 0.374609375 0.57109375 0.0359375 0.133203125
1 0.337109375 0.571484375 0.036328125 0.13203125
1 0.298828125 0.572265625 0.036328125 0.13359375
1 0.26015625 0.571875 0.0359375 0.13359375
1 0.221484375 0.572265625 0.0359375 0.135546875
1 0.183203125 0.573828125 0.035546875 0.1375
1 0.1453125 0.5734375 0.034375 0.137890625
1 0.1078125 0.57421875 0.038671875 0.136328125
1 0.06796875 0.57421875 0.037109375 0.136328125
1 0.03046875 0.575 0.036328125 0.1359375
0 0.174609375 0.4140625 0.033984375 0.116796875
0 0.097265625 0.4140625 0.033984375 0.116796875
0 0.136328125 0.41171875 0.033984375 0.116796875
0 0.058984375 0.409375 0.033984375 0.116796875
0 0.326171875 0.412109375 0.033984375 0.116796875
0 0.28828125 0.409765625 0.033984375 0.116796875
0 0.248828125 0.412109375 0.033984375 0.116796875
0 0.210546875 0.407421875 0.033984375 0.116796875
0 0.481640625 0.415625 0.033984375 0.116796875
0 0.443359375 0.41328125 0.033984375 0.116796875
0 0.404296875 0.415625 0.033984375 0.116796875
0 0.366015625 0.411328125 0.033984375 0.116796875
0 0.634765625 0.41640625 0.033984375 0.116796875
0 0.596875 0.414453125 0.033984375 0.116796875
0 0.557421875 0.416796875 0.033984375 0.116796875
0 0.519140625 0.412109375 0.033984375 0.116796875
0 0.75078125 0.41171875 0.033984375 0.116796875
0 0.71171875 0.4140625 0.033984375 0.116796875
0 0.6734375 0.409765625 0.033984375 0.116796875
0 0.716796875 0.565625 0.033984375 0.116796875
0 0.677734375 0.5640625 0.033984375 0.116796875
0 0.63984375 0.562890625 0.033984375 0.116796875
0 0.562890625 0.56953125 0.033984375 0.116796875