1 0.03626446759259259 0.49978298611111105 0.04692708333333333 0.13550347222222214
1 0.7754803240740741 0.5509722222222223 0.0608969907407408 0.13300347222222228
1 0.6271412037037037 0.5740277777777777 0.06570023148148145 0.13711805555555542
1 0.5537876157407406 0.5867621527777778 0.06494212962962961 0.13786458333333335
1 0.5173003472222222 0.5929427083333334 0.06418402777777779 0.1386111111111111
1 0.4807899305555556 0.5983420138888889 0.06181712962962962 0.13772569444444435
1 0.4454513888888889 0.6037934027777778 0.06342592592592596 0.13935763888888886
1 0.40821759259259255 0.611111111111111 0.06501157407407412 0.14020833333333335
1 0.37171875 0.6169010416666667 0.06498842592592595 0.13942708333333337
1 0.33446180555555555 0.6234375 0.06503472222222229 0.14098958333333336
1 0.29638888888888887 0.6287673611111111 0.06503472222222229 0.14098958333333336
1 0.25872974537037036 0.6348958333333333 0.06508101851851844 0.14255208333333336
1 0.221875 0.6418402777777777 0.06512731481481478 0.14411458333333335
1 0.18497395833333333 0.6472222222222223 0.06436921296296294 0.1448611111111111
1 0.1484866898148148 0.6534027777777778 0.06825231481481482 0.14425347222222235
1 0.1096556712962963 0.6594791666666667 0.06666666666666665 0.14340277777777785
1 0.07316840277777778 0.6656597222222222 0.06588541666666667 0.14336805555555543
0 0.17821759259259257 0.4850260416666667 0.05905671296296298 0.12355902777777779
0 0.10287615740740741 0.49650173611111115 0.05905671296296298 0.12355902777777779
0 0.14047743055555556 0.4884201388888889 0.05905671296296298 0.12355902777777779
0 0.06428530092592592 0.4975173611111111 0.05905671296296296 0.12355902777777779
0 0.3257407407407408 0.4607638888888889 0.05905671296296298 0.12355902777777779
0 0.2883912037037037 0.4641753472222222 0.05905671296296298 0.12355902777777779
0 0.25039930555555556 0.4722395833333334 0.05905671296296298 0.12355902777777779
0 0.21180844907407406 0.47325520833333334 0.05905671296296298 0.12355902777777779
0 0.4784809027777778 0.44141493055555553 0.05905671296296298 0.12355902777777779
0 0.44035011574074073 0.4447916666666667 0.05905671296296298 0.12355902777777779
0 0.4027488425925926 0.45287326388888893 0.05905671296296298 0.12355902777777779
0 0.3645601851851852 0.454296875 0.05905671296296298 0.12355902777777779
0 0.6280266203703704 0.4195833333333333 0.05905671296296298 0.12355902777777779
0 0.5906886574074074 0.4233854166666666 0.05905671296296298 0.12355902777777779
0 0.5526967592592593 0.4314496527777778 0.05905671296296298 0.12355902777777779
0 0.5141059027777778 0.43246527777777777 0.05905671296296298 0.12355902777777779
0 0.7401302083333333 0.3980381944444445 0.05905671296296298 0.12355902777777779
0 0.7025289351851851 0.4061197916666667 0.05905671296296298 0.12355902777777779
0 0.6643402777777778 0.4075434027777778 0.05905671296296298 0.12355902777777779
0 0.7408883101851852 0.5552864583333333 0.05905671296296298 0.12355902777777779
0 0.7023900462962963 0.5594270833333332 0.05905671296296298 0.12355902777777779
0 0.6650752314814815 0.5640104166666667 0.05905671296296298 0.12355902777777779
0 0.5914814814814815 0.5818055555555556 0.05905671296296298 0.12355902777777779