1 0.01142361111111111 0.43162615740740745 0.02284722222222222 0.13356481481481483
1 0.7304947916666666 0.5978703703703704 0.04553819444444436 0.13048611111111103
1 0.5785503472222222 0.597482638888889 0.05036458333333336 0.13388888888888886
1 0.5029166666666667 0.5984837962962963 0.04961805555555561 0.13462384259259252
1 0.46488715277777787 0.599363425925926 0.04809027777777786 0.13531249999999986
1 0.42769097222222213 0.5991174768518519 0.046527777777777855 0.13521990740740755
1 0.3916840277777778 0.5985503472222222 0.047378472222222266 0.13682870370370387
1 0.35283854166666667 0.6001649305555555 0.048975694444444426 0.13770254629629636
1 0.315234375 0.6002864583333334 0.04890625000000002 0.13614004629629636
1 0.2768315972222222 0.6007523148148148 0.048975694444444426 0.1377025462962962
1 0.2380902777777778 0.6000231481481482 0.048975694444444426 0.1377025462962962
1 0.1997048611111111 0.6000983796296296 0.04907986111111109 0.1400462962962962
1 0.16126736111111112 0.601345486111111 0.04914930555555554 0.1416087962962962
1 0.12330729166666665 0.6006626157407408 0.04762152777777776 0.1422974537037037
1 0.08568576388888889 0.6011747685185185 0.05223958333333334 0.14101273148148152
1 0.04573784722222222 0.6011574074074074 0.05067708333333334 0.14092013888888885
1 0.016718749999999998 0.6016927083333334 0.033437499999999995 0.14009259259259252
0 0.15153645833333335 0.4413657407407408 0.04512152777777776 0.12111111111111117
0 0.07401909722222222 0.44068865740740737 0.04512152777777776 0.12111111111111117
0 0.11288194444444444 0.4386834490740741 0.045121527777777795 0.12111111111111103
0 0.03546875 0.4356626157407407 0.04512152777777777 0.12111111111111103
0 0.30314236111111115 0.44055844907407404 0.04512152777777771 0.12111111111111103
0 0.26526909722222225 0.43792245370370375 0.04512152777777771 0.12111111111111117
0 0.22562500000000002 0.4398813657407407 0.0451215277777778 0.12111111111111121
0 0.18746527777777777 0.4348784722222222 0.04512152777777776 0.12111111111111117
0 0.45881944444444445 0.445083912037037 0.04512152777777771 0.12111111111111117
0 0.42055555555555557 0.44242476851851853 0.04512152777777771 0.12111111111111103
0 0.3813020833333333 0.44440682870370374 0.0451215277777778 0.12111111111111117
0 0.343125 0.4397945601851852 0.0451215277777778 0.12111111111111103
0 0.6118836805555555 0.44671296296296303 0.04512152777777771 0.12111111111111117
0 0.5739930555555556 0.4444675925925926 0.04512152777777771 0.12111111111111117
0 0.5347222222222222 0.44684027777777774 0.04512152777777771 0.12111111111111117
0 0.49617187499999993 0.44181423611111115 0.04512152777777771 0.12111111111111103
0 0.7279774305555555 0.4430179398148148 0.04512152777777771 0.12111111111111103
0 0.6891145833333333 0.4450231481481481 0.04512152777777771 0.12111111111111117
0 0.6505468750000001 0.44038773148148147 0.04512152777777771 0.12111111111111103
0 0.6952864583333334 0.5969589120370371 0.04512152777777771 0.12111111111111121
0 0.6562065972222222 0.5950347222222222 0.04512152777777771 0.12111111111111121
0 0.6182812500000001 0.5935706018518518 0.04512152777777771 0.12111111111111121
0 0.54125 0.5995804398148149 0.04512152777777771 0.12111111111111121