0 0.285546875 0.497265625 0.2375 0.26953125
0 0.488671875 0.4875 0.223046875 0.272265625
0 0.696875 0.49296875 0.20625 0.258203125
0 0.89140625 0.474609375 0.2171875 0.25859375
0 0.690625 0.191796875 0.158203125 0.13046875
0 0.54375 0.1890625 0.158203125 0.13046875
1 0.409375 0.19453125 0.160546875 0.13046875
1 0.821875 0.191796875 0.151953125 0.141796875
1 0.928125 0.184765625 0.139453125 0.15
0 0.103125 0.504296875 0.204296875 0.247265625
0 0.079296875 0.2390625 0.158203125 0.08046875
0 0.094921875 0.177734375 0.189453125 0.066796875
0 0.070703125 0.30234375 0.14140625 0.0890625