0 0.6746527777777779 0.5690364583333334 0.281568287037037 0.30640625000000005
0 0.4721354166666666 0.5472916666666666 0.2676215277777778 0.30703125
0 0.26684027777777775 0.5100520833333333 0.24849537037037042 0.29020833333333335
0 0.10062210648148148 0.498203125 0.20124421296296297 0.29171875
0 0.22466724537037036 0.8091145833333332 0.1793981481481482 0.1549999999999998
0 0.369603587962963 0.8344791666666665 0.17939814814814808 0.15500000000000008
1 0.503515625 0.8496874999999999 0.1817418981481481 0.1551562500000002
1 0.09464699074074073 0.7890625 0.17552083333333332 0.165625
1 0.03518518518518518 0.780234375 0.07037037037037036 0.16984375000000007
0 0.8521122685185185 0.5898958333333333 0.23674768518518513 0.27854166666666663
0 0.8374855324074074 0.85625 0.1717881944444443 0.10473958333333329
0 0.8119646990740741 0.9146093750000001 0.20066550925925916 0.09578124999999993
0 0.856148726851852 0.7950781250000001 0.15590277777777778 0.11067708333333322