0 0.2594849537037037 0.4995659722222222 0.261255787037037 0.2864872685185185
0 0.4624681712962963 0.494777199074074 0.2465335648148148 0.28828125
0 0.670949074074074 0.4741898148148148 0.2286168981481481 0.27358217592592593
0 0.8629398148148149 0.4783854166666666 0.23490740740740748 0.27459490740740733
0 0.6596296296296297 0.7752025462962963 0.16954861111111122 0.14195601851851852
0 0.5127199074074074 0.7888310185185186 0.16954861111111103 0.1419560185185187
1 0.37799479166666666 0.793041087962963 0.1718923611111111 0.14204282407407404
1 0.7911024305555555 0.7660445601851852 0.16464699074074077 0.15269097222222233
1 0.8917216435185186 0.7654369212962963 0.14161458333333315 0.1596354166666666
0 0.0947829861111111 0.5051070601851853 0.1895659722222222 0.2616608796296296
0 0.06558159722222222 0.7721064814814815 0.13116319444444444 0.09189814814814809
0 0.08024594907407408 0.8323929398148149 0.16049189814814815 0.08052662037037032
0 0.057743055555555554 0.709620949074074 0.11548611111111111 0.09910300925925916