0 0.8429427083333334 0.47569733796296293 0.23088541666666665 0.42844328703703705
0 0.7166927083333333 0.5135271990740741 0.21786458333333325 0.34985532407407405
0 0.5660677083333333 0.5726446759259259 0.22562500000000013 0.37288194444444456
0 0.4309114583333334 0.5923263888888889 0.19822916666666668 0.3121180555555556
0 0.30830729166666665 0.6279947916666666 0.2369791666666666 0.368107638888889
0 0.17791666666666667 0.6870804398148148 0.2442708333333333 0.34908564814814813
0 0.11653645833333333 0.14932581018518518 0.20130208333333335 0.29865162037037035
0 0.24684895833333337 0.12508391203703703 0.24380208333333328 0.25016782407407406
0 0.400859375 0.11296296296296296 0.23265624999999995 0.22592592592592592
0 0.5485416666666667 0.10206018518518518 0.21229166666666668 0.20412037037037037
0 0.8243749999999999 0.7658854166666667 0.20098958333333322 0.31850694444444444
0 0.6788541666666668 0.8009664351851852 0.1927083333333332 0.31101273148148145
0 0.5596875 0.825925925925926 0.21520833333333336 0.28666666666666674
0 0.43125 0.8382060185185185 0.2161458333333334 0.27738425925925936
0 0.3104166666666667 0.8473119212962963 0.20010416666666667 0.25853587962962965
0 0.19966145833333332 0.8511516203703703 0.18942708333333336 0.2151041666666668
0 0.00796875 0.7401533564814814 0.0159375 0.30094328703703715