0 0.8473813657407406 0.29477430555555556 0.20842013888888894 0.31755208333333335
1 0.7032841435185185 0.32133391203703704 0.21634837962962977 0.29983796296296295
0 0.5704427083333334 0.35616319444444444 0.2083043981481481 0.2933564814814815
0 0.4342158564814815 0.3946122685185185 0.18715277777777786 0.29116898148148157
0 0.29694733796296297 0.44717013888888885 0.21490162037037042 0.30291666666666667
0 0.1609375 0.4809201388888889 0.2484375 0.3444907407407408
0 0.10438368055555555 0.537734375 0.18012152777777776 0.31203125000000004
0 0.9190393518518519 0.4987789351851852 0.1619212962962962 0.22400462962962955
1 0.822265625 0.5246759259259259 0.18038194444444428 0.21370949074074072
0 0.7196614583333333 0.5523524305555556 0.1809027777777777 0.2277719907407409
0 0.6244357638888889 0.5891956018518518 0.1717881944444443 0.21345486111111106
0 0.5135561342592593 0.5940451388888889 0.16686921296296298 0.2281365740740741
0 0.41163194444444445 0.6400810185185185 0.16440972222222214 0.2249421296296296
0 0.310228587962963 0.6790625 0.16600115740740745 0.22576967592592592
0 0.2150462962962963 0.7170775462962963 0.1564814814814815 0.20051504629629627
0 0.12146990740740742 0.7456597222222223 0.14016203703703703 0.2023726851851851
0 0.977488425925926 0.700697337962963 0.0450231481481481 0.13721643518518506
0 0.9467158564814815 0.7214901620370371 0.10656828703703702 0.12589699074074065
0 0.8821903935185185 0.7489293981481481 0.09869791666666679 0.11530092592592603
0 0.8159143518518519 0.7649710648148147 0.09745370370370372 0.10277777777777786
0 0.744140625 0.7909519675925927 0.08978587962962958 0.10645254629629619
0 0.6740162037037037 0.7981134259259258 0.09508101851851851 0.10192708333333336
0 0.6011284722222222 0.815133101851852 0.10541087962962958 0.10691550925925916
0 0.5396412037037036 0.8337702546296295 0.10121527777777786 0.12005787037037044
0 0.46833043981481487 0.8616927083333333 0.11059027777777786 0.12033564814814816
0 0.4007378472222222 0.8844212962962963 0.10815972222222214 0.11792245370370366
0 0.33611111111111114 0.9027604166666666 0.11209490740740743 0.1188194444444445
0 0.2723668981481482 0.9238107638888888 0.13463541666666662 0.1374363425925928
0 0.19660011574074074 0.9370052083333335 0.11681134259259256 0.11973958333333315
0 0.9727575231481481 0.8020775462962962 0.054484953703703806 0.09153935185185195
0 0.9313368055555558 0.8194270833333335 0.10118634259259238 0.09820601851851843
1 0.8661892361111111 0.8237037037037037 0.08605324074074047 0.08995370370370352
0 0.8156105324074074 0.8412355324074074 0.0823206018518519 0.09452546296296305
0 0.753052662037037 0.8626417824074075 0.10037615740740762 0.09740162037037052
0 0.6872106481481481 0.8692853009259259 0.09140625 0.08699074074074069
0 0.6267216435185186 0.8832002314814815 0.08660300925925916 0.08372685185185205
0 0.5711950231481481 0.9043981481481481 0.07534722222222215 0.07480902777777772
0 0.5128038194444444 0.9221614583333334 0.07005208333333321 0.0793344907407409
0 0.4623119212962963 0.9420370370370371 0.0642939814814815 0.07135995370370374
0 0.40489004629629627 0.954296875 0.07054398148148149 0.07154513888888872
0 0.34620949074074076 0.9642476851851851 0.08165509259259256 0.055486111111111215
0 0.2839554398148148 0.9727401620370371 0.07960069444444447 0.04215856481481488
0 0.2145978009259259 0.9794878472222223 0.08706597222222223 0.03301504629629619