0 0.11390625000000001 0.4951041666666667 0.1184895833333333 0.17266782407407408
0 0.17638020833333334 0.5294241898148148 0.10598958333333335 0.1725752314814816
0 0.24736979166666667 0.5566464120370369 0.13244791666666664 0.19463541666666656
0 0.32109375 0.5838483796296297 0.11442708333333336 0.18200810185185184
0 0.3838020833333333 0.6099594907407407 0.12328124999999997 0.1859780092592594
0 0.4521354166666667 0.6383738425925926 0.10713541666666657 0.17804976851851856
0 0.5775781249999999 0.6851244212962964 0.12567708333333344 0.21020254629629634
1 0.5129947916666666 0.6426128472222222 0.1252604166666666 0.20395254629629633
1 0.137265625 0.14202256944444444 0.16796875 0.25892939814814814
1 0.22903645833333336 0.17612557870370368 0.1603645833333333 0.27370949074074075
0 0.318671875 0.21923321759259257 0.16635416666666672 0.269849537037037
0 0.40015625000000005 0.2397337962962963 0.14359374999999996 0.25640625000000006
0 0.48140625000000004 0.2743055555555555 0.1499479166666667 0.2697280092592592
0 0.565390625 0.30299479166666665 0.13791666666666663 0.25324074074074077
0 0.6401041666666667 0.31572916666666667 0.1291145833333333 0.23833912037037042
0 0.7299218749999999 0.35570891203703703 0.14208333333333342 0.245462962962963
1 0.8170833333333333 0.37343171296296296 0.1632291666666667 0.258113425925926
0 0.640859375 0.7139670138888888 0.11135416666666664 0.17105324074074063
0 0.7042447916666668 0.7326475694444445 0.10572916666666679 0.19209490740740734
0 0.77015625 0.7599074074074075 0.10458333333333343 0.18662037037037038
0 0.8381250000000001 0.7769907407407407 0.11109374999999995 0.1905729166666667
0 0.9065104166666667 0.8120486111111112 0.10744791666666664 0.18273726851851854
0 0.95921875 0.8311197916666668 0.08156250000000007 0.1858275462962964
0 0.9022916666666667 0.4204803240740741 0.15989583333333357 0.26667824074074076
0 0.9571875000000001 0.4547077546296296 0.08562499999999992 0.2820428240740741
0 0.7717708333333334 0.1510011574074074 0.15906249999999994 0.24246527777777782
1 0.8810156250000001 0.19513599537037035 0.16208333333333336 0.21749999999999997
1 0.3286979166666667 0.04860532407407407 0.11520833333333336 0.09721064814814814
1 0.22341145833333337 0.022442129629629628 0.12026041666666669 0.044884259259259256
1 0.13731770833333332 0.014516782407407409 0.09807291666666665 0.029033564814814818
0 0.5069270833333334 0.07885416666666667 0.14197916666666668 0.15770833333333334
0 0.4116927083333334 0.06863425925925926 0.12807291666666668 0.1372685185185185
1 0.9562239583333334 0.24178530092592593 0.08755208333333328 0.1718229166666667