0 0.24203125 0.09178819444444444 0.18 0.16515046296296296
0 0.32211805555555556 0.1313454861111111 0.17401041666666667 0.2116087962962963
1 0.4003819444444444 0.2001302083333333 0.1762673611111111 0.2078414351851851
0 0.14838541666666666 0.06394386574074075 0.14697916666666666 0.11872106481481481
0 0.470390625 0.27077256944444444 0.15859375 0.18494791666666668
0 0.5173871527777777 0.3384866898148148 0.15586805555555544 0.16762152777777778
0 0.581388888888889 0.39782118055555554 0.16970486111111108 0.1934085648148148
1 0.6400954861111112 0.4490190972222222 0.1436805555555555 0.18094328703703705
1 0.7291232638888888 0.2798466435185185 0.16661458333333332 0.19478587962962965
1 0.6054947916666666 0.15791666666666665 0.16435763888888885 0.19855324074074074
0 0.6673524305555556 0.22572916666666668 0.17732638888888896 0.22038773148148144
0 0.5176736111111111 0.09677951388888888 0.1490277777777777 0.1406886574074074
0 0.4102256944444445 0.056383101851851844 0.11548611111111104 0.07082175925925926
0 0.782265625 0.35261863425925927 0.15138888888888893 0.17671875000000004
0 0.8353559027777777 0.4101331018518518 0.15017361111111108 0.19225115740740736
0 0.8788194444444445 0.46081886574074077 0.138923611111111 0.17754050925925924
0 0.9159375000000001 0.5154311342592592 0.14496527777777785 0.16853587962962954
0 0.9340885416666665 0.5610966435185185 0.112864583333333 0.1635127314814815
0 0.6805208333333332 0.495613425925926 0.16019097222222206 0.18660300925925916
0 0.7257638888888888 0.5366261574074074 0.15361111111111114 0.17138888888888887
1 0.7711024305555556 0.5733420138888888 0.14312499999999986 0.15594328703703705
0 0.800390625 0.6282725694444444 0.13895833333333343 0.14399305555555558
0 0.8439149305555557 0.6586226851851851 0.13748263888888906 0.1478067129629629
0 0.873671875 0.6924594907407406 0.13953124999999994 0.1346643518518519
0 0.8981597222222222 0.7345891203703703 0.1396527777777777 0.1401331018518519
0 0.05478298611111111 0.33336805555555554 0.09902777777777778 0.13772569444444455
0 0.10471354166666666 0.3746585648148148 0.11060763888888889 0.13217013888888882
0 0.17129340277777777 0.4235850694444444 0.10350694444444444 0.12862847222222218
0 0.235546875 0.4715914351851852 0.1222048611111111 0.1273958333333333
0 0.2811805555555556 0.5126273148148148 0.1206944444444444 0.1296469907407408
1 0.34390624999999997 0.5413773148148148 0.11163194444444446 0.14315393518518515
1 0.3926302083333334 0.5841608796296296 0.11057291666666665 0.13060763888888882
0 0.4397916666666667 0.6268518518518518 0.11991319444444452 0.12960069444444447
0 0.48250000000000004 0.6587181712962963 0.11677083333333335 0.1286342592592593
0 0.5304600694444443 0.6830729166666666 0.11388888888888893 0.13938657407407398
0 0.5732118055555555 0.7129861111111111 0.11894097222222229 0.1209606481481483
1 0.6153645833333334 0.7346498842592593 0.10798611111111107 0.11953125
0 0.6430902777777778 0.7718865740740741 0.11487847222222225 0.11369791666666665
0 0.6778472222222222 0.7919386574074074 0.09763888888888879 0.1103356481481482
0 0.7188628472222222 0.811970486111111 0.10480902777777779 0.11700231481481475
0 0.74671875 0.8433478009259259 0.10572916666666679 0.123298611111111
0 0.7731857638888889 0.8668200231481482 0.08956597222222218 0.09815393518518505
0 0.8069097222222222 0.8805526620370371 0.0944618055555555 0.10780671296296304
0 0.8323003472222222 0.8996585648148148 0.11187499999999986 0.11898148148148166
0 0.8534548611111111 0.9157754629629629 0.10711805555555572 0.11557870370370367
0 0.8751128472222224 0.9436371527777778 0.08602430555555571 0.11272569444444436
0 0.044687500000000005 0.48377604166666666 0.08937500000000001 0.15192708333333335
0 0.09419270833333333 0.5312731481481482 0.12020833333333333 0.14288194444444446
0 0.14991319444444445 0.5760358796296297 0.11463541666666663 0.1378703703703703
0 0.205078125 0.6105960648148148 0.1112673611111111 0.12674768518518514
0 0.24800347222222224 0.6326967592592593 0.10711805555555554 0.11557870370370367
0 0.3004513888888889 0.6663136574074074 0.09519097222222221 0.1055092592592592
0 0.3439583333333333 0.6974450231481482 0.09532986111111112 0.11175925925925938
0 0.3847482638888889 0.7276331018518519 0.09763888888888897 0.11033564814814803
0 0.4288368055555555 0.7501938657407408 0.0989930555555556 0.1010532407407407
1 0.4638454861111111 0.7765190972222222 0.09833333333333343 0.10647569444444453
0 0.5000694444444445 0.8009606481481482 0.09741319444444443 0.10017939814814802
0 0.5363541666666667 0.8226678240740741 0.08868055555555543 0.09342013888888871
0 0.5723177083333333 0.8412268518518518 0.09437500000000014 0.10390046296296304
0 0.6041840277777778 0.8681481481481482 0.10152777777777793 0.10978587962962968
0 0.635 0.8895312499999999 0.09449652777777792 0.10936921296296305
0 0.6674826388888888 0.9063194444444445 0.08467013888888886 0.08850115740740741
0 0.6893663194444445 0.9248263888888889 0.09020833333333336 0.09195023148148138
0 0.7177690972222223 0.9491956018518518 0.09348958333333321 0.09916666666666671
0 0.7439149305555557 0.9519184027777777 0.09163194444444436 0.08579282407407404
0 0.015086805555555555 0.6395543981481481 0.03017361111111111 0.12754629629629619
0 0.04135416666666667 0.6650260416666667 0.08270833333333334 0.12508680555555554
0 0.09221354166666666 0.6907407407407408 0.08901041666666668 0.1082638888888889
1 0.133671875 0.7084519675925925 0.07954861111111114 0.10380208333333343
1 0.17122395833333331 0.7435329861111111 0.08416666666666664 0.10095486111111107
0 0.21361979166666667 0.7718605324074075 0.0794965277777778 0.10145833333333343
0 0.25025173611111107 0.7955439814814815 0.08263888888888893 0.10242476851851841
0 0.28859375 0.8126793981481482 0.08253472222222218 0.09773726851851841
0 0.3256857638888889 0.8332609953703705 0.07690972222222223 0.09038194444444443
0 0.36633680555555553 0.8520978009259259 0.0736284722222222 0.0831655092592591
0 0.3945399305555556 0.8678501157407407 0.07534722222222223 0.09028935185185176
0 0.42334201388888887 0.8918518518518518 0.07690972222222218 0.09038194444444443
1 0.45629340277777775 0.9051475694444445 0.07760416666666661 0.08652199074074077
0 0.48953993055555556 0.9227633101851851 0.08157986111111111 0.08987847222222242
0 0.5120833333333333 0.9467853009259258 0.08078125000000007 0.08905092592592609
0 0.5470225694444444 0.9575954861111111 0.07059027777777782 0.08480902777777785
0 0.5721440972222223 0.9663671875000001 0.06963541666666657 0.06726562499999993
0 0.6081510416666667 0.9728993055555556 0.08383680555555557 0.054201388888888855
0 0.008237847222222223 0.7091290509259259 0.016475694444444446 0.08857060185185191
0 0.034921875000000005 0.7379340277777777 0.06984375000000001 0.0967245370370371
0 0.07307291666666667 0.760011574074074 0.07935763888888889 0.09520833333333342
0 0.1200173611111111 0.7772656249999998 0.070625 0.08844907407407412
0 0.16637152777777778 0.8034809027777777 0.06914930555555557 0.09226273148148145
0 0.19251736111111112 0.8238049768518518 0.06644097222222226 0.07571759259259245
0 0.2319965277777778 0.842572337962963 0.06883680555555553 0.07820023148148181
0 0.2650434027777778 0.8691724537037036 0.07123263888888882 0.0806828703703701
0 0.29763020833333337 0.8812731481481482 0.06482638888888896 0.07328125000000014
0 0.3305208333333333 0.8973032407407407 0.06656250000000004 0.08118634259259246
0 0.35863715277777775 0.9169618055555556 0.0624305555555555 0.07079861111111115
0 0.39860243055555555 0.9314554398148148 0.06944444444444446 0.07043402777777778
0 0.427265625 0.9441059027777777 0.06786458333333342 0.06956018518518511
0 0.4541579861111111 0.9631018518518519 0.06730902777777778 0.07379629629629605
0 0.4726649305555556 0.9710677083333333 0.06791666666666671 0.05786458333333329
0 0.5063281249999999 0.9810257523148149 0.05684027777777771 0.03794849537037024
0 0.5376649305555555 0.9926244212962964 0.06196180555555557 0.014751157407407334
0 0.013706597222222222 0.8138194444444444 0.027413194444444445 0.08701388888888886
0 0.03978298611111111 0.8323553240740742 0.06112847222222223 0.08242476851851847
0 0.06715277777777777 0.8504050925925926 0.060121527777777795 0.07222222222222215
0 0.10059027777777778 0.8594270833333333 0.06569444444444446 0.07723379629629648
1 0.13805555555555554 0.8808130787037036 0.06185763888888891 0.0801273148148148
0 0.1651388888888889 0.8941521990740741 0.06505208333333332 0.08343750000000014
0 0.19958333333333333 0.9106655092592593 0.06102430555555558 0.07773726851851848
0 0.23831597222222226 0.927824074074074 0.06102430555555553 0.07773726851851848
1 0.2669357638888889 0.9424276620370371 0.06269097222222228 0.08251736111111115
0 0.29008680555555555 0.956707175925926 0.0671875 0.07420138888888914
0 0.325703125 0.9704846643518519 0.06385416666666668 0.059030671296296335
0 0.3551302083333333 0.9794979745370369 0.06833333333333336 0.04100405092592609
0 0.8709374999999999 0.9841840277777777 0.05876736111111107 0.031631944444444574
0 0.8332291666666667 0.9900462962962961 0.06246527777777757 0.019907407407407617
0 0.7937413194444444 0.9905208333333334 0.05692708333333343 0.018958333333333143
0 0.761328125 0.9889728009259258 0.07022569444444446 0.02205439814814838
0 0.7283680555555556 0.9946875000000001 0.0668055555555556 0.01062499999999993
0 0.6978645833333333 0.9954166666666666 0.06204861111111111 0.009166666666666856
0 0.6645659722222221 0.9986950231481482 0.064201388888889 0.002609953703703738