0 0.9603877314814815 0.8342042824074074 0.03778935185185191 0.169670138888889
0 0.9308333333333334 0.8017650462962964 0.09879629629629641 0.17517361111111107
0 0.8919994212962962 0.7524131944444445 0.13721643518518506 0.18184606481481466
0 0.8468778935185185 0.7172106481481482 0.13036458333333342 0.1612094907407407
0 0.7952430555555555 0.6773668981481482 0.14803819444444458 0.1785069444444444
0 0.7419068287037037 0.6421296296296296 0.1344560185185184 0.1676620370370369
0 0.7010243055555556 0.6091030092592593 0.14116898148148138 0.18361111111111122
0 0.6412528935185186 0.5797916666666667 0.14086805555555557 0.17345486111111122
0 0.5953703703703704 0.5570688657407408 0.13923611111111106 0.17103009259259264
0 0.5396122685185185 0.5111429398148148 0.13394675925925928 0.15047453703703706
0 0.4820717592592592 0.4725578703703704 0.12420138888888879 0.13748842592592592
0 0.4320920138888889 0.4296701388888889 0.11958333333333329 0.13958912037037036
0 0.38327256944444443 0.3872337962962963 0.12471064814814818 0.1546759259259259
0 0.3352199074074074 0.3585300925925926 0.1346354166666667 0.14739004629629626
0 0.28427372685185187 0.32185185185185183 0.1274421296296296 0.1415567129629629
0 0.23394675925925928 0.2906828703703704 0.1194212962962963 0.13412037037037033
1 0.2025289351851852 0.26831886574074076 0.12073495370370368 0.15212962962962964
1 0.8838223379629628 0.8963512731481481 0.13745949074074063 0.13739583333333344
0 0.8303790509259258 0.8779311342592593 0.11041666666666652 0.14613425925925938
0 0.7763078703703703 0.8410908564814814 0.11349537037037045 0.14473379629629618
0 0.7235243055555556 0.8004050925925927 0.11119791666666679 0.14617476851851868
0 0.1551099537037037 0.23143229166666668 0.11945023148148146 0.16142361111111111
0 0.10301504629629629 0.19391203703703702 0.1286400462962963 0.15565972222222219
0 0.06673900462962963 0.16386284722222222 0.11680555555555557 0.1511458333333333
0 0.02751736111111111 0.1542332175925926 0.05503472222222222 0.12096643518518517
0 0.02827546296296296 0.28404224537037037 0.05655092592592592 0.16652199074074076
0 0.048136574074074075 0.3132204861111111 0.09627314814814815 0.1639409722222222
0 0.08763310185185184 0.3433449074074074 0.11205439814814815 0.17508101851851848
0 0.13046875 0.37647280092592594 0.11614583333333335 0.18153356481481486
0 0.17685474537037035 0.40861111111111115 0.12815972222222222 0.16577546296296292
0 0.22758391203703704 0.43940972222222224 0.12643518518518518 0.1602256944444445
0 0.27858796296296295 0.47413483796296296 0.11650462962962962 0.14098958333333336
0 0.3284780092592593 0.5068460648148149 0.12092013888888893 0.15837962962962954
0 0.3703935185185185 0.544620949074074 0.11103587962962962 0.1407060185185184
0 0.4219618055555555 0.5735069444444445 0.12907986111111108 0.17050347222222229
0 0.4803877314814814 0.6086168981481481 0.12484953703703709 0.15936342592592592
1 0.5233709490740741 0.6499681712962962 0.11168402777777775 0.16258101851851842
1 0.5752575231481482 0.6945196759259259 0.11296874999999992 0.153287037037037
1 0.6185300925925926 0.726105324074074 0.1247106481481481 0.1546759259259259
1 0.6705092592592592 0.7675318287037036 0.12204282407407412 0.14361689814814832
1 0.5594241898148148 0.9479861111111111 0.1281076388888888 0.10402777777777779
0 0.5072366898148148 0.9269936342592594 0.11997685185185177 0.14601273148148125
1 0.45562500000000006 0.8897974537037037 0.1239988425925926 0.15697916666666673
0 0.3964872685185185 0.8523032407407406 0.14258680555555553 0.1524826388888889
0 0.3456105324074074 0.81328125 0.1161168981481481 0.15423032407407397
0 0.3004571759259259 0.7659490740740742 0.1136805555555556 0.15098379629629619
0 0.2523726851851852 0.7251157407407407 0.11650462962962962 0.14098958333333336
0 0.1973582175925926 0.6937037037037037 0.11570601851851854 0.16668981481481496
1 0.1489814814814815 0.6759375000000001 0.11570601851851854 0.16668981481481496
0 0.10311342592592591 0.6395225694444445 0.11914930555555556 0.15126736111111114
1 0.057783564814814815 0.6105092592592593 0.11556712962962963 0.16056134259259255
0 0.25684606481481487 0.9140827546296297 0.14881944444444442 0.17183449074074061
0 0.3816984953703704 0.9560561342592593 0.14453125 0.08788773148148152
0 0.1288570601851852 0.8137789351851851 0.14776041666666667 0.1691319444444445
0 0.921171875 0.3752199074074074 0.11804976851851876 0.16681134259259256
0 0.8705931712962963 0.3393431712962963 0.12112847222222207 0.16541087962962955
0 0.8224971064814814 0.29890046296296297 0.11841435185185176 0.15278935185185186
0 0.7755121527777777 0.2737731481481481 0.11583912037037045 0.14485532407407406
0 0.7224305555555556 0.22994212962962965 0.10510995370370377 0.15131944444444442
0 0.6825694444444445 0.20205439814814813 0.1092650462962963 0.13359375
0 0.6341898148148148 0.14477430555555557 0.10239583333333328 0.13869791666666664
0 0.5983217592592592 0.14056712962962964 0.10660300925925928 0.14905671296296302
0 0.5378153935185186 0.10965277777777778 0.10156828703703695 0.13709490740740743
0 0.48164930555555563 0.09070023148148147 0.11482638888888878 0.1370023148148148
0 0.4419357638888889 0.07103587962962962 0.09737847222222218 0.10099537037037036