0 0.713671875 0.9234635416666667 0.14296875 0.14508680555555564
0 0.588671875 0.9064496527777777 0.17421875 0.18710069444444458
0 0.5 0.8464699074074072 0.17578125 0.1955729166666665
0 0.415625 0.8026417824074074 0.1703125 0.1759606481481483
0 0.33125 0.7666261574074074 0.16953125 0.1868865740740741
1 0.261328125 0.7241840277777778 0.1625 0.18053240740740756
0 0.19609375 0.6947019675925926 0.17421875 0.15570601851851845
0 0.130859375 0.6585792824074075 0.16953125 0.1517303240740741
0 0.0796875 0.6226649305555556 0.14921875 0.13971064814814832
0 0.9640625 0.6267824074074074 0.071875 0.15418981481481478
0 0.906640625 0.5903848379629629 0.1125 0.13291666666666657
0 0.82109375 0.5668518518518518 0.11484375 0.14076388888888883
1 0.737109375 0.5452951388888889 0.1203125 0.1392824074074074
0 0.66796875 0.5294270833333333 0.12109375 0.1447627314814815
1 0.597265625 0.5037702546296297 0.115625 0.1329629629629629
0 0.525 0.48277777777777775 0.11171875 0.13837384259259267
0 0.468359375 0.46201678240740734 0.1140625 0.12356481481481474
1 0.412109375 0.44673032407407404 0.09765625 0.11550925925925921
1 0.36328125 0.43194444444444446 0.10234375 0.10932870370370366
0 0.3140625 0.40465277777777775 0.1078125 0.11722222222222226
0 0.264453125 0.3820428240740741 0.0984375 0.12333333333333325
0 0.2140625 0.3723119212962963 0.1046875 0.11717592592592592
0 0.173046875 0.3517824074074074 0.09375 0.10451388888888893
0 0.1265625 0.338203125 0.10546875 0.1203125
0 0.943359375 0.46827256944444445 0.109375 0.14302662037037028
0 0.855078125 0.440402199074074 0.10546875 0.13359375
0 0.7890625 0.42809606481481477 0.08828125 0.11068287037037035
0 0.719140625 0.4129976851851852 0.09921875 0.11787615740740738
1 0.662890625 0.40825810185185185 0.09296875 0.10059606481481484
1 0.594921875 0.3904542824074074 0.10390625 0.10778935185185183
1 0.543359375 0.3752372685185185 0.09375 0.10607638888888893
0 0.494140625 0.3651331018518519 0.10078125 0.1069618055555556
0 0.43671875 0.3494386574074074 0.09453125 0.10061921296296301
1 0.39453125 0.33865740740740746 0.0953125 0.11703703703703709
1 0.351953125 0.3130266203703703 0.10234375 0.10932870370370366
1 0.30703125 0.2967361111111111 0.109375 0.11568287037037042
1 0.27578125 0.29158564814814814 0.09453125 0.091244212962963
1 0.240625 0.28520543981481483 0.09765625 0.10066550925925925
0 0.51015625 0.22201099537037033 0.0796875 0.09649305555555558
0 0.45859375 0.21226273148148148 0.0796875 0.09649305555555558
1 0.422265625 0.21953703703703703 0.08125 0.09339120370370368
1 0.37109375 0.2062789351851852 0.0875 0.09035879629629628
0 0.33671875 0.18350405092592595 0.08828125 0.08099537037037034
0 0.2921875 0.17073495370370367 0.084375 0.07703125000000002