0 0.05614872685185185 0.7484519675925926 0.06640625 0.14991319444444465
0 0.11684027777777777 0.7528356481481482 0.10425347222222223 0.1606770833333334
0 0.18833912037037037 0.7603298611111111 0.0890625 0.15075231481481488
0 0.24947916666666664 0.7631365740740741 0.08258101851851851 0.1442708333333332
0 0.3059895833333333 0.7750868055555555 0.08295717592592596 0.15442708333333321
0 0.360228587962963 0.7746383101851853 0.08405671296296298 0.16304976851851852
0 0.4164351851851852 0.7842592592592592 0.08807870370370363 0.16631944444444446
0 0.4786892361111111 0.7885850694444445 0.08188657407407404 0.1465856481481481
0 0.5427083333333333 0.7873842592592593 0.07465277777777786 0.16192129629629637
0 0.5937789351851851 0.798755787037037 0.07248263888888892 0.14545717592592594
0 0.6511284722222221 0.7985821759259258 0.08003472222222215 0.15978009259259257
0 0.7042390046296296 0.7970052083333334 0.07346643518518511 0.15095486111111106
0 0.7553674768518519 0.7962818287037037 0.06739004629629619 0.13434606481481487
0 0.809447337962963 0.8001302083333333 0.07092013888888893 0.14539930555555564
0 0.859201388888889 0.7943865740740741 0.07375578703703703 0.1377025462962962
0 0.9104166666666668 0.8018518518518519 0.05789930555555571 0.13087384259259247
0 0.889771412037037 0.5482783564814815 0.04916087962962976 0.12664930555555554
1 0.9360243055555555 0.552806712962963 0.054166666666666786 0.1143518518518519
1 0.9272858796296296 0.45170717592592596 0.045949074074074045 0.103125
1 0.9605902777777778 0.45827546296296295 0.046064814814814524 0.10625
0 0.8813802083333332 0.43780381944444446 0.058680555555555715 0.10983796296296297
0 0.8475549768518519 0.540089699074074 0.05416666666666643 0.1143518518518519
0 0.8421296296296296 0.4337962962962963 0.0625 0.10763888888888892
0 0.8001591435185185 0.42949942129629626 0.06004050925925917 0.10442708333333339
0 0.8061631944444445 0.541232638888889 0.05465856481481488 0.1276331018518519
0 0.7573929398148148 0.5309461805555555 0.05711805555555553 0.10978009259259255
0 0.7567274305555556 0.42252604166666663 0.06163194444444446 0.10526620370370376
0 0.7087094907407407 0.42352430555555554 0.06035879629629637 0.0919560185185185
0 0.7062789351851853 0.5207465277777777 0.06672453703703703 0.11637731481481488
0 0.6542824074074074 0.5238425925925926 0.052690972222222146 0.11663773148148149
0 0.6550202546296295 0.4196614583333334 0.053009259259259166 0.10416666666666674
0 0.6094907407407407 0.4061342592592593 0.057494212962962976 0.09887152777777786
0 0.608695023148148 0.522410300925926 0.053761574074074045 0.12447916666666678
0 0.5584490740740741 0.5203703703703704 0.05975115740740744 0.1176793981481481
0 0.5613425925925926 0.4106481481481481 0.06004050925925917 0.10442708333333325
0 0.5128038194444444 0.4046440972222222 0.06015625 0.1075520833333334
0 0.5019386574074074 0.5189525462962964 0.0666087962962962 0.11325231481481488
0 0.4512586805555555 0.507566550925926 0.06808449074074083 0.11096643518518512
0 0.4661168981481481 0.4013020833333334 0.06565393518518511 0.10853587962962971
0 0.41485821759259256 0.39500868055555555 0.059664351851851906 0.11533564814814809
0 0.39819155092592595 0.5079716435185185 0.06828703703703702 0.11643518518518511
0 0.3467881944444445 0.4950520833333334 0.06015625 0.10755208333333321
0 0.36941550925925926 0.3896701388888889 0.06828703703703702 0.11643518518518521
0 0.3142216435185185 0.384302662037037 0.06270254629629628 0.11310763888888893
0 0.29333043981481477 0.4954716435185185 0.07219328703703702 0.11657986111111107
0 0.2430989583333333 0.493041087962963 0.05711805555555553 0.10978009259259255
0 0.26393229166666665 0.3834346064814815 0.053587962962962976 0.0987268518518519
0 0.31167534722222223 0.18974247685185186 0.05387731481481488 0.08547453703703703
0 0.3169849537037037 0.1095775462962963 0.05292245370370363 0.08075810185185187
0 0.36746238425925926 0.11589988425925926 0.05448495370370372 0.08081597222222223
0 0.35583043981481477 0.19824942129629627 0.05457175925925935 0.08315972222222223
0 0.4099826388888889 0.11588541666666666 0.05543981481481484 0.08553240740740743
0 0.39824942129629626 0.2009693287037037 0.05896990740740744 0.09658564814814811
0 0.4415798611111111 0.20014467592592594 0.055931712962962975 0.09881365740740741
0 0.4527199074074074 0.12054398148148149 0.04997106481481488 0.08532986111111109
0 0.4988859953703704 0.12741608796296294 0.05732060185185191 0.07311921296296298
0 0.4853153935185185 0.20944733796296297 0.06495949074074084 0.08978587962962961
0 0.5314091435185185 0.21827256944444445 0.057494212962962976 0.09887152777777777
0 0.539988425925926 0.12355324074074074 0.04427083333333322 0.0788773148148148
0 0.5827835648148149 0.13718171296296297 0.05387731481481488 0.08547453703703703
0 0.5780092592592593 0.22395833333333334 0.057494212962962976 0.09887152777777777
0 0.6239872685185185 0.14111689814814815 0.04936342592592595 0.08998842592592594
0 0.6186631944444445 0.2322048611111111 0.04997106481481488 0.08532986111111107
0 0.6575810185185185 0.23466435185185186 0.0549768518518519 0.09409722222222223
1 0.6637586805555555 0.1521267361111111 0.04644097222222214 0.07427662037037037
0 0.7023292824074074 0.23768807870370373 0.06565393518518511 0.1085358796296296
0 0.6993055555555555 0.15081018518518516 0.044473379629629585 0.0843460648148148
1 0.7431712962962963 0.16712962962962963 0.04476273148148149 0.07109375
0 0.785546875 0.24474826388888887 0.05457175925925917 0.08315972222222223
0 0.7788773148148148 0.1720486111111111 0.04730902777777768 0.07664930555555553
0 0.8183304398148149 0.17058738425925926 0.046238425925925954 0.06880787037037042
0 0.8244936342592594 0.256958912037037 0.05347222222222214 0.09560185185185191
0 0.8645833333333334 0.24884259259259256 0.055931712962962975 0.09881365740740741
0 0.907523148148148 0.2585648148148148 0.06513310185185191 0.11553819444444446
0 0.9527633101851851 0.25883969907407406 0.059085648148148096 0.09971064814814809
1 0.8576244212962962 0.1734230324074074 0.06397569444444429 0.08428819444444446