0 0.923828125 0.80390625 0.10625 0.140625
0 0.8171875 0.801953125 0.0984375 0.14921875
0 0.71640625 0.805078125 0.11796875 0.125
0 0.615234375 0.798046875 0.1 0.12734375
0 0.51875 0.798046875 0.11015625 0.12734375
0 0.408203125 0.79375 0.11328125 0.131640625
0 0.313671875 0.784765625 0.11796875 0.1359375
0 0.20546875 0.790234375 0.12265625 0.13828125
0 0.1109375 0.777734375 0.10625 0.142578125
0 0.053125 0.6359375 0.10625 0.131640625
1 0.153125 0.65 0.11484375 0.125
0 0.237890625 0.65078125 0.096875 0.131640625
0 0.3328125 0.651953125 0.0984375 0.117578125
0 0.425 0.651953125 0.0953125 0.1296875
1 0.521875 0.654296875 0.1046875 0.1296875
0 0.61875 0.66171875 0.0984375 0.1359375
1 0.715625 0.672265625 0.0921875 0.123046875
0 0.805078125 0.65859375 0.0859375 0.120703125
0 0.901953125 0.66796875 0.0953125 0.12734375
0 0.956640625 0.4203125 0.08359375 0.117578125
0 0.87109375 0.42265625 0.08203125 0.104296875
0 0.785546875 0.418359375 0.0921875 0.1
0 0.703515625 0.413671875 0.0890625 0.1
0 0.61796875 0.419140625 0.0875 0.1109375
0 0.539453125 0.41484375 0.0875 0.09765625
0 0.458984375 0.412890625 0.08515625 0.093359375
0 0.375 0.41171875 0.0890625 0.1
0 0.294921875 0.41171875 0.0953125 0.1
0 0.212890625 0.408203125 0.1015625 0.09765625
1 0.13125 0.409375 0.0921875 0.0953125
0 0.049609375 0.396875 0.0953125 0.112890625
0 0.92109375 0.201953125 0.07578125 0.085546875
0 0.846875 0.199609375 0.08515625 0.09765625
0 0.777734375 0.20078125 0.07734375 0.091015625
0 0.704296875 0.18828125 0.07265625 0.0953125
0 0.631640625 0.19375 0.07578125 0.093359375
0 0.56875 0.189453125 0.07109375 0.093359375
0 0.49609375 0.190625 0.07421875 0.0953125
0 0.4203125 0.18515625 0.07734375 0.093359375
0 0.353125 0.192578125 0.06953125 0.0953125
0 0.285546875 0.1765625 0.08046875 0.101953125
0 0.212109375 0.17578125 0.08203125 0.1
0 0.137890625 0.17890625 0.07890625 0.093359375
0 0.06015625 0.16796875 0.0859375 0.11953125