0 0.9413802083333334 0.23289062500000002 0.11723958333333329 0.23097800925925932
1 0.8689756944444443 0.22695601851851852 0.18541087962962957 0.27299189814814817
1 0.7818923611111112 0.23139467592592594 0.20407986111111107 0.29850115740740735
0 0.6794965277777777 0.26696469907407405 0.20524305555555564 0.3312905092592593
0 0.5993431712962962 0.25016203703703704 0.23396990740740725 0.34228009259259257
0 0.509597800925926 0.2623206018518519 0.26012152777777775 0.34929398148148144
0 0.428425925925926 0.2809722222222222 0.20748842592592598 0.3165393518518519
0 0.351099537037037 0.26581307870370374 0.2262210648148148 0.3826041666666667
1 0.2725202546296296 0.27557291666666667 0.22565393518518517 0.346712962962963
0 0.2116898148148148 0.3084751157407407 0.21065393518518521 0.3041550925925926
0 0.1479369212962963 0.33154224537037036 0.1986979166666667 0.28664351851851855
1 0.09081886574074075 0.3415480324074074 0.15719328703703703 0.2705960648148148