0 0.865234375 0.872265625 0.2375 0.19453125
0 0.622265625 0.859375 0.221484375 0.23046875
0 0.397265625 0.870703125 0.2109375 0.217578125
0 0.163671875 0.881640625 0.244921875 0.212109375
0 0.794140625 0.52734375 0.163671875 0.14453125
0 0.94296875 0.5125 0.1140625 0.1203125
0 0.597265625 0.531640625 0.170703125 0.1203125
0 0.397265625 0.545703125 0.196484375 0.128515625
0 0.21171875 0.55078125 0.201953125 0.112890625
0 0.05234375 0.555078125 0.1046875 0.115625
0 0.068359375 0.43828125 0.134375 0.097265625
1 0.233203125 0.43046875 0.165234375 0.101953125
1 0.402734375 0.441015625 0.176953125 0.101953125
1 0.57890625 0.421484375 0.163671875 0.11015625
1 0.768359375 0.410546875 0.150390625 0.11015625
1 0.936328125 0.401953125 0.126953125 0.0859375
1 0.876953125 0.20078125 0.140234375 0.084375
1 0.72421875 0.206640625 0.1328125 0.0890625
1 0.56796875 0.1984375 0.1359375 0.073046875
1 0.409375 0.20078125 0.148828125 0.062890625
1 0.255859375 0.20234375 0.145703125 0.065625
1 0.086328125 0.206640625 0.148828125 0.062890625
1 0.10703125 0.131640625 0.13125 0.065625
1 0.259765625 0.1265625 0.126953125 0.065625
1 0.417578125 0.1265625 0.1296875 0.0546875
1 0.563671875 0.118359375 0.1328125 0.065625
1 0.702734375 0.119921875 0.134375 0.084375
1 0.851953125 0.121484375 0.140234375 0.07578125