1 0.4897743055555555 0.8622916666666667 0.16067708333333322 0.1591840277777777
1 0.8191753472222223 0.35296874999999994 0.17437499999999986 0.20423611111111112
1 0.8290972222222223 0.21657118055555555 0.19944444444444437 0.2069097222222222
1 0.8095920138888889 0.10225694444444444 0.22230902777777786 0.14243055555555556
0 0.4789670138888889 0.750703125 0.16854166666666667 0.14315972222222212
0 0.47302083333333333 0.6256857638888889 0.18673611111111105 0.16657986111111106
0 0.45571180555555557 0.46429687499999994 0.17005208333333327 0.1596006944444444
0 0.4487500000000001 0.32519965277777774 0.18986111111111117 0.16671874999999997
0 0.4382899305555556 0.18633680555555557 0.19663194444444443 0.1787152777777778
0 0.8289670138888889 0.503107638888889 0.17454861111111092 0.13796874999999992
0 0.8178472222222222 0.647638888888889 0.16980902777777765 0.15413194444444436
0 0.8231423611111112 0.7843229166666668 0.1685416666666665 0.14315972222222229
0 0.8300000000000001 0.9035329861111112 0.1711805555555556 0.1323611111111113