0 0.9139930555555555 0.4207725694444444 0.10671875000000028 0.1746296296296297
0 0.8450434027777778 0.40344039351851857 0.09428819444444443 0.1754513888888889
0 0.7706510416666668 0.39513599537037036 0.11940972222222221 0.19719907407407417
0 0.69359375 0.3882320601851852 0.102482638888889 0.18450810185185187
0 0.6273350694444444 0.37885127314814815 0.11125000000000007 0.18892361111111117
0 0.5548090277777777 0.3687094907407407 0.09527777777777775 0.18018518518518523
0 0.4233159722222222 0.355462962962963 0.11076388888888893 0.2130497685185185
1 0.49650173611111115 0.3804484953703704 0.1112673611111111 0.20684606481481485
1 0.9623090277777777 0.772265625 0.07538194444444457 0.2599247685185183
1 0.9039496527777778 0.7645804398148147 0.14170138888888886 0.27799768518518525
0 0.807265625 0.7456047453703704 0.14774305555555572 0.2736805555555556
0 0.7247135416666668 0.746556712962963 0.12609375000000006 0.25993055555555566
0 0.6384461805555556 0.7340422453703704 0.13137152777777777 0.2734895833333333
0 0.5513020833333334 0.7280989583333334 0.12048611111111107 0.2564814814814813
0 0.47758680555555555 0.7350289351851852 0.11279513888888885 0.24122106481481484
0 0.3818229166666667 0.719224537037037 0.12560763888888893 0.24899305555555565
1 0.29518229166666665 0.724609375 0.14565972222222223 0.2618692129629629
0 0.35540798611111113 0.34403645833333335 0.10043402777777785 0.1734780092592592
0 0.29026041666666663 0.3421238425925926 0.09281249999999996 0.19484374999999998
0 0.2208767361111111 0.3325578703703703 0.09178819444444448 0.18932870370370375
0 0.15197916666666667 0.33392939814814815 0.09739583333333335 0.19277777777777771
0 0.07761284722222223 0.31744502314814815 0.09473958333333335 0.1856076388888889
0 0.03352430555555556 0.3160011574074074 0.047256944444444435 0.18668981481481478
0 0.20100694444444445 0.7007175925925926 0.1421354166666667 0.2702314814814814
0 0.10552083333333333 0.6911631944444444 0.13739583333333333 0.2863136574074073
0 0.4042274305555556 0.9037644675925925 0.14137152777777776 0.19247106481481496
1 0.28952256944444443 0.9033940972222222 0.14734375000000002 0.19321180555555556
1 0.8591666666666665 0.9323365162037037 0.10880208333333315 0.1353269675925926
1 0.954939236111111 0.9446064814814814 0.090121527777778 0.1107870370370371
0 0.6772309027777779 0.9260214120370371 0.13175347222222236 0.1479571759259258
0 0.7728559027777778 0.9237919560185185 0.11847222222222217 0.15241608796296297
1 0.1809201388888889 0.8974421296296295 0.1293055555555555 0.17440972222222229