0 0.9486805555555555 0.5391319444444445 0.10263888888888886 0.2977662037037037
0 0.8596527777777776 0.4922337962962963 0.25362847222222207 0.24164351851851856
0 0.6981944444444445 0.4289554398148148 0.213420138888889 0.25071759259259263
0 0.5677690972222222 0.3869386574074074 0.20112847222222213 0.22016782407407404
0 0.48394965277777774 0.3473119212962963 0.19715277777777782 0.18343171296296293
0 0.4120920138888889 0.3130671296296296 0.1986284722222223 0.16391782407407404
0 0.33391493055555554 0.29489004629629634 0.16914930555555552 0.13324074074074072
0 0.2766753472222222 0.27304108796296295 0.16930555555555554 0.11918402777777777
1 0.2244791666666667 0.25037326388888886 0.12897569444444448 0.10795138888888892
0 0.19188368055555557 0.22912326388888887 0.15199652777777778 0.09874999999999998
0 0.14745659722222224 0.214212962962963 0.15199652777777778 0.09875000000000005
0 0.11328993055555556 0.20157118055555556 0.15940972222222224 0.10739583333333336
0 0.09029513888888889 0.1853298611111111 0.16118055555555558 0.11209490740740743
0 0.0703125 0.17531828703703703 0.12944444444444442 0.10092592592592595
0 0.2538107638888889 0.8312065972222221 0.40470486111111115 0.33726273148148145
0 0.18872395833333333 0.667962962962963 0.3246354166666666 0.2929340277777778
0 0.1383420138888889 0.5718200231481482 0.23536458333333332 0.2172974537037037