0 0.9092534722222222 0.773509837962963 0.06897569444444436 0.060271990740740834
0 0.9097829861111112 0.74140625 0.07286458333333315 0.042476851851851904
0 0.9075954861111111 0.6921875 0.07144097222222215 0.04554398148148149
1 0.9107118055555556 0.718287037037037 0.07616319444444457 0.04649884259259256
1 0.8956423611111111 0.379224537037037 0.07039930555555571 0.057204861111111074
1 0.8940190972222222 0.4043258101851851 0.08395833333333336 0.06394675925925922
1 0.8910243055555555 0.43378182870370363 0.08734375000000014 0.05237268518518512
1 0.8984027777777778 0.45894097222222213 0.07487847222222221 0.052690972222222146
1 0.890798611111111 0.3054542824074074 0.08817708333333343 0.0711226851851852
1 0.9014930555555555 0.4932581018518518 0.07814236111111086 0.055931712962962975
1 0.9047482638888888 0.5224826388888889 0.07144097222222215 0.04554398148148131
1 0.9050173611111111 0.5549479166666667 0.07722222222222222 0.052777777777777854
1 0.9081857638888888 0.5822193287037036 0.07093750000000014 0.05176504629629619
1 0.9090277777777779 0.6099681712962963 0.06763888888888872 0.04774305555555554
1 0.9088802083333333 0.633058449074074 0.07487847222222221 0.052690972222222146
1 0.9082812499999999 0.663599537037037 0.07680555555555557 0.04340277777777786
0 0.8903993055555557 0.349291087962963 0.08826388888888914 0.055526620370370414
0 0.9623958333333335 0.2995949074074074 0.07520833333333314 0.08405671296296298
0 0.9638758680555555 0.33933738425925924 0.07224826388888914 0.04829282407407405
0 0.964609375 0.37275752314814814 0.06814236111111108 0.04152199074074074
0 0.963671875 0.40448495370370363 0.07093750000000014 0.05176504629629623
0 0.9647092013888889 0.432103587962963 0.07058159722222221 0.052777777777777854
0 0.9657031249999999 0.4680700231481481 0.06859375000000015 0.052690972222222146
0 0.9647309027777778 0.4950520833333334 0.07053819444444435 0.05364583333333321
0 0.9669531250000001 0.5258680555555555 0.06609374999999992 0.05584490740740744
0 0.9654079861111111 0.5576388888888889 0.06918402777777785 0.04733796296296298
0 0.9687847222222222 0.5887876157407408 0.0624305555555555 0.05182291666666661
0 0.957673611111111 0.19029224537037034 0.082534722222222 0.06701388888888889
0 0.9592838541666666 0.14518229166666666 0.08143229166666685 0.07332175925925925
0 0.9556901041666667 0.1038773148148148 0.08861979166666671 0.06805555555555555
0 0.969001736111111 0.6142505787037037 0.061996527777778 0.04782986111111107
0 0.9687760416666666 0.6408998842592593 0.062447916666666714 0.05089699074074065
0 0.9694704861111111 0.6758101851851851 0.05989583333333322 0.04901620370370381
0 0.9664496527777778 0.6958767361111111 0.056597222222222146 0.04499421296296298
0 0.9648958333333333 0.7225405092592593 0.050277777777778 0.043200231481481485
0 0.9611371527777777 0.752416087962963 0.053576388888888715 0.047222222222222145
0 0.7649479166666666 0.57265625 0.05989583333333339 0.04901620370370363
0 0.773654513888889 0.6012876157407407 0.06553819444444428 0.053125
0 0.7798437500000001 0.626099537037037 0.06411458333333328 0.056192129629629585
0 0.7816840277777779 0.6498987268518519 0.06411458333333328 0.05619212962962976
1 0.78203125 0.675318287037037 0.06805555555555572 0.05711805555555553
0 0.7851302083333334 0.7010271990740741 0.062239583333333216 0.049103009259259166
0 0.7876215277777778 0.7306712962962962 0.06526041666666664 0.046875
0 0.7914322916666666 0.7547887731481481 0.06131944444444457 0.045949074074074045
0 0.7262413194444445 0.7317708333333333 0.06567708333333329 0.05625
1 0.722439236111111 0.699045138888889 0.07616319444444457 0.04649884259259274
1 0.7208072916666667 0.679933449074074 0.07918402777777782 0.04427083333333322
1 0.7138107638888889 0.6281539351851853 0.07730902777777775 0.03718171296296298
1 0.7079166666666667 0.5747685185185185 0.07588541666666657 0.04024884259259256
1 0.7468142361111111 0.31430844907407407 0.07039930555555554 0.057204861111111074
1 0.7456423611111112 0.34956597222222224 0.08144097222222228 0.059953703703703634
1 0.7534548611111112 0.38449074074074074 0.07277777777777779 0.058072916666666606
1 0.7609895833333333 0.41316550925925927 0.07277777777777779 0.058072916666666606
1 0.7594270833333334 0.4484375 0.08135416666666676 0.07554976851851851
1 0.7644010416666667 0.4811197916666667 0.07855902777777786 0.06530671296296298
1 0.7699652777777778 0.5094762731481481 0.08583333333333325 0.07103587962962976
1 0.7702256944444444 0.5329427083333333 0.08630208333333336 0.06403356481481488
1 0.6800868055555556 0.3887731481481482 0.083732638888889 0.07641782407407405
0 0.6714496527777778 0.326490162037037 0.09001736111111107 0.07743055555555553
0 0.7188107638888889 0.6526186342592593 0.06906250000000007 0.04467592592592595
0 0.7047829861111111 0.601099537037037 0.08144097222222228 0.05995370370370381
0 0.70234375 0.5550202546296296 0.08157986111111111 0.0630787037037038
0 0.7031944444444445 0.5213396990740741 0.08684027777777778 0.05859375
0 0.6962239583333334 0.496556712962963 0.08093749999999993 0.06617476851851851
0 0.6921701388888889 0.4669704861111111 0.07671875000000003 0.058998842592592735
0 0.6875173611111112 0.4327112268518518 0.08253472222222218 0.06701388888888893
0 0.7330555555555556 0.20721932870370371 0.083454861111111 0.07016782407407407
0 0.7230121527777778 0.13090277777777776 0.08303819444444435 0.06079282407407405
1 0.7323350694444445 0.1645978009259259 0.08817708333333343 0.0711226851851852
1 0.8866059027777778 0.18470775462962963 0.09189236111111114 0.08451967592592595
1 0.8842968750000001 0.15036168981481482 0.08909722222222242 0.07427662037037037
1 0.8755208333333334 0.12016782407407407 0.10119791666666664 0.08330439814814813
1 0.8718923611111112 0.07374131944444444 0.10541666666666671 0.0904803240740741
1 0.7229340277777778 0.08512731481481481 0.08909722222222208 0.07427662037037037
1 0.7169357638888889 0.047005208333333326 0.09203124999999997 0.08764467592592592
1 0.5162239583333333 0.23207465277777778 0.07713541666666668 0.06837384259259258
1 0.5076215277777778 0.18817997685185187 0.084375 0.07332175925925925
0 0.6530208333333334 0.21996527777777777 0.084375 0.07332175925925925
0 0.6582899305555555 0.18885995370370373 0.08395833333333336 0.06394675925925926
0 0.6429166666666667 0.15108506944444444 0.08725694444444443 0.06796875
0 0.6413454861111111 0.10692997685185184 0.0905555555555555 0.07199074074074074
0 0.6309027777777778 0.07445023148148147 0.09776041666666657 0.07615740740740742
0 0.6260069444444445 0.038404224537037034 0.1035763888888889 0.07680844907407407
0 0.5023697916666666 0.16685474537037037 0.07951388888888893 0.06924189814814818
0 0.49781250000000005 0.12594039351851852 0.08043402777777793 0.07239583333333335
0 0.48234374999999996 0.041999421296296295 0.08149305555555557 0.07867476851851853
1 0.48834201388888887 0.08012152777777778 0.08671875 0.07340856481481481
1 0.4730729166666666 0.01892361111111111 0.07895833333333328 0.03784722222222222
1 0.3946180555555555 0.030627893518518516 0.08923611111111107 0.06125578703703703
0 0.38351562499999997 0.018388310185185185 0.09515624999999997 0.03677662037037037
0 0.4409895833333334 0.2559895833333333 0.08144097222222228 0.059953703703703634
0 0.4321614583333333 0.20701678240740745 0.08043402777777775 0.07239583333333337
0 0.42061631944444444 0.14092881944444444 0.08135416666666662 0.07554976851851851
1 0.4247395833333333 0.1720775462962963 0.08671875 0.07340856481481484
0 0.40875868055555553 0.10302372685185186 0.08185763888888893 0.06932870370370371
0 0.40340277777777783 0.061747685185185176 0.08859375000000003 0.08049768518518519
0 0.5340104166666666 0.34175347222222224 0.0757118055555555 0.07144097222222223
0 0.5433333333333333 0.37544849537037034 0.08684027777777778 0.05859375
0 0.5948958333333334 0.6904658564814815 0.06567708333333329 0.05625
0 0.592013888888889 0.660836226851852 0.07671874999999986 0.058998842592592735
0 0.5890017361111111 0.6370804398148149 0.07277777777777779 0.058072916666666786
0 0.5840798611111111 0.6055700231481481 0.0757118055555555 0.07144097222222215
1 0.5808940972222223 0.577907986111111 0.07227430555555543 0.0642939814814815
1 0.5758940972222222 0.553443287037037 0.0747916666666665 0.06828703703703702
1 0.566796875 0.5248263888888889 0.07763888888888885 0.062152777777777855
0 0.5624218750000001 0.4968171296296296 0.0780555555555555 0.07152777777777786
0 0.5564149305555556 0.46730324074074076 0.07479166666666667 0.06828703703703702
1 0.556467013888889 0.43326099537037044 0.07526041666666679 0.06128472222222214
1 0.5529861111111112 0.39895833333333336 0.08776041666666679 0.06174768518518521
0 0.4650434027777777 0.3482204861111111 0.08093749999999993 0.06617476851851851
0 0.4702430555555555 0.38598090277777775 0.07369791666666678 0.06122685185185191
0 0.4762673611111111 0.4158854166666666 0.06989583333333335 0.06342592592592591
0 0.489375 0.44670138888888894 0.07763888888888885 0.062152777777777855
0 0.493515625 0.47824074074074063 0.07763888888888885 0.062152777777777855
1 0.4973263888888889 0.5023582175925926 0.06805555555555554 0.05711805555555553
0 0.5045399305555556 0.5326099537037037 0.07671875000000003 0.05899884259259256
1 0.5110329861111111 0.5554542824074075 0.07185763888888878 0.054918981481481485
1 0.5133680555555555 0.5815827546296296 0.07277777777777779 0.058072916666666786
0 0.5200868055555556 0.6095052083333334 0.06897569444444436 0.060271990740740834
0 0.524765625 0.635546875 0.07277777777777779 0.058072916666666606
0 0.5258072916666666 0.6765914351851852 0.07369791666666678 0.06122685185185191
1 0.532421875 0.6845630787037037 0.07579861111111104 0.05584490740740744
0 0.1720920138888889 0.011125578703703703 0.06918402777777777 0.022251157407407407
0 0.18690104166666666 0.027662037037037034 0.07067708333333331 0.05532407407407407
1 0.19177083333333333 0.05393518518518518 0.06659722222222224 0.059403935185185185
1 0.24852430555555555 0.015711805555555555 0.08454861111111107 0.03142361111111111
1 0.26407118055555556 0.06964699074074074 0.07526041666666669 0.061284722222222233
1 0.2774826388888889 0.11610243055555555 0.07951388888888893 0.06924189814814814
0 0.2590017361111111 0.04361979166666667 0.08093749999999993 0.06617476851851853
0 0.20415798611111108 0.09495081018518518 0.07461805555555559 0.06438078703703702
0 0.21187500000000004 0.1365306712962963 0.07227430555555558 0.0642939814814815
1 0.21742187500000001 0.16449652777777776 0.07461805555555552 0.06438078703703702
0 0.22934895833333332 0.20396412037037037 0.07461805555555552 0.06438078703703702
0 0.2812847222222222 0.148828125 0.08144097222222228 0.05995370370370372
0 0.29163194444444446 0.18796296296296297 0.07671875000000003 0.05899884259259256
0 0.30180555555555555 0.22319155092592596 0.07434027777777778 0.05813078703703704
0 0.23378472222222219 0.24214409722222224 0.07434027777777778 0.05813078703703702
0 0.2460243055555556 0.2710358796296296 0.07526041666666661 0.061284722222222233
1 0.31162326388888884 0.2592158564814815 0.08253472222222218 0.06701388888888893
1 0.3406076388888889 0.35674189814814816 0.08144097222222228 0.05995370370370372
1 0.3495399305555556 0.39045138888888886 0.07960069444444447 0.0536458333333333
1 0.35737847222222224 0.4171585648148149 0.07526041666666661 0.061284722222222185
1 0.2837326388888889 0.397583912037037 0.07039930555555554 0.057204861111111074
0 0.27685763888888887 0.3661458333333333 0.08253472222222218 0.06701388888888893
0 0.36323784722222224 0.45215567129629636 0.07722222222222222 0.052777777777777854
1 0.2940277777777778 0.4179398148148148 0.06989583333333335 0.06342592592592596
1 0.30217881944444447 0.45167824074074076 0.06989583333333335 0.06342592592592596
1 0.3071788194444444 0.4761429398148148 0.08052083333333329 0.05679976851851851
1 0.314921875 0.5095052083333333 0.06989583333333335 0.06342592592592596
1 0.36839409722222227 0.4801359953703703 0.08052083333333329 0.05679976851851851
1 0.3737152777777778 0.5030237268518519 0.08538194444444444 0.06087962962962976
1 0.3886371527777778 0.5306423611111111 0.07909722222222229 0.05986689814814809
0 0.32568576388888887 0.5404079861111111 0.07369791666666661 0.06122685185185191
0 0.33620659722222224 0.5658420138888889 0.06805555555555554 0.05711805555555571
0 0.3897743055555556 0.5650318287037037 0.06805555555555554 0.05711805555555553
0 0.39848090277777776 0.5936631944444445 0.06805555555555554 0.05711805555555553
1 0.337421875 0.5931857638888889 0.07487847222222221 0.052690972222222146
0 0.34556423611111114 0.6179253472222221 0.06618055555555555 0.05002893518518512
0 0.35411458333333334 0.643041087962963 0.06461805555555555 0.04997106481481488
0 0.361953125 0.669748263888889 0.058940972222222235 0.04508101851851869
1 0.4053819444444445 0.6168836805555555 0.06998263888888889 0.04782986111111107
0 0.40927951388888884 0.6429542824074075 0.07392361111111115 0.04875578703703702
0 0.4141840277777778 0.674074074074074 0.06173611111111103 0.055324074074074046
0 0.13255208333333335 0.28854166666666664 0.07185763888888888 0.054918981481481485
0 0.12094618055555557 0.2474971064814815 0.07319444444444444 0.06744791666666669
0 0.07140625 0.3037181712962963 0.06499999999999999 0.05856481481481488
1 0.10880208333333333 0.21195023148148148 0.0693923611111111 0.06964699074074074
1 0.09725694444444444 0.18107638888888888 0.06796875 0.07271412037037042
1 0.09740451388888889 0.14037905092592592 0.06651041666666666 0.075