0 0.9297887731481481 0.582421875 0.14042245370370382 0.36015625
0 0.8481539351851852 0.596875 0.20173032407407412 0.3484375
0 0.7292939814814815 0.61953125 0.20549768518518513 0.34375
0 0.6147627314814814 0.630078125 0.20274305555555544 0.35625
0 0.49873263888888886 0.669140625 0.20510995370370363 0.35703125
0 0.38447916666666665 0.6890625 0.19644675925925928 0.3546875
0 0.2624826388888889 0.711328125 0.1980555555555556 0.35625
0 0.149921875 0.748828125 0.19681712962962963 0.3671875
0 0.0856105324074074 0.39765625 0.15821180555555553 0.35625
0 0.19048900462962964 0.377734375 0.2044212962962963 0.36015625
0 0.3114988425925926 0.36171875 0.19490740740740745 0.35546875
0 0.4292881944444444 0.329296875 0.2063078703703703 0.37109375
0 0.5569704861111111 0.301171875 0.20938657407407407 0.36953125
0 0.6717071759259259 0.284375 0.20354745370370358 0.35703125
0 0.7885445601851852 0.259375 0.20460648148148142 0.36640625
0 0.9029586226851851 0.23671875 0.19408275462962976 0.3640625