0 0.04921875 0.275 0.0875 0.2859375
0 0.13125 0.2609375 0.0890625 0.28046875
0 0.21015625 0.270703125 0.084375 0.2890625
0 0.29453125 0.26953125 0.090625 0.2859375
1 0.38046875 0.265234375 0.0828125 0.29453125
0 0.4625 0.2609375 0.084375 0.302734375
0 0.55078125 0.247265625 0.084375 0.2890625
0 0.63671875 0.24453125 0.0875 0.2890625
0 0.7203125 0.245703125 0.075 0.297265625
0 0.79921875 0.2359375 0.0765625 0.277734375
0 0.8859375 0.2484375 0.0875 0.297265625
0 0.96640625 0.24296875 0.0671875 0.302734375
0 0.04609375 0.8875 0.0921875 0.225
0 0.1328125 0.8875 0.09375 0.222265625
0 0.2203125 0.88203125 0.084375 0.2359375
0 0.30390625 0.884765625 0.0890625 0.23046875
0 0.38515625 0.884765625 0.0859375 0.23046875
0 0.46640625 0.88046875 0.0921875 0.2390625
0 0.55 0.88046875 0.0890625 0.2390625
0 0.63671875 0.877734375 0.0875 0.24453125
0 0.72265625 0.87890625 0.09375 0.2421875
0 0.8046875 0.86953125 0.0921875 0.25
0 0.89921875 0.88046875 0.090625 0.2390625
0 0.13203125 0.05546875 0.0953125 0.1109375
0 0.0390625 0.058203125 0.078125 0.11640625
1 0.21484375 0.058203125 0.06875 0.11640625
0 0.296875 0.05546875 0.08125 0.1109375
0 0.38046875 0.058203125 0.0796875 0.11640625
0 0.46484375 0.052734375 0.0765625 0.10546875
1 0.54765625 0.05 0.084375 0.1
0 0.634375 0.0484375 0.0796875 0.096875
0 0.71484375 0.054296875 0.084375 0.108203125
0 0.8 0.05 0.0875 0.1
0 0.88515625 0.05 0.0828125 0.1
0 0.96328125 0.0484375 0.0734375 0.096875