0 0.6181192129629629 0.8723003472222223 0.43149305555555556 0.236857638888889
1 0.4582436342592593 0.7778385416666667 0.36982638888888886 0.3971527777777778
0 0.3783680555555556 0.6077951388888889 0.3372106481481481 0.3042708333333334
0 0.33133391203703705 0.48778645833333334 0.277980324074074 0.25999999999999995
1 0.2831076388888889 0.3955295138888889 0.2301388888888889 0.24644097222222222
1 0.7807494212962963 0.41180555555555554 0.15796874999999985 0.1722048611111111
1 0.9429137731481483 0.5362847222222222 0.09961226851851848 0.13420138888888894
0 0.8894126157407408 0.457421875 0.15014467592592595 0.17125000000000004
0 0.2658478009259259 0.32171875000000005 0.1970659722222222 0.17541666666666664
0 0.25166956018518516 0.2771267361111111 0.19976273148148146 0.14657986111111115
0 0.7407812500000001 0.34201388888888895 0.1467881944444443 0.15555555555555553
0 0.6661718750000001 0.29095486111111113 0.13418402777777771 0.1482465277777778
0 0.6156655092592592 0.24717013888888886 0.11934027777777771 0.14791666666666664
0 0.9599334490740741 0.38907986111111115 0.07031828703703695 0.16010416666666671
0 0.8979571759259258 0.32875868055555557 0.102482638888889 0.11708333333333334
0 0.8450491898148147 0.2889322916666667 0.11666087962962957 0.1252083333333333
0 0.9773177083333333 0.2699826388888889 0.03798032407407419 0.08597222222222226
0 0.919933449074074 0.2423611111111111 0.06145254629629626 0.08883680555555555
1 0.9611140046296296 0.25667534722222224 0.06409722222222243 0.10920138888888893
0 0.8767824074074074 0.22926215277777776 0.07223958333333336 0.07892361111111106
0 0.8247916666666667 0.20659722222222224 0.06850694444444443 0.09055555555555553
0 0.7707552083333333 0.19022569444444443 0.0756307870370371 0.09696180555555553
0 0.7111082175925926 0.15718749999999998 0.0763310185185185 0.09151041666666666
0 0.1694994212962963 0.18289062500000003 0.08150462962962961 0.12442708333333333
0 0.09760416666666667 0.21221354166666667 0.07885995370370372 0.10406250000000003
0 0.1212037037037037 0.14803819444444444 0.07704282407407406 0.08684027777777778