0 0.29296875 0.81328125 0.309765625 0.3640625
0 0.482421875 0.733984375 0.281640625 0.31796875
0 0.6109375 0.675390625 0.225 0.25390625
0 0.70546875 0.5828125 0.215234375 0.1921875
0 0.76328125 0.5265625 0.162109375 0.132421875
1 0.856640625 0.47578125 0.170703125 0.132421875
1 0.91640625 0.446875 0.15234375 0.134765625
1 0.94140625 0.40078125 0.09765625 0.1015625
1 0.178125 0.587109375 0.212109375 0.16328125
1 0.310546875 0.528515625 0.190234375 0.158984375
1 0.420703125 0.48359375 0.18203125 0.15234375
1 0.519140625 0.458984375 0.160546875 0.13671875
1 0.604296875 0.4359375 0.165625 0.121484375
1 0.672265625 0.41171875 0.18203125 0.121484375
1 0.726953125 0.39296875 0.216796875 0.108203125
1 0.79375 0.37421875 0.1671875 0.110546875
1 0.853515625 0.35 0.15390625 0.079296875
1 0.897265625 0.33125 0.15234375 0.059765625
1 0.93125 0.31796875 0.117578125 0.046484375
1 0.94296875 0.3046875 0.104296875 0.041796875
1 0.076953125 0.390625 0.09765625 0.09921875
0 0.16875 0.353125 0.1359375 0.094921875
0 0.254296875 0.332421875 0.12421875 0.094921875
0 0.341796875 0.319140625 0.1140625 0.1171875
0 0.423046875 0.3234375 0.09609375 0.090625
0 0.467578125 0.301171875 0.1140625 0.068359375
0 0.525 0.2859375 0.089453125 0.0640625
0 0.5859375 0.2671875 0.087890625 0.07265625
0 0.634765625 0.260546875 0.09765625 0.068359375
0 0.68125 0.250390625 0.09609375 0.079296875
1 0.717578125 0.24609375 0.084375 0.06640625
0 0.753125 0.239453125 0.092578125 0.059765625
0 0.798046875 0.231640625 0.074609375 0.0640625
0 0.8359375 0.226171875 0.079296875 0.055078125
0 0.870703125 0.225 0.077734375 0.068359375
0 0.89140625 0.2140625 0.07265625 0.079296875
0 0.923828125 0.203125 0.076171875 0.079296875
0 0.94765625 0.194140625 0.076171875 0.075