1 0.23677083333333332 0.311328125 0.17458333333333337 0.228125
1 0.3231770833333333 0.27734375 0.13859375000000007 0.2390625
1 0.4045052083333333 0.255078125 0.15661458333333336 0.2515625
0 0.4911458333333334 0.236328125 0.16140624999999992 0.24140625
0 0.5742708333333333 0.21171875 0.16708333333333342 0.25625
1 0.6670833333333334 0.191796875 0.18859375000000006 0.25078125
1 0.7575000000000001 0.153515625 0.1926562500000001 0.26484375
0 0.8536979166666667 0.1375 0.21098958333333329 0.25859375
1 0.39778645833333337 0.458984375 0.11124999999999999 0.15703125
1 0.46200520833333336 0.437890625 0.11036458333333332 0.14375
0 0.5330208333333333 0.41328125 0.1192708333333334 0.1484375
1 0.6103385416666667 0.401171875 0.12531250000000008 0.16875
1 0.6878645833333333 0.38046875 0.12317708333333321 0.16015625
1 0.7683333333333333 0.362890625 0.14333333333333337 0.18125
0 0.8424739583333334 0.344140625 0.14744791666666676 0.184375
1 0.925546875 0.324609375 0.13526041666666658 0.165625
0 0.47901041666666666 0.64609375 0.09489583333333336 0.1109375
1 0.5386979166666667 0.633203125 0.07854166666666665 0.08828125
1 0.5925260416666667 0.6203125 0.08401041666666664 0.1
1 0.6436718750000001 0.60234375 0.09187499999999993 0.1125
0 0.7012239583333333 0.5984375 0.08395833333333336 0.1109375
0 0.7604427083333333 0.584375 0.11005208333333343 0.12734375
1 0.8248958333333334 0.57265625 0.11526041666666664 0.1234375
0 0.88546875 0.561328125 0.10463541666666672 0.13984375
1 0.9451562499999999 0.542578125 0.10427083333333335 0.134375
1 0.9682031249999999 0.535546875 0.06359375000000007 0.14296875