0 0.3705439814814815 0.26968749999999997 0.18557870370370377 0.15562500000000004
0 0.3241319444444445 0.3861458333333333 0.20332175925925924 0.18249999999999994
0 0.2865364583333333 0.4988802083333333 0.21021990740740737 0.19541666666666657
0 0.24080439814814816 0.6173437500000001 0.2169560185185185 0.20520833333333321
0 0.19309895833333335 0.7360677083333333 0.20200231481481482 0.18708333333333335
1 0.14931134259259257 0.8699479166666666 0.21617476851851852 0.20515624999999993
0 0.6011979166666667 0.36463541666666666 0.19270254629629627 0.14286458333333324
0 0.5704600694444444 0.4660677083333333 0.1877199074074074 0.15187500000000004
0 0.5284722222222222 0.5879166666666666 0.19625000000000004 0.18125
0 0.4553385416666667 0.8417447916666667 0.20789930555555552 0.16567708333333328
0 0.4240190972222222 0.9429166666666667 0.2048668981481482 0.11416666666666657
0 0.5841724537037036 0.9712239583333332 0.18611111111111106 0.05755208333333357
0 0.6293373842592592 0.8878385416666668 0.21023148148148146 0.18062499999999987
0 0.6596006944444445 0.7577604166666666 0.20465277777777774 0.16312499999999996
0 0.6963425925925926 0.63125 0.19607060185185182 0.14776041666666656
1 0.7200491898148148 0.5293489583333333 0.1829918981481482 0.15078125
1 0.49141493055555563 0.705390625 0.2093287037037037 0.17822916666666658
1 0.7540480324074075 0.41794270833333336 0.18591435185185184 0.14708333333333332