0 0.09960069444444444 0.8015740740740741 0.1992013888888889 0.23591435185185183
0 0.30484953703703704 0.828113425925926 0.2617476851851852 0.26944444444444426
0 0.5237037037037038 0.870564236111111 0.24891203703703693 0.24660300925925904
0 0.7514467592592593 0.8929658564814815 0.2809606481481481 0.19552662037037044
0 0.1984201388888889 0.4727372685185185 0.18847222222222224 0.17384837962962968
0 0.061348379629629635 0.43459780092592587 0.12269675925925927 0.1401793981481482
0 0.3912065972222222 0.5085445601851852 0.19126157407407404 0.151238425925926
0 0.5850202546296297 0.5541001157407408 0.21800925925925937 0.1641319444444445
0 0.7661111111111111 0.5885185185185184 0.2209143518518518 0.14933449074074084
0 0.921886574074074 0.6182349537037037 0.1253935185185185 0.13385995370370374
0 0.9228530092592593 0.5002777777777778 0.14082175925925924 0.12081018518518505
1 0.7679224537037037 0.4662528935185185 0.18237847222222214 0.1315798611111111
1 0.5990596064814815 0.4500086805555556 0.1941319444444444 0.1340972222222223
1 0.4298784722222222 0.40252604166666667 0.18249421296296298 0.1393923611111111
1 0.24576099537037038 0.3615133101851852 0.16917824074074073 0.13685185185185186
1 0.08264467592592592 0.3264380787037037 0.14142939814814817 0.10910300925925931
1 0.17878761574074073 0.13716435185185186 0.15472222222222226 0.11008101851851851
1 0.32752604166666666 0.1673755787037037 0.1477372685185186 0.11310185185185184
1 0.4827112268518519 0.18421296296296297 0.1482870370370371 0.09748842592592588
1 0.6377401620370371 0.21159722222222221 0.15910879629629626 0.08983796296296295
1 0.7884953703703703 0.23748263888888888 0.1560185185185185 0.09213541666666669
1 0.9352633101851853 0.268894675925926 0.12239004629629627 0.08929398148148149
1 0.9371903935185186 0.19153935185185186 0.12082754629629626 0.08927083333333333
1 0.7989872685185185 0.161953125 0.13800347222222237 0.08874421296296298
1 0.6439236111111111 0.13691261574074073 0.1386342592592591 0.07859953703703706
1 0.5018373842592593 0.10582175925925927 0.14348379629629626 0.08960648148148148
1 0.3650636574074074 0.08519675925925926 0.1484490740740741 0.10842592592592593
1 0.21816261574074072 0.06276909722222222 0.15303240740740742 0.10146412037037036