0 0.07265625 0.3328125 0.144921875 0.338671875
0 0.194140625 0.341796875 0.130859375 0.3296875
0 0.315625 0.342578125 0.1359375 0.323828125
0 0.43046875 0.35390625 0.130078125 0.3375
0 0.553125 0.337890625 0.1328125 0.3375
0 0.66953125 0.340234375 0.123828125 0.3375
0 0.794140625 0.341796875 0.125 0.338671875
0 0.912890625 0.326953125 0.12109375 0.35078125
0 0.91796875 0.68515625 0.125 0.338671875
0 0.79140625 0.68125 0.130859375 0.341796875
0 0.669140625 0.673828125 0.121875 0.338671875
0 0.546484375 0.6828125 0.130859375 0.35234375
0 0.41484375 0.6859375 0.133984375 0.35078125
0 0.2984375 0.68046875 0.130859375 0.338671875
0 0.178515625 0.6828125 0.130078125 0.34765625
0 0.0609375 0.6828125 0.119140625 0.34765625