1 0.605859375 0.86640625 0.14140625 0.2671875
0 0.758203125 0.86015625 0.14453125 0.2796875
0 0.915234375 0.86015625 0.14921875 0.2796875
0 0.955859375 0.576953125 0.08828125 0.24453125
0 0.85859375 0.57578125 0.1859375 0.2625
0 0.7265625 0.5734375 0.128125 0.2625
0 0.59375 0.564453125 0.1515625 0.291796875
0 0.469921875 0.560546875 0.125 0.304296875
0 0.33125 0.564453125 0.125 0.295703125
0 0.4578125 0.858984375 0.14921875 0.272265625
0 0.3046875 0.858984375 0.1640625 0.28203125
0 0.152734375 0.85625 0.16953125 0.2875
0 0.20078125 0.56953125 0.11484375 0.275
0 0.071484375 0.547265625 0.14296875 0.315234375
0 0.098046875 0.175 0.1078125 0.1734375
0 0.031640625 0.16953125 0.06328125 0.204296875
0 0.196875 0.177734375 0.078125 0.1890625
0 0.2875 0.175 0.0796875 0.1515625
0 0.37890625 0.177734375 0.103125 0.15703125
0 0.4625 0.1828125 0.0984375 0.1625
0 0.55 0.18671875 0.09453125 0.1859375
0 0.64296875 0.1796875 0.103125 0.16796875
0 0.728515625 0.16328125 0.1 0.18046875
0 0.810546875 0.166015625 0.0984375 0.18046875
0 0.901171875 0.16953125 0.09765625 0.1734375
0 0.97109375 0.1546875 0.0578125 0.18046875
0 0.54140625 0.058203125 0.0796875 0.10703125
0 0.465625 0.058203125 0.0796875 0.11640625
0 0.39375 0.059765625 0.08828125 0.11953125
0 0.315625 0.05703125 0.0828125 0.1140625
1 0.621875 0.053515625 0.08125 0.10703125
0 0.7796875 0.058203125 0.075 0.11640625