0 0.9400925925925925 0.5474392361111111 0.11981481481481496 0.26111111111111107
0 0.9194068287037037 0.2524045138888889 0.1162557870370371 0.2610069444444444
0 0.839453125 0.5618055555555556 0.11834490740740726 0.2524652777777778
0 0.7444733796296296 0.5619618055555555 0.12098958333333343 0.2626736111111111
0 0.6352835648148147 0.5706423611111111 0.1097974537037036 0.2538368055555555
0 0.7152604166666666 0.26202256944444446 0.10465277777777775 0.26465277777777774
0 0.6181336805555555 0.2688715277777778 0.10485532407407412 0.24513888888888893
1 0.8222309027777778 0.24440104166666665 0.11253472222222242 0.26717013888888885
1 0.5423061342592593 0.5856076388888889 0.11715277777777793 0.26493055555555556
1 0.5305555555555556 0.2813715277777778 0.11276041666666678 0.2484375
0 0.44211226851851854 0.5944791666666667 0.1091550925925926 0.2585069444444443
0 0.4246383101851852 0.2817708333333333 0.1112673611111111 0.25074652777777773
0 0.3250405092592593 0.284375 0.11770254629629626 0.2571354166666667
1 0.34617766203703704 0.5887934027777778 0.10442708333333339 0.28338541666666667
0 0.22211226851851854 0.29330729166666664 0.11294560185185185 0.2546875
0 0.2453530092592593 0.6027604166666667 0.12094328703703708 0.26111111111111107
0 0.14026041666666667 0.5914149305555556 0.12446180555555553 0.27446180555555555
0 0.12291956018518517 0.3095833333333334 0.11919560185185185 0.2548263888888889
1 0.05486400462962963 0.5983940972222223 0.08236689814814815 0.27664930555555556
0 0.043382523148148146 0.31643229166666664 0.07514467592592593 0.2436979166666667