1 0.19260416666666666 0.16710358796296296 0.32114583333333335 0.3342071759259259
0 0.3283333333333333 0.2941869212962963 0.2919791666666667 0.3199594907407407
0 0.43128472222222225 0.39283275462962963 0.25326388888888884 0.29150462962962964
0 0.5348263888888889 0.4871585648148148 0.24998263888888897 0.2703414351851851
0 0.6155208333333333 0.5778587962962962 0.22647569444444446 0.23297453703703716
0 0.6888975694444446 0.6359201388888889 0.22866319444444444 0.21197337962962964
0 0.7572222222222222 0.6859172453703704 0.18067708333333332 0.18558449074074074
1 0.5370052083333333 0.7385966435185185 0.16270833333333332 0.14994212962962958
1 0.4676388888888889 0.6827633101851852 0.15822916666666664 0.15449074074074076
1 0.4004427083333333 0.6405555555555555 0.21329861111111117 0.164704861111111
1 0.3191319444444445 0.5799913194444445 0.2284548611111111 0.17217592592592582
1 0.23137152777777778 0.5063194444444445 0.25229166666666664 0.19940972222222228
1 0.12994791666666666 0.424447337962963 0.2317013888888889 0.22766782407407402