0 0.14978298611111113 0.683744212962963 0.06871527777777775 0.1608275462962963
1 0.19570601851851852 0.6884577546296297 0.06715277777777776 0.16073495370370364
0 0.23572916666666668 0.19029513888888888 0.07037037037037042 0.1640451388888889
0 0.2935763888888889 0.18804108796296296 0.06908564814814815 0.1733275462962963
1 0.23668402777777775 0.3545891203703704 0.06779513888888893 0.15609374999999998
1 0.2845949074074074 0.3603587962962963 0.06758680555555552 0.14906249999999996
1 0.24147858796296298 0.6880931712962963 0.060827546296296296 0.13150462962962967
1 0.2880787037037037 0.6892447916666666 0.062459490740740795 0.13394097222222215
1 0.34141782407407406 0.1914670138888889 0.07788773148148147 0.18086805555555552
0 0.33379050925925924 0.35666087962962967 0.06779513888888893 0.15609375000000006
0 0.3853327546296296 0.36612847222222217 0.06921874999999993 0.15149884259259264
0 0.3947395833333333 0.19495949074074076 0.06657986111111107 0.16771990740740744
0 0.3346556712962963 0.689615162037037 0.06096643518518521 0.13619212962962948
0 0.3809346064814815 0.6931336805555556 0.06209490740740744 0.147957175925926
0 0.4266493055555555 0.6908159722222222 0.06864583333333338 0.1584837962962963
1 0.43374710648148146 0.36247685185185186 0.06460069444444443 0.15356481481481482
1 0.4456134259259259 0.19507523148148148 0.0723263888888889 0.1774189814814815
1 0.4838628472222222 0.3634201388888889 0.06963541666666657 0.16556134259259264
1 0.49571759259259257 0.1956278935185185 0.07135995370370374 0.1711226851851852
1 0.5459953703703704 0.20203993055555552 0.06750000000000007 0.17245370370370366
1 0.5984664351851852 0.2032349537037037 0.07135995370370374 0.1711226851851852
1 0.4740190972222222 0.6915306712962963 0.06308449074074077 0.15503472222222214
1 0.5184027777777778 0.6971180555555556 0.06730902777777778 0.13968749999999996
1 0.5650376157407407 0.6994415509259259 0.06574652777777779 0.1395949074074075
0 0.5312789351851852 0.365697337962963 0.06715277777777776 0.16073495370370364
0 0.6517881944444445 0.20672743055555554 0.0588831018518519 0.17116319444444447
1 0.5817505787037037 0.3654456018518519 0.06386574074074076 0.15508101851851847
0 0.6121903935185184 0.7060387731481482 0.05225694444444447 0.13177662037037052
0 0.658894675925926 0.7107060185185186 0.06089699074074062 0.13384837962962964
0 0.6346238425925926 0.36700810185185184 0.059386574074074085 0.16183449074074074
1 0.6805005787037037 0.37015914351851853 0.06586805555555557 0.17001736111111115
1 0.6974218750000001 0.20167534722222222 0.07349537037037024 0.16423032407407404
1 0.7323292824074075 0.37608796296296293 0.06423611111111108 0.16758101851851848
1 0.7804918981481481 0.37714699074074076 0.06009837962962976 0.15953703703703698
1 0.8296875 0.37344907407407407 0.062146990740740905 0.17603587962962966
1 0.7038946759259259 0.6974739583333334 0.05483217592592595 0.13972800925925916
1 0.7974971064814815 0.700144675925926 0.06195601851851862 0.14326967592592582
1 0.8907204861111111 0.7032291666666667 0.051707175925925955 0.139542824074074
0 0.7545341435185186 0.2010300925925926 0.07292245370370373 0.17121527777777779
0 0.8020775462962962 0.20760416666666667 0.07434606481481473 0.16662037037037036
0 0.9038252314814816 0.20783564814814817 0.0829629629629629 0.1679108796296296
0 0.8762760416666666 0.37421006944444446 0.06129629629629605 0.17364583333333333
0 0.9740914351851853 0.38266782407407407 0.05181712962962948 0.16183449074074074
0 0.7472106481481482 0.706646412037037 0.06344907407407412 0.1410185185185185
0 0.8457407407407407 0.7039380787037037 0.05639467592592595 0.13982060185185183
0 0.9372858796296295 0.7032089120370371 0.06829861111111128 0.1467650462962963
1 0.850882523148148 0.20392939814814817 0.07037037037037024 0.1640451388888889
1 0.9533564814814814 0.21546585648148148 0.07037037037037024 0.1640451388888889
1 0.9253935185185185 0.3810821759259259 0.07069444444444457 0.17498263888888888
1 0.9852690972222222 0.21756365740740743 0.029461805555555644 0.16927083333333337
1 0.9771788194444444 0.7100607638888888 0.045642361111111286 0.1348553240740742