0 0.701953125 0.88828125 0.3953125 0.2234375
1 0.5203125 0.7890625 0.309375 0.340234375
0 0.409375 0.633984375 0.29375 0.25
0 0.340234375 0.5234375 0.240234375 0.215234375
1 0.275390625 0.440234375 0.19296875 0.2109375
1 0.7703125 0.38046875 0.131640625 0.1484375
1 0.95625 0.477734375 0.08125 0.11953125
0 0.88671875 0.408984375 0.1234375 0.1484375
0 0.244140625 0.3703125 0.172265625 0.14296875
0 0.221875 0.328515625 0.18125 0.1125
0 0.71796875 0.31796875 0.1234375 0.133203125
0 0.634375 0.279296875 0.11171875 0.127734375
0 0.576171875 0.24375 0.09609375 0.13046875
0 0.9578125 0.328515625 0.072265625 0.1484375
0 0.870703125 0.28125 0.084375 0.1015625
0 0.8109375 0.25 0.09765625 0.10703125
0 0.9578125 0.208203125 0.063671875 0.075
0 0.876171875 0.19296875 0.047265625 0.08046875
1 0.91953125 0.20078125 0.045703125 0.1015625
0 0.83125 0.18671875 0.060546875 0.06796875
0 0.775390625 0.172265625 0.054296875 0.08046875
0 0.71875 0.164453125 0.060546875 0.0859375
0 0.653515625 0.141015625 0.062109375 0.08046875
0 0.123046875 0.2484375 0.060546875 0.1140625
0 0.057421875 0.28828125 0.062109375 0.09296875
0 0.068359375 0.221484375 0.063671875 0.075