0 0.572416087962963 0.6540653935185186 0.21767361111111114 0.25960648148148147
1 0.47999131944444445 0.6448784722222223 0.1936921296296296 0.22115162037037042
0 0.39902488425925925 0.6172453703703704 0.19204861111111118 0.21556712962962976
1 0.3274768518518519 0.6182436342592592 0.17729745370370367 0.22071759259259255
1 0.2710677083333334 0.5852719907407408 0.20131944444444444 0.20923032407407405
1 0.19817997685185187 0.5750289351851852 0.19474537037037037 0.18689236111111107
1 0.15784722222222222 0.5713686342592592 0.17418981481481483 0.16898148148148148
1 0.11107349537037037 0.5552806712962963 0.16613425925925926 0.15199652777777786
0 0.07595486111111112 0.5340277777777778 0.1379513888888889 0.14600694444444445
0 0.9337876157407408 0.545167824074074 0.13242476851851848 0.23692129629629619
0 0.8547569444444445 0.5220920138888889 0.17909143518518525 0.23645833333333321
0 0.7552430555555556 0.509519675925926 0.18043402777777776 0.22173032407407406
0 0.6570254629629629 0.4788628472222222 0.17729745370370367 0.22071759259259255
1 0.5747135416666667 0.4923900462962963 0.17136574074074068 0.1890625
1 0.5150549768518518 0.4776475694444445 0.16094328703703695 0.17034143518518513
1 0.4348668981481481 0.4761574074074074 0.14510995370370378 0.15512152777777782
0 0.37011284722222226 0.460619212962963 0.1482465277777778 0.15613425925925917
1 0.3098061342592593 0.45491898148148147 0.1339756944444444 0.14103009259259255
0 0.25710937500000003 0.4349681712962963 0.1528761574074074 0.1525752314814815
0 0.1940798611111111 0.43025173611111106 0.13561921296296298 0.14661458333333327
0 0.14700231481481482 0.4200520833333333 0.11414351851851849 0.1192708333333334
0 0.10749131944444446 0.419068287037037 0.09924189814814816 0.11426504629629637
0 0.07264467592592591 0.41617476851851853 0.10073495370370371 0.10969328703703703
0 0.04641493055555555 0.41420717592592593 0.08178819444444445 0.09502314814814809
1 0.9149421296296296 0.30842013888888886 0.129045138888889 0.12427662037037032
0 0.7898813657407407 0.28718171296296297 0.1111574074074074 0.1284143518518519
1 0.7255497685185185 0.3001591435185185 0.09031249999999993 0.09097222222222223
1 0.6559548611111111 0.3010127314814815 0.11697916666666668 0.09997106481481488
0 0.5972048611111112 0.2948061342592593 0.10387152777777775 0.11070601851851851
1 0.5413512731481481 0.29933449074074076 0.09595486111111118 0.10309606481481488
0 0.48882812500000006 0.2911024305555555 0.09431134259259259 0.09751157407407404
0 0.4308506944444444 0.3106481481481481 0.08967013888888889 0.10028935185185181
1 0.3803211805555555 0.305005787037037 0.07854745370370368 0.08697916666666661
0 0.3512239583333333 0.29425636574074077 0.09431134259259259 0.09751157407407404
1 0.3131828703703704 0.2869068287037037 0.09344907407407402 0.09198495370370363
0 0.2802893518518519 0.28386863425925923 0.09759837962962958 0.10868055555555553
0 0.23299479166666667 0.28541666666666665 0.08090277777777777 0.08793402777777777
1 0.8437008101851852 0.22453703703703703 0.10536458333333343 0.10613425925925926
1 0.7767418981481482 0.21854745370370368 0.10551504629629634 0.11629050925925925
1 0.7211921296296296 0.2171875 0.12755208333333332 0.1288483796296296
1 0.6670688657407406 0.23292824074074076 0.10536458333333343 0.10613425925925926
1 0.6196469907407407 0.22588252314814813 0.11070601851851851 0.09794560185185182
1 0.5759375 0.23185763888888888 0.11070601851851851 0.09794560185185182
1 0.5297685185185185 0.23019386574074074 0.09329861111111111 0.08182870370370372
1 0.433755787037037 0.24278067129629627 0.09180555555555547 0.08640046296296297
1 0.3946296296296296 0.24137731481481478 0.0776157407407407 0.07676504629629637
1 0.36125868055555554 0.23250868055555554 0.08717592592592593 0.08995949074074075
1 0.3253790509259259 0.23907696759259262 0.08239583333333336 0.08336226851851851