0 0.7518634259259259 0.23421006944444445 0.36630208333333325 0.4131944444444445
0 0.5518952546296296 0.27969039351851854 0.33077546296296295 0.3626736111111112
0 0.4156770833333333 0.31556712962962963 0.2638368055555556 0.2898148148148148
0 0.3072974537037037 0.3905324074074074 0.24462384259259257 0.22703703703703706
0 0.24093749999999997 0.4360387731481482 0.18162615740740742 0.1589236111111111
1 0.14067418981481483 0.47010416666666666 0.19023148148148147 0.16061342592592584
1 0.08168981481481481 0.48834201388888887 0.16337962962962962 0.15949652777777779
1 0.05059895833333333 0.529681712962963 0.10119791666666667 0.11717592592592592
1 0.8282002314814815 0.4767737268518518 0.2365972222222222 0.19801504629629635
1 0.6876909722222223 0.5118055555555555 0.21388310185185197 0.18986689814814817
1 0.5718663194444444 0.5370457175925927 0.20523148148148138 0.18192708333333343
1 0.4706278935185185 0.54453125 0.18087384259259257 0.16281828703703702
1 0.38305844907407405 0.5526099537037037 0.18389467592592598 0.14880208333333336
1 0.31186631944444443 0.564837962962963 0.199537037037037 0.15137731481481484
1 0.254759837962963 0.5741493055555555 0.23229166666666662 0.1440509259259258
1 0.1859519675925926 0.580943287037037 0.1838136574074074 0.13786458333333335
1 0.1229513888888889 0.594855324074074 0.16482060185185182 0.10477430555555553
1 0.07857783564814816 0.6058912037037038 0.15715567129629632 0.08518518518518511
1 0.05136574074074074 0.613292824074074 0.10273148148148148 0.06564814814814816
1 0.041157407407407406 0.6240798611111111 0.08231481481481481 0.059097222222222176
1 0.8957870370370371 0.6875636574074073 0.11255787037037024 0.11493634259259267
0 0.7991348379629629 0.7087905092592592 0.1500694444444445 0.11705439814814814
0 0.7111921296296296 0.7145196759259259 0.13833912037037024 0.11531828703703706
0 0.6229137731481481 0.7128211805555555 0.13223958333333333 0.13553819444444457
0 0.5433535879629631 0.694453125 0.11015046296296305 0.10630787037037041
0 0.4955844907407407 0.7089814814814815 0.1240682870370371 0.08698495370370374
0 0.43655671296296295 0.7139670138888888 0.09901041666666668 0.07880208333333343
0 0.37320891203703704 0.7220138888888888 0.099068287037037 0.08661458333333343
0 0.3239988425925926 0.7201128472222222 0.10764467592592589 0.08439814814814817
0 0.27671006944444443 0.7225376157407407 0.10771990740740733 0.09455439814814817
1 0.2400028935185185 0.7204311342592593 0.09433449074074077 0.08029513888888892
0 0.20405960648148147 0.7206799768518518 0.10132523148148147 0.0749305555555555
0 0.15835069444444444 0.7207841435185186 0.08414930555555555 0.07623842592592603
0 0.12007233796296297 0.7198263888888888 0.08721643518518518 0.06847222222222235
0 0.08572916666666666 0.7150202546296296 0.08809027777777778 0.08098379629629626
0 0.06340856481481481 0.7221122685185184 0.08504050925925928 0.09109374999999993
0 0.03653935185185185 0.7271412037037037 0.0730787037037037 0.09178240740740744
0 0.024010416666666666 0.7324247685185185 0.04802083333333333 0.08672453703703695