0 0.680859375 0.81953125 0.092578125 0.251953125
0 0.571484375 0.792578125 0.1046875 0.229296875
0 0.471875 0.766015625 0.109375 0.251953125
0 0.3703125 0.75859375 0.115234375 0.241796875
0 0.268359375 0.755859375 0.1296875 0.241796875
0 0.184375 0.729296875 0.115234375 0.223828125
0 0.098828125 0.729296875 0.126953125 0.2390625
0 0.047265625 0.687109375 0.094140625 0.23203125
0 0.692578125 0.44296875 0.083984375 0.16015625
0 0.622265625 0.432421875 0.073828125 0.15546875
0 0.556640625 0.43125 0.075 0.168359375
0 0.480859375 0.43515625 0.0828125 0.15
0 0.41015625 0.436328125 0.0796875 0.152734375
0 0.348828125 0.432421875 0.08125 0.15
0 0.29140625 0.426171875 0.072265625 0.14765625
0 0.230859375 0.420703125 0.078125 0.152734375
1 0.17265625 0.419921875 0.073828125 0.15
0 0.11953125 0.408203125 0.091796875 0.158203125
0 0.06484375 0.39921875 0.088671875 0.144921875
0 0.696875 0.30546875 0.063671875 0.109765625
0 0.628515625 0.2921875 0.067578125 0.109765625
0 0.565625 0.288671875 0.0546875 0.10703125
0 0.519921875 0.296484375 0.063671875 0.1125
0 0.466796875 0.3 0.060546875 0.1140625
0 0.415234375 0.302734375 0.069140625 0.104296875
0 0.357421875 0.30390625 0.069140625 0.10703125
0 0.308984375 0.302734375 0.078125 0.104296875
0 0.260546875 0.301171875 0.057421875 0.1015625
0 0.216796875 0.2921875 0.070703125 0.109765625
0 0.16875 0.2921875 0.087109375 0.1140625
0 0.127734375 0.2859375 0.063671875 0.10703125
0 0.075390625 0.282421875 0.0765625 0.109765625
0 0.031640625 0.2921875 0.06328125 0.1140625
0 0.71015625 0.16640625 0.0546875 0.091796875
0 0.66015625 0.171484375 0.0515625 0.081640625
0 0.612890625 0.1703125 0.0515625 0.0890625
0 0.569140625 0.169140625 0.062109375 0.081640625
0 0.523046875 0.1765625 0.0546875 0.07109375
0 0.480859375 0.17890625 0.05625 0.086328125
0 0.437890625 0.1765625 0.05625 0.091796875
0 0.39375 0.185546875 0.047265625 0.063671875
0 0.35625 0.187890625 0.045703125 0.073828125
0 0.3140625 0.189453125 0.058984375 0.081640625
0 0.275 0.187890625 0.0484375 0.05859375
0 0.233984375 0.187890625 0.045703125 0.073828125
0 0.194140625 0.190625 0.045703125 0.063671875
0 0.165234375 0.190625 0.038671875 0.063671875
0 0.1296875 0.18671875 0.044140625 0.061328125
0 0.594140625 0.11796875 0.047265625 0.07109375
0 0.549609375 0.112890625 0.045703125 0.07109375
0 0.508984375 0.1203125 0.05625 0.081640625
0 0.469921875 0.1140625 0.0546875 0.073828125
0 0.430859375 0.1203125 0.047265625 0.06640625
0 0.398046875 0.125390625 0.047265625 0.07109375
0 0.358203125 0.125390625 0.05 0.06640625
0 0.323046875 0.134375 0.047265625 0.05859375
0 0.293359375 0.130859375 0.047265625 0.07109375
0 0.251953125 0.133203125 0.062109375 0.07109375
0 0.221484375 0.128125 0.047265625 0.06640625
0 0.178515625 0.1296875 0.058984375 0.063671875
1 0.844921875 0.076171875 0.067578125 0.068359375
1 0.88359375 0.0796875 0.067578125 0.061328125
0 0.91953125 0.086328125 0.069140625 0.063671875
0 0.956640625 0.106640625 0.066015625 0.063671875
0 0.823046875 0.054296875 0.070703125 0.091796875
0 0.782421875 0.049609375 0.0515625 0.07109375
0 0.7375 0.0453125 0.053125 0.079296875
0 0.6984375 0.0515625 0.063671875 0.06640625
0 0.666796875 0.044140625 0.047265625 0.0765625
0 0.6046875 0.053125 0.047265625 0.073828125
0 0.571484375 0.0453125 0.033984375 0.068359375
0 0.53984375 0.054296875 0.047265625 0.061328125
0 0.509765625 0.050390625 0.042578125 0.063671875
0 0.470703125 0.05703125 0.041015625 0.06640625
0 0.441015625 0.06484375 0.047265625 0.07109375
0 0.413671875 0.06328125 0.0515625 0.068359375
0 0.378515625 0.06328125 0.039453125 0.053125
0 0.351171875 0.0671875 0.05 0.061328125
0 0.325390625 0.0734375 0.0484375 0.063671875
0 0.293359375 0.0671875 0.041015625 0.055859375
0 0.2640625 0.068359375 0.044140625 0.063671875
0 0.230859375 0.076171875 0.045703125 0.05859375