1 0.1328125 0.651171875 0.125 0.183203125
0 0.25 0.648828125 0.10625 0.191796875
1 0.3828125 0.665625 0.1234375 0.166796875
0 0.5046875 0.655078125 0.134375 0.170703125
1 0.6234375 0.66875 0.1296875 0.176953125
1 0.74609375 0.669921875 0.15 0.1875
1 0.875 0.66875 0.159375 0.185546875
0 0.89453125 0.515625 0.0984375 0.133203125
0 0.796875 0.519921875 0.11875 0.116796875
0 0.690625 0.517578125 0.1234375 0.120703125
1 0.596875 0.517578125 0.1328125 0.120703125
0 0.5 0.50625 0.11875 0.126953125
0 0.4140625 0.498828125 0.0984375 0.133203125
1 0.31875 0.50625 0.1328125 0.123046875
0 0.2125 0.49375 0.11875 0.135546875
0 0.1 0.511328125 0.1421875 0.151953125
0 0.76015625 0.373828125 0.0859375 0.089453125
0 0.6890625 0.369921875 0.071875 0.085546875
0 0.6203125 0.370703125 0.065625 0.083203125
0 0.55546875 0.370703125 0.0609375 0.079296875
0 0.4984375 0.370703125 0.0703125 0.070703125
1 0.434375 0.373046875 0.0734375 0.075
0 0.375 0.366796875 0.065625 0.083203125
0 0.315625 0.376171875 0.075 0.075
1 0.24609375 0.376171875 0.0734375 0.070703125
0 0.1890625 0.361328125 0.0796875 0.08125
1 0.1203125 0.36875 0.0890625 0.083203125
0 0.05703125 0.360546875 0.103125 0.1