1 0.38125 0.865546875 0.15078125 0.26890624999999996
0 0.229296875 0.8541782407407407 0.15390625 0.2866550925925927
0 0.07578125 0.8464351851851852 0.1515625 0.28662037037037036
0 0.044921875 0.5612123842592592 0.08984375 0.24898726851851852
0 0.1390625 0.5653414351851852 0.1953125 0.27164351851851853
0 0.27109375 0.5696412037037037 0.1375 0.2692245370370371
0 0.40390625 0.5673119212962963 0.16171875 0.29927083333333326
0 0.528125 0.5695428240740741 0.13515625 0.31059606481481483
0 0.66640625 0.5801851851851852 0.13515625 0.3020023148148148
0 0.5296875 0.8640784143518518 0.15859375 0.2718431712962964
0 0.6828125 0.8653530092592593 0.1734375 0.26929398148148137
0 0.834375 0.8660619212962963 0.1796875 0.26787615740740733
0 0.796484375 0.5918778935185186 0.12421875 0.28074652777777764
0 0.924609375 0.5754166666666667 0.15078125 0.3225462962962963
0 0.912890625 0.20258680555555558 0.1140625 0.17903356481481475
0 0.972265625 0.20034143518518518 0.05546875 0.2070717592592592
0 0.8140625 0.2007320601851852 0.084375 0.19265625000000003
0 0.723828125 0.19314525462962961 0.08515625 0.15516782407407406
0 0.632421875 0.19140046296296295 0.10859375 0.16176504629629634
0 0.5484375 0.1925 0.10390625 0.16716435185185188
0 0.4609375 0.1919849537037037 0.10078125 0.19055555555555553
0 0.368359375 0.18045717592592592 0.10859375 0.17270254629629633
0 0.283203125 0.15966435185185185 0.10625 0.1851678240740741
0 0.201171875 0.1584490740740741 0.1046875 0.18514467592592593
0 0.110546875 0.1574971064814815 0.10390625 0.17810185185185184
0 0.04140625 0.13889467592592591 0.0640625 0.18298032407407402
0 0.47421875 0.06405671296296296 0.08359375 0.11061342592592593
0 0.549609375 0.06790798611111111 0.08359375 0.11998842592592593
0 0.621484375 0.07287905092592592 0.0921875 0.12402199074074076
0 0.699609375 0.07403645833333335 0.08671875 0.11847222222222223
1 0.393359375 0.05817129629629629 0.08515625 0.10594907407407406
0 0.235546875 0.05739583333333333 0.07890625 0.10898148148148148