0 0.6817621527777777 0.8339293981481483 0.27119212962962963 0.22769097222222215
0 0.8716030092592593 0.7892216435185185 0.17734953703703696 0.22543402777777785
0 0.8436371527777778 0.6346498842592593 0.21009259259259244 0.17179398148148142
0 0.6236140046296297 0.5489988425925926 0.22461226851851848 0.16643518518518513
0 0.7343460648148148 0.33566261574074074 0.1642939814814815 0.11054398148148152
0 0.7003472222222222 0.2631134259259259 0.15091435185185187 0.09560763888888886
0 0.5480150462962963 0.23541087962962962 0.15881944444444435 0.09722800925925927
0 0.533130787037037 0.17003761574074075 0.14640046296296294 0.07214699074074069
0 0.6492013888888889 0.09742766203703704 0.12553819444444442 0.07589699074074074
0 0.5140740740740741 0.08274884259259259 0.1348668981481481 0.0751851851851852
0 0.6141666666666666 0.02916956018518519 0.11385416666666667 0.05004050925925926
0 0.30289641203703704 0.7381134259259259 0.2033159722222222 0.22875000000000015
0 0.12763020833333333 0.7676880787037037 0.18447337962962962 0.22704861111111113
0 0.15150752314814814 0.6021672453703704 0.1477141203703704 0.13384837962962964
0 0.31108217592592596 0.5670052083333333 0.18461805555555558 0.13724537037037035
0 0.307109375 0.4559895833333333 0.16962962962962963 0.12151620370370378
0 0.16350694444444444 0.4854079861111111 0.1501909722222222 0.12293402777777782
0 0.17397858796296298 0.3944299768518519 0.13478587962962965 0.10017361111111116
0 0.18460358796296297 0.3206481481481481 0.13583912037037038 0.09159143518518516
0 0.3061400462962963 0.30747974537037037 0.14512731481481483 0.10337384259259261
0 0.31256365740740744 0.22546006944444447 0.1284837962962963 0.08607060185185186
0 0.3100607638888889 0.16877604166666665 0.11928819444444443 0.07585069444444445
0 0.19837673611111112 0.24649884259259255 0.13229745370370374 0.084537037037037
0 0.20570601851851852 0.1953587962962963 0.11230324074074076 0.07657986111111112
0 0.31253761574074074 0.12697916666666667 0.12300925925925928 0.07275462962962961
0 0.30784722222222227 0.08083043981481482 0.11331018518518512 0.0672164351851852
0 0.21413194444444442 0.10592881944444446 0.09947337962962963 0.05774305555555555
0 0.20641493055555554 0.15042245370370372 0.1145023148148148 0.060978009259259246
1 0.6565567129629629 0.6723437499999999 0.23403935185185176 0.18056134259259266
1 0.7926765046296296 0.5185966435185185 0.18425347222222221 0.1442708333333334
1 0.7611689814814815 0.42379050925925926 0.17707754629629627 0.12859953703703705
1 0.6009085648148148 0.4507407407407407 0.19600694444444447 0.118587962962963
1 0.5858217592592593 0.37559606481481483 0.1927083333333334 0.14199074074074075
1 0.5649247685185186 0.29298321759259255 0.17684027777777764 0.11141782407407401
1 0.684056712962963 0.20828125000000003 0.12531250000000008 0.0852662037037037
1 0.6681568287037036 0.15345196759259258 0.1412152777777777 0.09006944444444445
1 0.5126909722222222 0.04014178240740741 0.12976273148148146 0.06811921296296296
1 0.6317332175925926 0.05587384259259259 0.12737847222222226 0.08059606481481481
1 0.529771412037037 0.12780671296296295 0.14010416666666678 0.07131944444444445
0 0.8543663194444445 0.05791377314814815 0.11731481481481473 0.08208333333333333
0 0.8344357638888888 0.02493923611111111 0.1311284722222222 0.03845486111111111
1 0.8738541666666666 0.10495370370370369 0.09313657407407412 0.06940972222222222
1 0.8918200231481481 0.1644878472222222 0.08211226851851841 0.08104166666666668
1 0.9123813657407407 0.22638599537037035 0.06418981481481509 0.08168981481481481