0 0.076171875 0.755859375 0.151953125 0.303515625
0 0.260546875 0.728125 0.208203125 0.292578125
0 0.46015625 0.72265625 0.265234375 0.29921875
0 0.619921875 0.6765625 0.27890625 0.2953125
0 0.832421875 0.6796875 0.2875 0.2703125
0 0.148828125 0.50234375 0.19765625 0.15078125
1 0.269921875 0.512109375 0.162109375 0.148046875
0 0.39609375 0.496875 0.151953125 0.192578125
0 0.535546875 0.471484375 0.162109375 0.15546875
0 0.6734375 0.46015625 0.140234375 0.141796875
0 0.8015625 0.4609375 0.14609375 0.152734375
0 0.929296875 0.453125 0.126953125 0.173046875