0 0.13859375 0.8866319444444445 0.21887731481481482 0.22673611111111108
0 0.29462384259259256 0.9144936342592593 0.20525462962962965 0.17101273148148124
0 0.5509056712962963 0.7346817129629629 0.1717939814814816 0.21009259259259244
0 0.8283015046296296 0.9125593171296297 0.15128472222222208 0.1748813657407407
1 0.7033506944444444 0.8628038194444445 0.14648726851851848 0.1672048611111112
1 0.4094675925925926 0.6692939814814816 0.1655844907407408 0.21519097222222214
1 0.2816840277777778 0.6023726851851852 0.1508217592592592 0.22524884259259254
0 0.14975405092592592 0.5027980324074074 0.13196759259259258 0.21007523148148155
0 0.09283564814814814 0.3038078703703704 0.13641203703703703 0.17754050925925924
0 0.8425 0.7246296296296296 0.145636574074074 0.1577835648148147
0 0.9481626157407408 0.8072135416666667 0.10367476851851834 0.18065393518518497
1 0.7097193287037037 0.6683449074074075 0.12135995370370374 0.1485358796296296
1 0.5932667824074074 0.6024855324074074 0.139201388888889 0.13241319444444438
1 0.46587094907407406 0.5351967592592592 0.145613425925926 0.15465856481481488
1 0.3384635416666667 0.4663454861111111 0.1565104166666666 0.149837962962963
1 0.23027777777777775 0.4095659722222223 0.1385127314814815 0.14486689814814818
1 0.9555179398148148 0.9553211805555556 0.08896412037037038 0.08935763888888885
1 0.2283246527777778 0.19860532407407408 0.09604745370370368 0.10486689814814812
1 0.4330555555555556 0.3220167824074074 0.09917824074074066 0.10583333333333336
0 0.3332407407407407 0.23566840277777779 0.11798032407407408 0.11397569444444447
0 0.1269039351851852 0.10630497685185185 0.1290162037037037 0.12790509259259258
0 0.6265509259259259 0.4045457175925926 0.12818865740740737 0.12160879629629626
1 0.5342505787037037 0.38384837962962964 0.1220949074074074 0.14233217592592595
1 0.7287528935185186 0.496892361111111 0.10820023148148153 0.16415509259259267
1 0.8408130787037038 0.5496064814814815 0.09573495370370386 0.1681018518518517
1 0.944392361111111 0.6170457175925926 0.110434027777778 0.14945023148148148
1 0.9310243055555556 0.4991174768518519 0.10848958333333343 0.097795138888889
0 0.8411024305555556 0.43053530092592585 0.09986689814814831 0.09337962962962965
0 0.7416059027777777 0.3871556712962963 0.1045370370370371 0.09131365740740742
1 0.6569126157407407 0.33918692129629624 0.09586805555555564 0.0806481481481482
0 0.5569328703703704 0.2832841435185185 0.10935763888888879 0.10956018518518515
0 0.45224826388888884 0.22475983796296295 0.10384259259259246 0.10298611111111108
0 0.36150173611111114 0.15027199074074074 0.11545717592592597 0.08961805555555555
0 0.2857957175925926 0.10322627314814814 0.11094328703703696 0.11277777777777778
0 0.7614756944444444 0.27588252314814815 0.07831597222222228 0.13583333333333333
1 0.8372511574074075 0.33230324074074075 0.08968171296296283 0.0888715277777778
1 0.9261631944444444 0.3699797453703703 0.07949652777777771 0.08436342592592591
1 0.6752517361111111 0.23211805555555554 0.08217592592592596 0.12981481481481483
0 0.5880439814814815 0.16096354166666665 0.08852430555555557 0.14346643518518518
0 0.5103616898148149 0.11067708333333333 0.08443287037037024 0.1182349537037037
0 0.4324045138888889 0.07599247685185186 0.08666666666666671 0.10353009259259258
0 0.8393229166666668 0.24301215277777777 0.06951388888888914 0.10719907407407411
0 0.7554311342592592 0.19782407407407407 0.08190972222222222 0.09387731481481483
0 0.6899855324074075 0.16544270833333333 0.09515046296296284 0.08919560185185187
1 0.9050462962962964 0.2074710648148148 0.060804398148147955 0.0910648148148148
0 0.8342418981481481 0.13689814814814816 0.0629918981481481 0.07010995370370372
0 0.7692245370370371 0.10961805555555555 0.06712384259259245 0.10081018518518517
0 0.7006799768518519 0.08056712962962961 0.0701099537037038 0.08224537037037036
0 0.905324074074074 0.1395486111111111 0.06397569444444429 0.0975
0 0.8962789351851852 0.07810185185185185 0.05193287037037031 0.05305555555555554