1 0.6068431712962964 0.30259548611111114 0.09329282407407398 0.25671875
1 0.15856770833333336 0.37624131944444444 0.09082754629629627 0.24026041666666673
1 0.08658564814814815 0.38909722222222226 0.11295717592592594 0.27512152777777776
0 0.2320920138888889 0.3661545138888889 0.08768518518518516 0.23784722222222215
0 0.30803819444444447 0.3455729166666667 0.07465856481481481 0.27192708333333326
0 0.3760503472222222 0.3412239583333333 0.08401620370370377 0.2697916666666666
0 0.4535648148148148 0.3198958333333334 0.09266203703703706 0.2770138888888889
0 0.5313541666666667 0.31420138888888893 0.08551504629629622 0.26123263888888887
0 0.6886024305555555 0.2883940972222222 0.09899305555555564 0.2880902777777778
0 0.7770804398148148 0.2637934027777778 0.10368055555555564 0.2881944444444445
0 0.8583420138888889 0.26403645833333333 0.10288194444444443 0.28583333333333333
0 0.9435706018518519 0.25616319444444446 0.09332754629629605 0.26140624999999995
0 0.9282552083333334 0.477734375 0.08979166666666671 0.2058680555555556
0 0.8480266203703704 0.4962673611111111 0.09840856481481489 0.20918402777777775
0 0.7744357638888889 0.5153385416666667 0.11099537037037024 0.22118055555555555
0 0.6978125000000001 0.5218402777777778 0.094392361111111 0.19425347222222236
0 0.6223350694444445 0.5318836805555556 0.0891319444444445 0.22225694444444438
0 0.5483246527777779 0.5548524305555556 0.08122106481481488 0.20880208333333333
0 0.4776128472222222 0.554453125 0.07803819444444446 0.200920138888889
0 0.40993923611111105 0.5658420138888889 0.08351273148148156 0.2018229166666668
0 0.3419010416666667 0.5737065972222222 0.08508101851851854 0.20263888888888887
0 0.2672511574074074 0.5775173611111111 0.08351851851851855 0.20260416666666678
0 0.20034432870370372 0.5908767361111111 0.09376157407407408 0.21454861111111115
0 0.12915219907407408 0.602578125 0.09287037037037038 0.19968749999999993
0 0.06811342592592592 0.6148958333333333 0.08941550925925926 0.15508680555555543
0 0.03397135416666667 0.6179947916666666 0.06794270833333334 0.1742361111111112