0 0.9602141203703705 0.22665798611111115 0.075 0.3595081018518519
0 0.904513888888889 0.22318865740740743 0.11056134259259238 0.3709664351851852
0 0.8326388888888889 0.21371238425925926 0.11015625 0.38111111111111107
0 0.8734809027777779 0.8397164351851852 0.08041087962962976 0.2947800925925925
1 0.82109375 0.8205815972222222 0.08423032407407405 0.2503298611111113
0 0.7587962962962964 0.8371209490740741 0.08043981481481488 0.2744791666666668
0 0.7042100694444444 0.8351967592592594 0.07916666666666679 0.2611863425925926
0 0.6443287037037038 0.818125 0.08443287037037042 0.2557986111111109
0 0.5858362268518519 0.8267997685185187 0.08298611111111107 0.27998263888888886
0 0.5279947916666666 0.8284375 0.08396990740740726 0.28546296296296286
0 0.47557870370370364 0.7995428240740741 0.09160879629629619 0.2808912037037038
0 0.41576967592592595 0.8121412037037036 0.08712384259259257 0.2862905092592592
1 0.3603732638888889 0.8004687500000001 0.09875578703703702 0.3052025462962963
0 0.30616319444444445 0.8200115740740742 0.10237268518518512 0.29744791666666676
0 0.1958912037037037 0.8036863425925926 0.09557291666666665 0.34575810185185174
1 0.13682002314814815 0.8069039351851852 0.10642361111111112 0.3224942129629631
0 0.09066840277777777 0.8091493055555554 0.10954861111111111 0.34362268518518524
0 0.04663628472222222 0.8130092592592593 0.09327256944444444 0.31700231481481467
0 0.013179976851851849 0.8132957175925926 0.026359953703703698 0.30934606481481486
1 0.756785300925926 0.19570601851851852 0.10046296296296298 0.3512962962962963
1 0.69140625 0.17035734953703702 0.10251736111111107 0.34071469907407403
1 0.6168402777777778 0.17146990740740742 0.09565972222222215 0.34293981481481484
0 0.5425925925925925 0.18512297453703702 0.10222800925925916 0.37024594907407404
0 0.39684606481481477 0.18797453703703704 0.10630787037037041 0.3759490740740741
0 0.325 0.2165480324074074 0.10862268518518521 0.42403356481481486
0 0.26069155092592594 0.1948582175925926 0.11142939814814809 0.3897164351851852
0 0.10775462962962963 0.2015364583333333 0.13292824074074075 0.4030729166666666
0 0.053125 0.18193287037037037 0.10625 0.36386574074074074