0 0.04291232638888889 0.8078559027777779 0.08582465277777777 0.1461342592592593
0 0.13528935185185187 0.8114322916666667 0.10728009259259261 0.15432291666666664
0 0.23588541666666668 0.819782986111111 0.12537615740740743 0.13111689814814803
0 0.3374739583333334 0.8179976851851851 0.10754629629629626 0.13252893518518513
0 0.43395833333333333 0.8230005787037037 0.11770254629629626 0.13305555555555557
0 0.544759837962963 0.824435763888889 0.12105902777777793 0.13712384259259247
0 0.6398234953703704 0.8203530092592594 0.12602430555555558 0.14205439814814805
0 0.7477025462962963 0.8314322916666667 0.1308506944444444 0.14464120370370354
0 0.8429745370370372 0.8238339120370369 0.11467592592592588 0.1476967592592593
0 0.9091898148148146 0.6850347222222222 0.11402777777777758 0.13675925925925939
1 0.8083564814814814 0.693912037037037 0.12225115740740752 0.13095486111111115
0 0.7235445601851852 0.6902980324074074 0.10465277777777793 0.13627314814814823
0 0.6285532407407407 0.6865480324074074 0.10538194444444446 0.12229166666666665
0 0.5363657407407407 0.6817679398148149 0.10299768518518526 0.13462962962962965
1 0.4393518518518519 0.6790885416666667 0.11237268518518521 0.1351157407407408
0 0.34203703703703703 0.6814872685185185 0.10649305555555558 0.14104166666666665
1 0.24453703703703705 0.6870109953703704 0.09950231481481478 0.12821759259259266
0 0.15589409722222225 0.6687008101851852 0.09306712962962962 0.12476851851851851
0 0.058463541666666674 0.6730526620370371 0.10285879629629631 0.13228587962962965
0 0.03186053240740741 0.42256076388888886 0.06372106481481482 0.12152199074074073
0 0.10385995370370371 0.4293402777777778 0.08823495370370371 0.10894097222222232
0 0.1896614583333333 0.4294791666666667 0.09811342592592594 0.1047800925925925
0 0.2719704861111111 0.4290451388888889 0.09498842592592593 0.1046180555555555
0 0.357193287037037 0.4389496527777778 0.09407407407407406 0.11547453703703706
0 0.4359635416666666 0.4387239583333333 0.09328703703703703 0.10219328703703705
0 0.5165480324074074 0.440943287037037 0.09071180555555554 0.0981655092592593
0 0.6006018518518518 0.44412615740740746 0.09498842592592602 0.1046180555555555
0 0.6806799768518518 0.4482783564814815 0.10123842592592602 0.10494212962962965
0 0.7629195601851851 0.4490162037037037 0.10734953703703702 0.10292245370370363
1 0.8444907407407408 0.45442129629629624 0.09783564814814802 0.10009259259259266
0 0.9268721064814814 0.4461545138888889 0.10197916666666665 0.11744212962962966
0 0.06693865740740741 0.20604456018518516 0.0808738425925926 0.08986689814814815
0 0.1412962962962963 0.20754918981481482 0.09094328703703702 0.10207175925925922
0 0.21036747685185184 0.2123061342592593 0.08271412037037038 0.09463541666666667
0 0.2845457175925926 0.2036140046296296 0.07830439814814812 0.09907986111111115
0 0.3568778935185185 0.21285011574074075 0.08133680555555553 0.09767939814814816
0 0.4200231481481482 0.2118142361111111 0.07664930555555553 0.0974363425925926
0 0.49260995370370375 0.21675347222222224 0.07986689814814803 0.09916087962962958
0 0.5687152777777778 0.21521412037037035 0.08289930555555554 0.09776041666666666
0 0.6354629629629629 0.22611979166666668 0.07517939814814803 0.0989178240740741
0 0.703990162037037 0.21360821759259258 0.08648726851851851 0.10573495370370374
0 0.7774739583333333 0.21663483796296296 0.08795717592592585 0.10425347222222223
0 0.8515075231481483 0.22360821759259258 0.08446180555555571 0.09784143518518515
0 0.9298900462962962 0.2167013888888889 0.09302083333333329 0.12398726851851852