1 0.601490162037037 0.858671875 0.19357638888888892 0.16545138888888894
1 0.7867476851851852 0.8600347222222222 0.2036458333333334 0.14209490740740732
1 0.7659722222222222 0.7316377314814815 0.19780092592592596 0.13189814814814832
1 0.2478153935185185 0.8464438657407406 0.21912615740740743 0.180480324074074
1 0.27035590277777777 0.706004050925926 0.19493634259259257 0.13890624999999995
1 0.2920138888888889 0.5944849537037037 0.17126736111111107 0.11139467592592603
1 0.30775462962962963 0.5025462962962963 0.17274305555555552 0.08797453703703706
1 0.3349537037037037 0.2874421296296296 0.14239004629629629 0.06978587962962965
1 0.34250578703703705 0.22760416666666666 0.14239004629629637 0.06978587962962965
1 0.34887152777777775 0.17793402777777778 0.12789351851851852 0.05796296296296295
1 0.5544270833333333 0.19985532407407408 0.12100694444444446 0.06181712962962962
1 0.5517505787037037 0.2541869212962963 0.1239293981481481 0.056371527777777784
1 0.660546875 0.20610243055555558 0.10827546296296298 0.055474537037037044
0 0.6712239583333333 0.26228877314814814 0.10656828703703702 0.07264467592592591
0 0.5526331018518519 0.30966435185185187 0.12534722222222214 0.07356481481481483
0 0.559620949074074 0.37173900462962967 0.14505208333333322 0.07839699074074069
0 0.559910300925926 0.4428501157407407 0.12664930555555554 0.08763310185185187
0 0.571238425925926 0.5271643518518518 0.15694444444444447 0.10425925925925927
0 0.5856770833333333 0.7165625 0.17146990740740725 0.11686342592592602
1 0.5772280092592592 0.6150347222222223 0.18747106481481488 0.1060474537037038
1 0.6782407407407407 0.31459490740740736 0.11585648148148149 0.07037037037037042
1 0.9511140046296298 0.5496643518518518 0.09777199074074047 0.10789351851851858
1 0.9420138888888889 0.4684722222222222 0.11597222222222214 0.08457175925925924
1 0.9252459490740741 0.4006799768518519 0.1336226851851851 0.06503472222222224
0 0.9102719907407408 0.3339756944444444 0.13362268518518547 0.0650347222222222
0 0.8917534722222221 0.27706597222222223 0.12256944444444429 0.061828703703703705
0 0.8817418981481481 0.2282986111111111 0.1221643518518519 0.0508912037037037
0 0.8593171296296298 0.1819675925925926 0.10833333333333357 0.05703703703703704
0 0.7412181712962963 0.622416087962963 0.15399305555555554 0.10892361111111111
0 0.7261429398148148 0.5213281249999999 0.1588541666666666 0.0925578703703703
0 0.7068721064814815 0.44410590277777773 0.1463252314814815 0.09168402777777782
0 0.6947337962962963 0.36956597222222226 0.12436342592592595 0.06809027777777779
0 0.9744574652777779 0.639754050925926 0.051085069444444284 0.10832175925925931