1 0.565625 0.1609375 0.146875 0.14453125
1 0.1859375 0.666796875 0.15625 0.1890625
1 0.1625 0.802734375 0.18125 0.1890625
1 0.1703125 0.927734375 0.209375 0.14453125
0 0.565625 0.272265625 0.15625 0.127734375
0 0.559375 0.397265625 0.171875 0.15
0 0.5609375 0.558203125 0.15625 0.14453125
0 0.5546875 0.697265625 0.175 0.15
0 0.5515625 0.8359375 0.18125 0.1609375
0 0.190625 0.516796875 0.1625 0.122265625
0 0.215625 0.372265625 0.15625 0.1390625
0 0.2234375 0.2359375 0.15625 0.127734375
0 0.228125 0.116796875 0.159375 0.116796875