0 0.821484375 0.8775694444444444 0.07421875 0.14117476851851835
0 0.783984375 0.8628385416666667 0.071875 0.15834490740740748
1 0.847265625 0.7398697916666667 0.0703125 0.12942708333333322
1 0.799609375 0.7395167824074075 0.0703125 0.1294270833333334
1 0.7390625 0.8539120370370371 0.06328125 0.14578124999999992
0 0.756640625 0.7255266203703703 0.06875 0.1395717592592593
0 0.715625 0.7228790509259259 0.06796875 0.13644097222222235
0 0.69140625 0.8535590277777778 0.07578125 0.1482175925925926
0 0.647265625 0.8391695601851851 0.06171875 0.14498842592592576
1 0.66875 0.7112037037037038 0.05859375 0.12699652777777787
1 0.607421875 0.8310619212962962 0.06875 0.1395717592592593
1 0.56015625 0.8232899305555555 0.071875 0.1474074074074075
1 0.51484375 0.8198292824074074 0.06328125 0.1356250000000002
0 0.626171875 0.7007320601851852 0.06640625 0.12861689814814808
1 0.585546875 0.6926186342592592 0.071875 0.12631365740740746
1 0.539453125 0.6871990740740741 0.0640625 0.12859953703703705
1 0.499609375 0.6790914351851851 0.06640625 0.12861689814814808
1 0.460546875 0.6670833333333334 0.0640625 0.12859953703703705
0 0.476953125 0.8027517361111111 0.06484375 0.1426678240740742
0 0.43125 0.7973350694444445 0.06953125 0.13645254629629627
0 0.385546875 0.7899652777777778 0.06875 0.1395717592592593
0 0.41796875 0.6530960648148149 0.06875 0.1395717592592593
1 0.373046875 0.6535445601851851 0.06875 0.1395717592592593
1 0.34609375 0.7802980324074074 0.06875 0.1325405092592593
1 0.301953125 0.7674710648148148 0.06875 0.1434780092592593
1 0.259375 0.7644212962962962 0.06484375 0.1426678240740742
1 0.21796875 0.7559114583333333 0.065625 0.14579861111111114
1 0.178125 0.7478038194444444 0.06953125 0.14660879629629625
0 0.333984375 0.6360677083333333 0.0578125 0.12308449074074072
0 0.293359375 0.6318605324074074 0.06015625 0.12778935185185175
0 0.251953125 0.6213975694444445 0.05859375 0.11996527777777785
0 0.209375 0.6206915509259259 0.06328125 0.14187499999999992
0 0.166015625 0.6078703703703704 0.05859375 0.13090277777777787
0 0.13671875 0.7381221064814815 0.06953125 0.13645254629629627
1 0.128125 0.5966521990740741 0.06328125 0.14187499999999992
1 0.088671875 0.5920630787037038 0.065625 0.13564236111111114
1 0.044921875 0.5874421296296296 0.06171875 0.13483217592592603
0 0.01875 0.5821701388888889 0.0375 0.15340277777777783
0 0.163671875 0.34730613425925927 0.06640625 0.12861689814814808
1 0.05 0.3261516203703704 0.0578125 0.12308449074074072
1 0.080859375 0.21739583333333332 0.05625 0.11604166666666667
1 0.08515625 0.335396412037037 0.0625 0.13171296296296298
1 0.12421875 0.3485763888888889 0.05625 0.12697916666666664
0 0.119140625 0.21767939814814813 0.05703125 0.11292245370370368
0 0.15390625 0.2280931712962963 0.0640625 0.11766203703703704
0 0.192578125 0.2322858796296296 0.0609375 0.1238888888888889
0 0.23359375 0.24079282407407407 0.065625 0.12470486111111115
0 0.272265625 0.24303240740740742 0.0703125 0.1294270833333333
0 0.310546875 0.2542534722222222 0.06328125 0.12156250000000002
1 0.204296875 0.34565393518518517 0.0578125 0.12308449074074072
0 0.24296875 0.3557060185185185 0.05859375 0.11996527777777768
0 0.282421875 0.3653732638888889 0.06171875 0.12780092592592585
0 0.323828125 0.36997685185185186 0.0578125 0.12308449074074072
1 0.347265625 0.26350983796296296 0.065625 0.12470486111111115
1 0.389453125 0.270072337962963 0.06484375 0.131730324074074
1 0.3625 0.3815914351851852 0.0578125 0.11683449074074073
0 0.4046875 0.38815393518518515 0.0515625 0.11522569444444439
0 0.428125 0.2723119212962963 0.05859375 0.12699652777777776
0 0.466015625 0.2800144675925926 0.0625 0.13171296296296298
0 0.504296875 0.2912355324074074 0.05546875 0.1230671296296296
1 0.439453125 0.39934895833333334 0.06171875 0.13483217592592595
0 0.475390625 0.412115162037037 0.06640625 0.12861689814814808
1 0.51796875 0.4108680555555555 0.06015625 0.1277893518518518
1 0.537890625 0.30203125000000003 0.0640625 0.11766203703703706
1 0.555859375 0.4240393518518518 0.0640625 0.12859953703703705
0 0.58359375 0.30354166666666665 0.0625 0.11765046296296297
0 0.6234375 0.31164930555555553 0.0640625 0.12859953703703705
0 0.597265625 0.4290335648148148 0.06171875 0.13483217592592583
0 0.641015625 0.4246701388888889 0.06171875 0.13483217592592583
0 0.66328125 0.31428819444444445 0.05859375 0.12699652777777776
1 0.67734375 0.44525173611111113 0.0640625 0.11766203703703706
1 0.696484375 0.3242997685185185 0.06796875 0.1294097222222222
0 0.74296875 0.3301128472222222 0.06171875 0.13483217592592595
0 0.7171875 0.45335937499999995 0.06328125 0.12468749999999998
0 0.758984375 0.4614814814814815 0.06015625 0.12778935185185195
0 0.800390625 0.4680381944444445 0.06171875 0.13483217592592603
0 0.777734375 0.3389641203703704 0.06171875 0.13483217592592583
1 0.820703125 0.3459230324074074 0.06328125 0.12156249999999993
1 0.84140625 0.4687326388888889 0.06796875 0.13644097222222218
1 0.88046875 0.4881626157407407 0.065625 0.12470486111111115
0 0.85859375 0.3590943287037037 0.0609375 0.12076388888888889
0 0.895703125 0.37030671296296297 0.06796875 0.1294097222222222
0 0.93515625 0.16122395833333333 0.06484375 0.1317303240740741
1 0.898046875 0.1519646990740741 0.0578125 0.11683449074074073
1 0.85859375 0.1422974537037037 0.05546875 0.1230671296296296
0 0.820703125 0.1326417824074074 0.06640625 0.12861689814814814
0 0.784375 0.1179195601851852 0.0609375 0.1309201388888889
0 0.748046875 0.10827546296296295 0.0671875 0.1325289351851852
0 0.709765625 0.10291377314814816 0.0671875 0.1325289351851852
0 0.669140625 0.10417534722222221 0.06171875 0.13483217592592595
0 0.6375 0.09769097222222221 0.0625 0.13874421296296297
0 0.59609375 0.08175925925925927 0.06640625 0.12861689814814814
0 0.5609375 0.07642071759259259 0.06640625 0.13955439814814813
0 0.52578125 0.07069155092592593 0.0703125 0.13411458333333331
1 0.48671875 0.06337094907407408 0.0609375 0.10982638888888889
1 0.4484375 0.05839988425925925 0.05625 0.11057291666666666
0 0.41171875 0.058518518518518525 0.0671875 0.11143518518518518
0 0.377734375 0.053969907407407404 0.06328125 0.1028125
1 0.33984375 0.052126736111111106 0.0703125 0.09973958333333333
0 0.302734375 0.04794560185185185 0.06796875 0.09190972222222223
1 0.262890625 0.04491608796296297 0.06640625 0.08642939814814815
0 0.23125 0.03960358796296296 0.0671875 0.07627893518518518
1 0.1953125 0.033087384259259264 0.0625 0.06374421296296297
0 0.15625 0.034360532407407406 0.0671875 0.06690393518518518
0 0.11953125 0.030572916666666665 0.06875 0.059884259259259255