0 0.958984375 0.781640625 0.081640625 0.12109375
0 0.901171875 0.74921875 0.097265625 0.123046875
0 0.841015625 0.726953125 0.085546875 0.13828125
0 0.775390625 0.698828125 0.10390625 0.1296875
1 0.717578125 0.678515625 0.11171875 0.1109375
0 0.65078125 0.65 0.110546875 0.1125
0 0.591015625 0.61953125 0.1 0.13125
0 0.52421875 0.59375 0.106640625 0.128125
0 0.477734375 0.559765625 0.098828125 0.123046875
0 0.41484375 0.53515625 0.0921875 0.12109375
0 0.352734375 0.512890625 0.097265625 0.11953125
0 0.290234375 0.487109375 0.102734375 0.11953125
0 0.241015625 0.45234375 0.10390625 0.134765625
0 0.17265625 0.43515625 0.10390625 0.126171875
0 0.122265625 0.410546875 0.102734375 0.128125
0 0.05703125 0.3796875 0.098828125 0.1296875
0 0.640625 0.93828125 0.090625 0.1234375
0 0.5765625 0.91875 0.0921875 0.136328125
0 0.51953125 0.89609375 0.110546875 0.13125
0 0.4546875 0.8625 0.106640625 0.13828125
0 0.398046875 0.83203125 0.1 0.136328125
0 0.3390625 0.808984375 0.115625 0.123046875
0 0.2796875 0.78515625 0.106640625 0.136328125
0 0.217578125 0.763671875 0.12734375 0.13984375
0 0.16484375 0.7234375 0.112890625 0.123046875
0 0.102734375 0.698046875 0.115625 0.128125
0 0.05078125 0.66796875 0.101171875 0.128125
0 0.035546875 0.826953125 0.07109375 0.15546875
0 0.08359375 0.85 0.106640625 0.143359375
0 0.143359375 0.891796875 0.10390625 0.13125
0 0.189453125 0.921484375 0.09609375 0.13984375
0 0.266796875 0.9265625 0.084375 0.1296875
0 0.331640625 0.93515625 0.084375 0.117578125
0 0.962109375 0.606640625 0.07578125 0.15703125
0 0.90078125 0.59140625 0.0765625 0.15703125
0 0.837109375 0.5640625 0.084375 0.144921875
0 0.7765625 0.54765625 0.077734375 0.143359375
0 0.715625 0.52890625 0.097265625 0.15546875
0 0.65078125 0.494921875 0.084375 0.134765625
0 0.5953125 0.46484375 0.084375 0.143359375
0 0.54140625 0.421484375 0.089453125 0.136328125
0 0.48046875 0.404296875 0.1 0.13984375
1 0.424609375 0.3875 0.098828125 0.13125
0 0.3609375 0.3703125 0.101171875 0.12109375
0 0.3125 0.3328125 0.084375 0.128125
0 0.251953125 0.311328125 0.093359375 0.109375
0 0.187109375 0.283203125 0.08828125 0.105859375
0 0.132421875 0.24921875 0.093359375 0.116015625
0 0.0734375 0.2234375 0.097265625 0.109375
0 0.032421875 0.199609375 0.06484375 0.11953125
0 0.965625 0.326953125 0.06875 0.13125
0 0.917578125 0.30546875 0.101171875 0.126171875
0 0.8609375 0.274609375 0.1 0.114453125
0 0.798828125 0.246484375 0.08828125 0.12109375
0 0.733203125 0.23359375 0.101171875 0.109375
0 0.6765625 0.203125 0.09609375 0.105859375
0 0.616796875 0.180078125 0.105078125 0.114453125
0 0.5578125 0.15625 0.097265625 0.109375
0 0.49921875 0.126953125 0.097265625 0.11953125
0 0.44296875 0.1015625 0.1 0.12109375
0 0.381640625 0.08203125 0.110546875 0.12109375
0 0.334375 0.05546875 0.106640625 0.1109375
0 0.26640625 0.042578125 0.0921875 0.08515625
0 0.93359375 0.159375 0.108984375 0.12109375
0 0.872265625 0.126953125 0.114453125 0.133203125
1 0.8078125 0.098046875 0.118359375 0.114453125
0 0.746875 0.080078125 0.106640625 0.126171875
1 0.688671875 0.061328125 0.10546875 0.12265625
0 0.624609375 0.041015625 0.083203125 0.08203125
0 0.555078125 0.031640625 0.0703125 0.06328125
1 0.965625 0.180078125 0.06875 0.109375