0 0.84453125 0.889453125 0.13984375 0.190625
0 0.75234375 0.84296875 0.135546875 0.176953125
1 0.6609375 0.796875 0.138671875 0.17265625
0 0.944921875 0.9078125 0.10859375 0.184375
0 0.57734375 0.746875 0.125390625 0.153125
0 0.51640625 0.693359375 0.126953125 0.13515625
0 0.441015625 0.652734375 0.135546875 0.158984375
1 0.37265625 0.618359375 0.110546875 0.153125
1 0.325390625 0.806640625 0.131640625 0.161328125
1 0.47265625 0.892578125 0.128515625 0.165625
0 0.39765625 0.84296875 0.137109375 0.1859375
0 0.573046875 0.93671875 0.12265625 0.1265625
0 0.687890625 0.9578125 0.098828125 0.083984375
0 0.257421875 0.75 0.11953125 0.14609375
0 0.193359375 0.708203125 0.11484375 0.163671875
0 0.13984375 0.6703125 0.105859375 0.15078125
0 0.09140625 0.62734375 0.11484375 0.139453125
0 0.055078125 0.589453125 0.098828125 0.139453125
0 0.323046875 0.583984375 0.126953125 0.1546875
0 0.269921875 0.55625 0.123828125 0.139453125
1 0.217578125 0.532421875 0.11640625 0.126171875
0 0.176953125 0.48671875 0.11484375 0.11484375
0 0.128125 0.46875 0.112109375 0.119140625
0 0.09140625 0.44375 0.11796875 0.104296875
0 0.058203125 0.409375 0.11640625 0.11015625
0 0.963671875 0.575390625 0.07265625 0.119140625
0 0.90625 0.548828125 0.087109375 0.11015625
0 0.83046875 0.51875 0.0796875 0.10859375
0 0.7578125 0.4890625 0.100390625 0.101953125
0 0.704296875 0.461328125 0.098828125 0.104296875
1 0.637109375 0.45 0.085546875 0.121484375
1 0.58046875 0.421484375 0.087109375 0.10859375
0 0.525 0.392578125 0.09765625 0.104296875
0 0.4765625 0.37265625 0.09453125 0.104296875
0 0.424609375 0.36171875 0.088671875 0.1171875
0 0.3765625 0.344140625 0.098828125 0.0953125
1 0.330859375 0.334375 0.087109375 0.09765625
0 0.295703125 0.30546875 0.09609375 0.088671875
0 0.257421875 0.2953125 0.078125 0.090625
0 0.21328125 0.28671875 0.083984375 0.0953125
0 0.179296875 0.26328125 0.083984375 0.101953125
0 0.1484375 0.24765625 0.07265625 0.0796875
0 0.112890625 0.243359375 0.075 0.088671875
0 0.083984375 0.23125 0.09140625 0.0953125
0 0.059765625 0.221484375 0.087109375 0.09296875
0 0.032421875 0.19921875 0.06484375 0.09765625
0 0.952734375 0.4234375 0.088671875 0.13046875
0 0.88046875 0.39375 0.09453125 0.119140625
0 0.81640625 0.36484375 0.08984375 0.11484375
0 0.755078125 0.34609375 0.088671875 0.104296875
0 0.70859375 0.3359375 0.087109375 0.09296875
0 0.650390625 0.3171875 0.0765625 0.086328125
0 0.601171875 0.2984375 0.075 0.09296875
0 0.555078125 0.2796875 0.078125 0.090625
0 0.507421875 0.26953125 0.082421875 0.0796875
1 0.467578125 0.253125 0.0796875 0.086328125
0 0.426953125 0.2390625 0.080859375 0.0796875
0 0.387109375 0.227734375 0.07265625 0.075
0 0.348046875 0.219140625 0.0765625 0.083984375
0 0.311328125 0.2015625 0.082421875 0.088671875
0 0.2765625 0.1890625 0.075 0.090625
0 0.24140625 0.18125 0.06953125 0.070703125
0 0.216015625 0.169140625 0.075 0.07265625
0 0.1828125 0.152734375 0.0765625 0.0796875
0 0.15703125 0.15703125 0.078125 0.066015625
0 0.96328125 0.259765625 0.07109375 0.1125
0 0.90703125 0.24765625 0.0734375 0.106640625
0 0.845703125 0.237890625 0.06953125 0.090625
1 0.8015625 0.23203125 0.060546875 0.088671875
1 0.757421875 0.2078125 0.06640625 0.083984375
0 0.71015625 0.19140625 0.060546875 0.086328125
0 0.669140625 0.178125 0.063671875 0.086328125
0 0.628125 0.171484375 0.06484375 0.081640625
0 0.587890625 0.161328125 0.060546875 0.075
0 0.544140625 0.15390625 0.058984375 0.068359375
0 0.51328125 0.14609375 0.058984375 0.075
0 0.480078125 0.13046875 0.060546875 0.075
1 0.4453125 0.126171875 0.062109375 0.070703125
0 0.409375 0.11796875 0.06640625 0.07265625
0 0.38203125 0.100390625 0.06484375 0.07265625
0 0.345703125 0.0984375 0.0546875 0.07265625
0 0.318359375 0.091796875 0.055859375 0.064453125
0 0.2796875 0.08515625 0.06953125 0.068359375
0 0.948828125 0.19140625 0.0546875 0.07734375
0 0.89453125 0.17578125 0.060546875 0.081640625
0 0.848046875 0.165625 0.062109375 0.0796875
0 0.798828125 0.161328125 0.0546875 0.075
0 0.7484375 0.148046875 0.0515625 0.0796875
0 0.718359375 0.13515625 0.053125 0.062109375
0 0.676171875 0.12734375 0.0546875 0.064453125
0 0.637890625 0.110546875 0.057421875 0.066015625
0 0.60390625 0.107421875 0.0515625 0.06015625
0 0.568359375 0.100390625 0.0515625 0.068359375
0 0.53671875 0.088671875 0.05 0.0578125
0 0.494921875 0.08515625 0.057421875 0.05546875
0 0.464453125 0.08046875 0.055859375 0.05546875
0 0.43359375 0.06640625 0.053125 0.066015625
0 0.412890625 0.059765625 0.055859375 0.0578125
0 0.3765625 0.052734375 0.0453125 0.053125
0 0.34140625 0.038671875 0.0515625 0.051171875
1 0.949609375 0.112890625 0.044140625 0.0578125
0 0.912890625 0.092578125 0.053125 0.075
0 0.863671875 0.086328125 0.0453125 0.070703125
0 0.833203125 0.076171875 0.046875 0.06015625
0 0.798828125 0.076171875 0.0515625 0.064453125
1 0.7578125 0.065234375 0.046875 0.068359375
0 0.728515625 0.059765625 0.05 0.070703125
0 0.691796875 0.052734375 0.046875 0.066015625
0 0.650390625 0.046484375 0.046875 0.066015625
1 0.61953125 0.03984375 0.046875 0.070703125
0 0.59375 0.03203125 0.0546875 0.06015625
0 0.55546875 0.025390625 0.053125 0.05078125
0 0.52421875 0.019921875 0.060546875 0.03984375
0 0.021484375 0.13515625 0.04296875 0.070703125
0 0.055078125 0.11484375 0.0484375 0.066015625
0 0.09375 0.105078125 0.04296875 0.064453125
0 0.124609375 0.09375 0.0546875 0.07265625
0 0.1546875 0.07734375 0.053125 0.066015625
0 0.18359375 0.06875 0.0484375 0.066015625
0 0.214453125 0.055078125 0.0515625 0.062109375
0 0.24140625 0.03984375 0.04296875 0.053125
0 0.26015625 0.0375 0.0546875 0.048828125
0 0.290625 0.022265625 0.046875 0.044140625