0 0.8425694444444444 0.18859375 0.17151041666666664 0.23109375000000001
0 0.7157986111111111 0.18484375000000003 0.17222222222222214 0.2646354166666667
0 0.5871875 0.169609375 0.1638020833333332 0.26796875
0 0.4722048611111111 0.16507812500000002 0.1623784722222222 0.27098958333333334
0 0.3570920138888889 0.15466145833333333 0.17644097222222221 0.2719270833333333
0 0.23805555555555555 0.16200520833333334 0.19022569444444448 0.30166666666666664
0 0.13625868055555557 0.16932291666666666 0.19569444444444445 0.30203125
0 0.07759982638888889 0.17434895833333336 0.15519965277777778 0.3173958333333333
0 0.8120399305555555 0.6022395833333334 0.11236111111111109 0.17963541666666671
0 0.7230729166666666 0.5853385416666667 0.12390624999999993 0.17651041666666673
0 0.6337934027777777 0.57546875 0.1343055555555555 0.18265624999999996
0 0.5617447916666667 0.5745833333333333 0.13140625000000003 0.16999999999999993
0 0.474453125 0.5640625 0.1358854166666667 0.165625
0 0.3922829861111111 0.56171875 0.11923611111111106 0.15906249999999994
0 0.3203211805555556 0.5588802083333333 0.11039930555555558 0.15302083333333344
0 0.25546006944444444 0.5549479166666667 0.12677083333333333 0.15333333333333332
1 0.18123263888888888 0.5413802083333333 0.12020833333333333 0.14588541666666668
0 0.12749131944444442 0.542890625 0.13859375 0.1564583333333333
0 0.055924479166666666 0.5405208333333332 0.11184895833333333 0.15302083333333344
0 0.7976649305555557 0.7670052083333333 0.08994791666666657 0.14854166666666657
0 0.7951649305555556 0.91140625 0.06918402777777785 0.10197916666666665
0 0.7357378472222222 0.9086197916666666 0.0678993055555555 0.10812500000000007
0 0.6800434027777778 0.8923697916666665 0.07159722222222235 0.10369791666666686
0 0.6273350694444445 0.8794531250000001 0.06796875 0.10968750000000008
0 0.5728038194444445 0.8722916666666667 0.06189236111111107 0.11317708333333343
0 0.5164756944444444 0.8614843750000001 0.08022569444444443 0.10505208333333335
0 0.4668836805555555 0.8577864583333333 0.055659722222222284 0.09562500000000007
0 0.42072916666666665 0.847265625 0.06381944444444443 0.10395833333333329
0 0.3721788194444445 0.8377604166666668 0.06435763888888886 0.09854166666666667
0 0.32478298611111106 0.8287239583333333 0.05942708333333328 0.09276041666666686
0 0.27544270833333334 0.8281770833333333 0.06670138888888885 0.09869791666666679
0 0.22848958333333336 0.8179947916666667 0.05885416666666663 0.09739583333333321
0 0.18402777777777776 0.8134635416666667 0.059843750000000015 0.1021354166666665
0 0.14409722222222224 0.8127604166666667 0.056927083333333336 0.10661458333333336
0 0.10138020833333332 0.8130468750000001 0.06473958333333334 0.10713541666666657
0 0.726796875 0.7571875 0.09072916666666657 0.14859374999999986
0 0.6502256944444443 0.7434635416666666 0.08460069444444436 0.13338541666666667
0 0.5783246527777777 0.7304427083333334 0.08592013888888879 0.12802083333333342
0 0.5076649305555556 0.7159375 0.08354166666666671 0.12708333333333338
0 0.44866319444444447 0.7123958333333333 0.08748263888888896 0.128125
0 0.3864930555555556 0.7008072916666667 0.09416666666666665 0.12078124999999992
0 0.32440104166666667 0.6962760416666667 0.09124999999999997 0.1252604166666666
0 0.26885416666666667 0.6855208333333334 0.08861111111111111 0.13598958333333327
0 0.20650173611111114 0.6868489583333333 0.10824652777777777 0.13963541666666668
0 0.1487326388888889 0.673203125 0.0909548611111111 0.13614583333333333
0 0.09630208333333333 0.6716666666666666 0.08697916666666668 0.1343229166666667
0 0.04613715277777778 0.6627083333333333 0.09227430555555556 0.13026041666666668
0 0.014045138888888888 0.6596354166666666 0.028090277777777777 0.12239583333333322
0 0.6438368055555556 0.957734375 0.07170138888888893 0.07098958333333343
0 0.5942968750000001 0.9528645833333332 0.0593055555555555 0.07250000000000015
0 0.5451649305555556 0.9476302083333333 0.05671874999999993 0.06687499999999993
0 0.4996788194444445 0.9308854166666667 0.06279513888888885 0.06338541666666657
0 0.4553385416666667 0.9236197916666666 0.05994791666666668 0.06942708333333343
0 0.4147829861111111 0.9193489583333333 0.0593055555555555 0.07250000000000015
0 0.3710416666666666 0.907421875 0.0640625 0.07437499999999986
0 0.32391493055555554 0.9011458333333333 0.05444444444444443 0.06828125000000007
0 0.28380208333333334 0.8957291666666667 0.0578125 0.07395833333333321
0 0.24328124999999998 0.8906770833333333 0.07184027777777775 0.07411458333333343
0 0.2029513888888889 0.8813281249999999 0.05322916666666666 0.07598958333333314
0 0.15816840277777777 0.8752083333333334 0.06086805555555554 0.07260416666666672
0 0.2061197916666667 0.9422656249999999 0.048975694444444454 0.06791666666666671
0 0.24975694444444443 0.9565364583333335 0.05723958333333332 0.07859375000000028
0 0.28606770833333334 0.9593489583333333 0.05546875 0.07380208333333335
0 0.3186024305555556 0.9656770833333332 0.05309027777777775 0.06864583333333343
0 0.34888020833333333 0.9699609375 0.05600694444444443 0.06007812500000007
0 0.38800347222222226 0.9751041666666665 0.048975694444444426 0.04979166666666686
0 0.42770833333333336 0.9779427083333333 0.05210069444444443 0.04411458333333336
0 0.4651649305555555 0.9844921875000001 0.05124999999999993 0.03101562499999986
0 0.5014409722222222 0.9867968749999999 0.05583333333333336 0.02640625000000014
0 0.5403472222222222 0.9916927083333335 0.050833333333333286 0.016614583333333145
0 0.5754513888888889 0.9939843749999999 0.05385416666666672 0.012031250000000071
0 0.004696180555555554 0.810859375 0.009392361111111108 0.04046875000000005
0 0.024539930555555554 0.8292447916666668 0.04907986111111111 0.03411458333333357
0 0.03613715277777778 0.8529687499999999 0.06715277777777777 0.03874999999999993
0 0.05096354166666667 0.8719791666666665 0.06715277777777777 0.038750000000000284
0 0.0856423611111111 0.8938802083333333 0.05590277777777779 0.03098958333333357