1 0.39138020833333337 0.8309461805555556 0.1414583333333333 0.23981481481481487
1 0.4684114583333333 0.8175202546296296 0.11223958333333321 0.24574652777777786
1 0.5394270833333333 0.8019675925925928 0.12255208333333342 0.23677662037037034
0 0.619765625 0.7970341435185185 0.12276041666666657 0.23990162037037024
0 0.6974479166666667 0.7816261574074074 0.12062500000000007 0.2546296296296296
0 0.7770833333333333 0.7661458333333333 0.13630208333333335 0.2442997685185185
0 0.8535677083333333 0.7445167824074074 0.13203125 0.23868634259259255
0 0.9360156249999999 0.7390625 0.12796875000000013 0.23084490740740726
1 0.9777083333333334 0.710691550925926 0.04458333333333329 0.18451967592592594
1 0.5143489583333334 0.2554542824074074 0.17520833333333333 0.37199074074074073
1 0.9160677083333333 0.21355613425925926 0.15921875000000013 0.35425347222222225
0 0.8171614583333333 0.23953993055555559 0.16192708333333314 0.3948784722222222
0 0.7122395833333334 0.23402777777777778 0.1727083333333333 0.36956018518518513
0 0.6040104166666667 0.24351851851851852 0.15354166666666663 0.350925925925926