0 0.8246788194444445 0.5974131944444444 0.14800347222222215 0.2569444444444445
0 0.9351128472222221 0.41765625 0.10803819444444471 0.30600694444444443
1 0.7768836805555555 0.5290972222222222 0.1834722222222222 0.2998784722222222
1 0.9219618055555555 0.31765625000000003 0.14253472222222213 0.29194444444444445
0 0.7581944444444444 0.4305381944444445 0.16359375000000007 0.25651041666666674
0 0.8871006944444446 0.25744791666666667 0.18699652777777792 0.29137152777777775
0 0.7068749999999999 0.37113715277777776 0.1764930555555555 0.2833333333333334
0 0.6822048611111111 0.2927777777777778 0.18432291666666673 0.2663368055555555
1 0.6346614583333332 0.22759548611111113 0.19722222222222213 0.2931597222222222
0 0.5858420138888889 0.14713541666666666 0.1726736111111112 0.26763888888888887
0 0.8486631944444445 0.17213541666666668 0.18022569444444442 0.24439236111111112
0 0.6044357638888889 0.9031510416666666 0.13232638888888887 0.19369791666666672
0 0.6426475694444445 0.9370486111111112 0.11949652777777775 0.12590277777777778
0 0.5698697916666667 0.8232291666666667 0.13246527777777786 0.20586805555555543
0 0.5475520833333333 0.7535243055555556 0.12288194444444436 0.20097222222222227
0 0.519314236111111 0.6762586805555555 0.14064236111111122 0.23180555555555565
0 0.5000520833333333 0.6081857638888889 0.14010416666666678 0.23725694444444442
1 0.46263888888888893 0.5526128472222223 0.13211805555555553 0.23317708333333337
1 0.43017361111111113 0.4912847222222222 0.14109374999999996 0.20684027777777772
0 0.3998697916666667 0.4253125 0.14326388888888886 0.23810763888888892
0 0.35980034722222226 0.35912326388888893 0.13050347222222225 0.21440972222222215
0 0.33926215277777777 0.3109635416666666 0.15887152777777774 0.25562500000000005
1 0.30621527777777774 0.236328125 0.15086805555555555 0.23359375
1 0.26578125 0.1607465277777778 0.12894097222222226 0.21437500000000004
1 0.23752604166666663 0.10146701388888887 0.12651041666666668 0.19480902777777778
1 0.20008680555555552 0.07287326388888889 0.11857638888888891 0.13921875
1 0.08340277777777778 0.11172743055555553 0.10819444444444444 0.22171875000000002
1 0.11486979166666667 0.15152777777777776 0.10314236111111112 0.26609374999999996
0 0.14600694444444445 0.2163454861111111 0.10510416666666669 0.2575520833333333
0 0.17402777777777778 0.27210069444444446 0.1084375 0.22718749999999996
0 0.1972395833333333 0.33048611111111115 0.10951388888888891 0.25140624999999994
0 0.23249999999999998 0.3993055555555555 0.11229166666666668 0.24366319444444445
0 0.3193576388888889 0.5740624999999999 0.09940972222222219 0.23479166666666665
0 0.3441840277777778 0.6313107638888888 0.09086805555555558 0.21821180555555558
1 0.3727083333333333 0.6933333333333334 0.09303819444444442 0.24947916666666678
1 0.40497395833333333 0.7679513888888889 0.12927083333333336 0.23935763888888886
1 0.42508680555555556 0.8168836805555555 0.1100868055555555 0.21161458333333344
1 0.4590538194444445 0.8884114583333332 0.1133506944444445 0.21480902777777766
1 0.49164062499999994 0.9229253472222222 0.10967013888888885 0.15414930555555556
0 0.11605034722222222 0.6176388888888888 0.11071180555555556 0.1905555555555555
1 0.08924479166666667 0.5697309027777777 0.11104166666666668 0.18041666666666673
1 0.06202256944444444 0.5136024305555555 0.09260416666666668 0.22215277777777764
1 0.04466579861111111 0.46099826388888887 0.08933159722222223 0.24826388888888892
1 0.02556423611111111 0.4104861111111111 0.05112847222222222 0.20378472222222221