1 0.20006076388888888 0.9101909722222222 0.19520833333333334 0.14248263888888885
1 0.3002517361111111 0.8815885416666667 0.14673611111111118 0.17574652777777766
1 0.3884548611111111 0.837890625 0.15163194444444442 0.1805381944444445
1 0.46289930555555553 0.7919357638888889 0.15718750000000004 0.16505208333333332
1 0.15147569444444445 0.72140625 0.1601215277777778 0.14326388888888886
0 0.24885416666666668 0.6822048611111111 0.17444444444444446 0.1669965277777777
1 0.3333159722222222 0.6509114583333334 0.15571180555555558 0.1494097222222223
0 0.4221961805555556 0.6048871527777777 0.16090277777777776 0.14328125000000008
1 0.5027604166666666 0.5824826388888888 0.1443229166666667 0.13901041666666672
0 0.5666493055555556 0.5448784722222222 0.14564236111111112 0.16869791666666673
1 0.6459635416666666 0.5119097222222222 0.16366319444444458 0.15270833333333336
0 0.7051302083333333 0.4734201388888889 0.1663194444444443 0.15979166666666664
0 0.7984895833333334 0.4403732638888889 0.16001736111111117 0.14092013888888885
0 0.9351779513888889 0.5704947916666667 0.12964409722222214 0.16963541666666657
0 0.5671267361111111 0.7575694444444444 0.1561284722222222 0.19390624999999986
1 0.6486631944444444 0.7219184027777779 0.14461805555555554 0.1632118055555555
0 0.7000781249999999 0.6758420138888889 0.1632638888888888 0.19640625000000006
1 0.7887239583333334 0.6508854166666667 0.14234375000000005 0.16472222222222221
0 0.8570920138888889 0.6086979166666666 0.13888888888888892 0.17479166666666668
0 0.978376736111111 0.3524652777777778 0.043246527777778 0.11295138888888889
0 0.9528993055555557 0.2851388888888889 0.09420138888888871 0.12885416666666671
0 0.9121354166666666 0.2403645833333333 0.14328125000000008 0.11557291666666669
0 0.8605208333333334 0.18536458333333333 0.17065972222222214 0.11696180555555555
0 0.7988628472222222 0.14145833333333332 0.177482638888889 0.11243055555555555
0 0.7230815972222222 0.08709201388888889 0.14711805555555557 0.11409722222222222
1 0.5294357638888889 0.22561631944444444 0.13557291666666665 0.1528645833333333
0 0.4513020833333333 0.25002604166666664 0.13407986111111114 0.11927083333333337
0 0.3880295138888889 0.27515625 0.15131944444444442 0.13838541666666665
0 0.3074826388888889 0.3155121527777777 0.1402430555555556 0.17013888888888892
0 0.23355902777777776 0.355625 0.14822916666666666 0.17421875
0 0.15796875 0.3757986111111111 0.1389409722222222 0.19352430555555547
0 0.09313368055555556 0.41845486111111113 0.15828125 0.20722222222222225
1 0.41274305555555557 0.12 0.13119791666666672 0.12467013888888889
1 0.3292361111111111 0.1552170138888889 0.16305555555555565 0.12147569444444443
0 0.25307291666666665 0.1625 0.1443229166666667 0.13901041666666664
0 0.19450520833333335 0.18812500000000001 0.1677951388888889 0.1403125
0 0.11156250000000001 0.20969618055555556 0.14647569444444444 0.1523263888888889