0 0.9131597222222222 0.15415798611111112 0.12836805555555558 0.30831597222222223
0 0.8454079861111111 0.16279513888888889 0.14199652777777771 0.32559027777777777
0 0.7726388888888889 0.16868055555555556 0.14222222222222225 0.3373611111111111
0 0.9431510416666666 0.7438975694444444 0.08647569444444443 0.3072395833333335
1 0.8965538194444445 0.7324392361111111 0.10562499999999986 0.2553472222222222
0 0.8392881944444444 0.7618229166666666 0.10380208333333334 0.27873263888888894
0 0.7848003472222221 0.7716232638888888 0.1011631944444444 0.26539930555555563
0 0.7216319444444445 0.7679513888888889 0.10652777777777782 0.26083333333333325
0 0.6665017361111112 0.7890885416666666 0.10704861111111122 0.2842708333333334
0 0.6095746527777777 0.8032378472222221 0.108732638888889 0.2897743055555555
0 0.5513802083333333 0.7865711805555555 0.11567708333333329 0.28602430555555536
0 0.4953819444444445 0.8116319444444444 0.11187499999999986 0.290625
1 0.43796875 0.8125173611111112 0.12482638888888893 0.3112152777777779
0 0.38851562500000003 0.8417274305555555 0.12772569444444448 0.3011284722222222
0 0.27660590277777775 0.835234375 0.12421875 0.3190104166666668
1 0.219296875 0.8490017361111111 0.13303819444444445 0.2942187499999999
0 0.17475694444444442 0.8503819444444446 0.13770833333333332 0.29354166666666676
0 0.12641493055555555 0.8647309027777779 0.13008680555555557 0.26682291666666663
0 0.07194444444444444 0.87375 0.10708333333333334 0.2506944444444444
1 0.6943229166666667 0.16050347222222222 0.13010416666666663 0.32100694444444444
1 0.6234201388888889 0.15270833333333333 0.13128472222222226 0.30541666666666667
1 0.5498003472222223 0.16169270833333332 0.12539930555555542 0.32338541666666665
0 0.4794184027777778 0.1832204861111111 0.13491319444444444 0.3664409722222222
0 0.33586805555555554 0.20649305555555558 0.13994791666666667 0.3943229166666667
0 0.27308159722222225 0.2559114583333334 0.14461805555555554 0.4287847222222222
0 0.20419270833333333 0.24611979166666664 0.14555555555555558 0.40069444444444446
0 0.06924479166666667 0.27578993055555556 0.13848958333333333 0.43592013888888886
0 0.032968750000000005 0.27736979166666664 0.06593750000000001 0.3749479166666667