0 0.47124999999999995 0.3311921296296297 0.19991319444444447 0.240625
1 0.38974826388888884 0.37492766203703703 0.17960069444444446 0.20407986111111107
0 0.3249305555555556 0.43126446759259257 0.17854166666666665 0.19777199074074078
1 0.2587152777777778 0.4573206018518519 0.1617708333333333 0.2058738425925927
1 0.218359375 0.509982638888889 0.1890625 0.18920717592592595
1 0.1547829861111111 0.5472077546296296 0.1849652777777778 0.16710069444444428
1 0.1190798611111111 0.565726273148148 0.16480902777777776 0.1515914351851851
1 0.08195312499999999 0.5986400462962963 0.1586111111111111 0.13478009259259255
0 0.06121527777777778 0.6339409722222222 0.12243055555555556 0.13133680555555555
0 0.8773177083333333 0.2860243055555556 0.1944618055555555 0.22309027777777776
0 0.7764843750000001 0.35027488425925923 0.16171875 0.22222222222222232
0 0.6888628472222222 0.3994357638888889 0.1648958333333333 0.20610532407407406
0 0.6094965277777777 0.46566840277777777 0.16177083333333328 0.20587384259259256
1 0.529123263888889 0.48401331018518523 0.15953124999999985 0.17300347222222215
1 0.47971354166666663 0.5199363425925926 0.150138888888889 0.1543981481481481
1 0.4065798611111111 0.5517505787037037 0.13630208333333335 0.14091435185185192
0 0.3523263888888889 0.5908420138888889 0.1394618055555556 0.1419270833333332
1 0.2989496527777778 0.6190248842592593 0.1255902777777777 0.12766203703703702
0 0.257265625 0.6574797453703705 0.1447222222222222 0.13764467592592594
0 0.2015277777777778 0.6858796296296296 0.12664930555555554 0.13396990740740727
0 0.16150173611111113 0.7134837962962963 0.10682291666666668 0.10836226851851852
0 0.12592013888888887 0.7292679398148147 0.09187500000000001 0.10491898148148149
0 0.09465277777777778 0.7449797453703704 0.09401041666666668 0.10040509259259274
0 0.06783854166666667 0.7574942129629629 0.08251736111111112 0.08709490740740726
1 0.9056510416666667 0.530324074074074 0.122517361111111 0.11108217592592595
0 0.7984114583333334 0.5976273148148149 0.10258680555555558 0.11817129629629619
1 0.7347916666666666 0.609375 0.08461805555555557 0.08179976851851851
1 0.670564236111111 0.6347945601851851 0.11291666666666664 0.08778935185185191
0 0.61875 0.6630931712962963 0.09713541666666661 0.10063657407407404
1 0.5658940972222222 0.6795572916666666 0.08982638888888879 0.09386574074074083
0 0.5203645833333332 0.7075376157407407 0.08880208333333321 0.08833912037037042
0 0.46028645833333337 0.7101417824074074 0.08354166666666671 0.09262152777777785
1 0.4160850694444445 0.7346932870370371 0.07282986111111112 0.07936921296296298
0 0.3931857638888889 0.7561197916666667 0.08880208333333331 0.08833912037037042
1 0.36050347222222223 0.7772135416666666 0.08777777777777782 0.0828125
0 0.33120659722222223 0.7926793981481481 0.09085069444444445 0.09939236111111108
0 0.2877604166666667 0.809056712962963 0.07520833333333332 0.08032407407407405
1 0.8691840277777778 0.6365740740740741 0.09923611111111086 0.09534143518518512
1 0.8097916666666667 0.6678385416666667 0.09815972222222236 0.10616319444444447
1 0.7594270833333333 0.6899739583333334 0.1203819444444445 0.11559606481481488
1 0.7039322916666666 0.6952690972222222 0.09923611111111122 0.09534143518518512
1 0.6628559027777777 0.7200520833333334 0.10663194444444457 0.08654513888888893
1 0.6208420138888888 0.7306568287037037 0.10663194444444457 0.08654513888888893
1 0.5792447916666666 0.7495225694444445 0.08963541666666668 0.07204861111111108
1 0.4868576388888889 0.7736400462962962 0.08671875 0.07650462962962959
1 0.4512586805555555 0.7898148148148147 0.07394097222222218 0.06932870370370363
1 0.4236892361111111 0.8105034722222223 0.08149305555555557 0.08156828703703703
1 0.3884722222222222 0.8180844907407409 0.07730902777777775 0.07502893518518512