0 0.8927864583333334 0.5324739583333333 0.13727430555555564 0.22859374999999993
0 0.941976273148148 0.4965364583333334 0.07752893518518533 0.21838541666666664
0 0.8129224537037038 0.5632291666666667 0.143611111111111 0.21734374999999986
0 0.7328096064814815 0.5849479166666667 0.1316087962962964 0.19864583333333333
0 0.6608969907407408 0.6138802083333333 0.14507523148148138 0.20265625000000007
1 0.5844994212962963 0.599375 0.1372106481481481 0.18812500000000015
1 0.5248842592592593 0.6193229166666667 0.1330729166666666 0.18395833333333336
0 0.4676070601851851 0.6527604166666666 0.15443865740740742 0.17682291666666677
0 0.4070283564814815 0.6691145833333334 0.13206018518518517 0.18000000000000008
0 0.35263020833333336 0.6870572916666667 0.14925347222222224 0.19437500000000013
0 0.2967621527777778 0.7033333333333334 0.13191550925925927 0.16442708333333336
1 0.24848379629629633 0.7040364583333334 0.12162037037037036 0.16140624999999992
0 0.20506944444444444 0.7219270833333333 0.1225868055555556 0.1645833333333334
0 0.16188657407407409 0.7359114583333334 0.1338946759259259 0.17156249999999992
0 0.12488715277777777 0.7448177083333334 0.13444444444444445 0.1677083333333334
0 0.07574652777777777 0.7733072916666667 0.13444444444444445 0.1677083333333334
0 0.05250289351851852 0.7750520833333333 0.10500578703703704 0.15921875000000013
0 0.028938078703703705 0.7763541666666667 0.05787615740740741 0.15739583333333335
0 0.01533275462962963 0.78171875 0.03066550925925926 0.14625000000000005
0 0.0020688657407407413 0.8035416666666666 0.004137731481481483 0.13833333333333328
0 0.6623466435185186 0.18572916666666667 0.2079224537037037 0.2652083333333334
0 0.5838165509259259 0.21382812499999998 0.22355902777777778 0.2927083333333333
0 0.4965277777777778 0.25075520833333337 0.23795717592592602 0.32557291666666666
1 0.41911458333333335 0.29971354166666664 0.20954282407407407 0.2925520833333334
0 0.3549884259259259 0.33622395833333335 0.1872395833333334 0.2576041666666667
0 0.27650752314814814 0.35687499999999994 0.17501157407407408 0.24822916666666667
1 0.22410300925925924 0.3875 0.15882523148148148 0.22458333333333336
0 0.17927951388888888 0.42255208333333333 0.17367476851851854 0.2388020833333334
0 0.12019097222222222 0.4468489583333334 0.19048611111111108 0.22046875000000005
0 0.07405671296296297 0.4784114583333333 0.14811342592592594 0.2057291666666666
0 0.05120370370370371 0.4983072916666666 0.10240740740740742 0.23411458333333326
1 0.4416550925925926 0.09140625 0.17762731481481478 0.13479166666666664
0 0.3452488425925926 0.11674479166666667 0.21887731481481482 0.20057291666666668
0 0.27784722222222225 0.1291145833333333 0.22399305555555554 0.234375
0 0.20194155092592592 0.14601562499999998 0.2005208333333334 0.25848958333333333
0 0.141484375 0.20002604166666665 0.20208333333333334 0.25859375
0 0.09130497685185186 0.23942708333333332 0.17561342592592594 0.2583854166666667
0 0.8866984953703703 0.74109375 0.12641782407407404 0.20296874999999998
0 0.8079398148148147 0.7664322916666666 0.11915509259259247 0.19859374999999985
0 0.7357812499999999 0.7796614583333333 0.12411458333333343 0.19036458333333323
0 0.6722193287037037 0.786796875 0.12218171296296312 0.18401041666666665
0 0.5994849537037037 0.803125 0.10778935185185183 0.16437500000000008
0 0.5499392361111111 0.8119791666666666 0.12456597222222214 0.17171875000000014
0 0.500462962962963 0.8196614583333334 0.11072916666666668 0.1614583333333332
0 0.4467563657407407 0.8325520833333334 0.1079687499999999 0.15427083333333336
0 0.40346064814814814 0.8418229166666666 0.10998842592592588 0.14895833333333322
1 0.3572511574074074 0.8407031249999999 0.10309027777777775 0.13760416666666667
0 0.30767939814814815 0.8566145833333334 0.11196759259259252 0.15609374999999978
0 0.2619184027777778 0.8810156249999999 0.11215277777777785 0.15921875000000013
0 0.2206423611111111 0.8959114583333333 0.10763888888888891 0.13557291666666665
0 0.17881944444444445 0.9001822916666666 0.11219328703703701 0.14677083333333343
0 0.8312847222222223 0.9501822916666667 0.10608796296296283 0.09963541666666664
0 0.7768518518518519 0.9438541666666665 0.11909722222222215 0.11229166666666686
0 0.7189872685185186 0.95609375 0.11274305555555557 0.08781250000000007
1 0.6622309027777777 0.9586458333333333 0.10336226851851862 0.08270833333333343
1 0.6132407407407408 0.9573958333333333 0.10437499999999993 0.08520833333333329
0 0.5748640046296296 0.9644010416666667 0.09949652777777765 0.07119791666666657
0 0.5248582175925927 0.9759375 0.10417245370370373 0.04812499999999993
0 0.47618923611111114 0.9784375000000001 0.09120949074074076 0.04312499999999986
0 0.43489583333333337 0.9820052083333334 0.07581018518518516 0.03598958333333328
0 0.14171296296296296 0.8910416666666666 0.10685763888888888 0.13552083333333337
0 0.1006712962962963 0.8953645833333332 0.09012152777777778 0.11572916666666658