0 0.759375 0.8 0.05390625 0.116796875
1 0.701171875 0.804296875 0.0625 0.1265625
0 0.65234375 0.80078125 0.05234375 0.141796875
0 0.59921875 0.80078125 0.05 0.1234375
0 0.55625 0.606640625 0.042578125 0.094921875
0 0.46953125 0.606640625 0.03984375 0.0984375
0 0.78515625 0.6109375 0.057421875 0.08984375
0 0.486328125 0.53515625 0.057421875 0.0765625
1 0.29140625 0.78984375 0.061328125 0.1234375
1 0.346875 0.794140625 0.061328125 0.118359375
1 0.39765625 0.792578125 0.067578125 0.1234375
1 0.44609375 0.793359375 0.061328125 0.1265625
1 0.496875 0.795703125 0.05390625 0.13984375
1 0.55390625 0.79921875 0.057421875 0.128515625
1 0.73671875 0.618359375 0.05859375 0.08515625
1 0.690625 0.607421875 0.04375 0.08828125
1 0.646875 0.608984375 0.04375 0.08984375
1 0.604296875 0.608984375 0.04765625 0.08984375
1 0.51484375 0.61484375 0.04375 0.096484375
1 0.426953125 0.608984375 0.048828125 0.081640625
1 0.33828125 0.53828125 0.05 0.06484375
1 0.408203125 0.5390625 0.048828125 0.066796875
1 0.44921875 0.541015625 0.057421875 0.069921875
1 0.52890625 0.53828125 0.04375 0.06484375
1 0.558203125 0.531640625 0.05234375 0.06015625
1 0.60625 0.53515625 0.05 0.058203125
1 0.645703125 0.53671875 0.038671875 0.053515625
1 0.688671875 0.541015625 0.05 0.056640625
1 0.73515625 0.53828125 0.055078125 0.046484375