0 0.130859375 0.594140625 0.13125 0.28828125
1 0.2765625 0.607421875 0.145703125 0.266015625
0 0.414453125 0.609765625 0.138671875 0.26171875
0 0.555859375 0.609765625 0.115625 0.266015625
0 0.702734375 0.596484375 0.14296875 0.270703125
0 0.84296875 0.60078125 0.1671875 0.305859375
0 0.930078125 0.565234375 0.13984375 0.281640625
0 0.1 0.3734375 0.15 0.18828125
1 0.21875 0.380078125 0.1328125 0.181640625
0 0.325 0.38125 0.128515625 0.197265625
0 0.426953125 0.371484375 0.123046875 0.183984375
0 0.53515625 0.396875 0.112890625 0.201953125
0 0.645703125 0.380078125 0.111328125 0.199609375
0 0.754296875 0.3703125 0.112890625 0.199609375
0 0.85625 0.359375 0.11015625 0.175
0 0.954296875 0.35703125 0.09140625 0.181640625
0 0.071484375 0.15625 0.112890625 0.1109375
0 0.15 0.15625 0.087109375 0.104296875
0 0.2234375 0.1484375 0.073046875 0.09765625
0 0.29140625 0.15078125 0.07578125 0.084375
0 0.36796875 0.1453125 0.065625 0.091015625
0 0.437109375 0.157421875 0.073046875 0.084375
0 0.512109375 0.1609375 0.0828125 0.086328125
0 0.5765625 0.159765625 0.07421875 0.101953125
0 0.652734375 0.151953125 0.084375 0.099609375
0 0.72421875 0.1484375 0.0828125 0.09765625
0 0.79140625 0.1484375 0.087109375 0.09765625
0 0.85859375 0.1453125 0.105859375 0.1109375
0 0.935546875 0.149609375 0.08984375 0.104296875
0 0.062890625 0.064453125 0.08125 0.075390625
0 0.128515625 0.06640625 0.0828125 0.07109375
0 0.195703125 0.067578125 0.08125 0.077734375
1 0.259375 0.080859375 0.0671875 0.073046875
0 0.312890625 0.077734375 0.061328125 0.0796875
0 0.379296875 0.07421875 0.080078125 0.077734375
0 0.444140625 0.085546875 0.07421875 0.06875
0 0.50625 0.088671875 0.069921875 0.06640625
0 0.565625 0.083203125 0.06015625 0.059765625
0 0.626953125 0.08203125 0.052734375 0.06640625
0 0.680859375 0.0765625 0.0484375 0.059765625
0 0.73984375 0.077734375 0.054296875 0.062109375
0 0.8015625 0.073046875 0.065625 0.06640625
0 0.865625 0.0765625 0.064453125 0.064453125
0 0.936328125 0.080859375 0.071484375 0.06875