1 0.19589409722222223 0.3889207175925926 0.20038194444444443 0.1943402777777777
0 0.2594704861111111 0.23869791666666665 0.19970486111111113 0.23171875000000003
0 0.4225868055555556 0.3303993055555555 0.15835069444444444 0.21320601851851845
0 0.31524305555555554 0.4482060185185185 0.17295138888888895 0.17343171296296306
0 0.42893229166666663 0.5296093749999999 0.18291666666666662 0.1521238425925926
0 0.5518750000000001 0.40280960648148145 0.20137152777777773 0.1990682870370371
0 0.6559548611111111 0.4812037037037037 0.15109375000000008 0.15515046296296298
0 0.5436024305555556 0.5801736111111111 0.14421874999999992 0.140763888888889
0 0.6209982638888889 0.6276041666666667 0.15081597222222207 0.14890046296296297
0 0.7447743055555556 0.5171296296296296 0.170954861111111 0.18112268518518526
0 0.8537065972222223 0.5652633101851852 0.16958333333333328 0.16780092592592588
0 0.7100260416666666 0.641304976851852 0.12626736111111114 0.12268518518518512
0 0.79125 0.6990596064814815 0.14072916666666657 0.11486111111111122
0 0.8496267361111112 0.7272106481481482 0.16548611111111108 0.14576388888888908
0 0.10035590277777777 0.5743171296296297 0.13776041666666666 0.13575231481481484
0 0.21473958333333334 0.6225578703703704 0.13986111111111113 0.13040509259259264
0 0.29866319444444445 0.6809519675925926 0.11743055555555557 0.11677083333333335
0 0.3817534722222223 0.7054832175925926 0.11637152777777775 0.11048032407407397
0 0.4584635416666667 0.742037037037037 0.12401041666666668 0.10697916666666671
0 0.5242100694444444 0.7709751157407407 0.10817708333333335 0.10148148148148159
0 0.5916406249999999 0.7970978009259259 0.1289756944444445 0.11347222222222228
0 0.6626041666666667 0.8226475694444446 0.11602430555555561 0.10266782407407424
0 0.7264756944444445 0.841160300925926 0.13128472222222226 0.11281250000000007
0 0.7917361111111111 0.863498263888889 0.1055381944444445 0.11225694444444442
0 0.8359288194444444 0.8951128472222223 0.10385416666666672 0.09190393518518505
0 0.056480034722222225 0.6395167824074074 0.11296006944444445 0.10130787037037052
0 0.14838541666666666 0.6949797453703704 0.1365104166666667 0.10762731481481466
0 0.2514149305555556 0.735625 0.12713541666666667 0.1071412037037037
0 0.32717881944444444 0.7671614583333334 0.09940972222222219 0.09712962962962948
0 0.40316840277777777 0.7936197916666666 0.10543402777777774 0.10991319444444443
0 0.4653645833333334 0.8235214120370371 0.11395833333333343 0.1087962962962962
0 0.5270312500000001 0.856568287037037 0.12763888888888886 0.10093171296296291
0 0.6228906249999999 0.8831655092592593 0.09873263888888886 0.09943287037037045
0 0.6831510416666667 0.9127777777777778 0.10973958333333336 0.1015625
0 0.028385416666666663 0.7352314814814814 0.056770833333333326 0.0967245370370371
0 0.010251736111111109 0.7884461805555556 0.020503472222222218 0.07935763888888889
0 0.04838541666666667 0.8229282407407407 0.09152777777777779 0.0951620370370371
0 0.09639756944444444 0.7861429398148149 0.10019097222222224 0.09717013888888885
0 0.11388020833333332 0.8487615740740739 0.08170138888888889 0.08451967592592595
0 0.17867187499999998 0.8114959490740741 0.1001909722222222 0.09717013888888885
0 0.23333333333333334 0.8355526620370369 0.11239583333333333 0.10871527777777779
0 0.3068836805555556 0.8555121527777778 0.10213541666666667 0.10584490740740762
0 0.36375 0.8825723379629629 0.09741319444444443 0.10482060185185205
0 0.4109461805555556 0.8992216435185185 0.09451388888888883 0.0921990740740739
0 0.46221354166666667 0.9207262731481481 0.08741319444444447 0.09027199074074091
0 0.5174479166666666 0.931892361111111 0.09409722222222214 0.08282407407407391
0 0.576814236111111 0.9377777777777778 0.09720486111111111 0.06505787037037045
0 0.6188194444444444 0.9484606481481481 0.08434027777777775 0.038668981481481526
0 0.6685590277777778 0.9517274305555556 0.08069444444444436 0.02678819444444471
1 0.173671875 0.8538454861111111 0.07428819444444441 0.07556134259259259
0 0.24944444444444444 0.8939554398148146 0.07420138888888887 0.09114583333333356
0 0.31006076388888887 0.9067910879629629 0.06447916666666664 0.08284722222222243
0 0.35134548611111105 0.924916087962963 0.07184027777777775 0.07309606481481482
1 0.40669270833333326 0.9423119212962963 0.06368055555555548 0.06487847222222243
0 0.03507378472222222 0.8723987268518518 0.07014756944444445 0.07859374999999993
0 0.08919270833333333 0.8956394675925926 0.07883680555555554 0.07267939814814817
0 0.14412326388888888 0.9048726851851852 0.07845486111111111 0.06408564814814817
0 0.1964670138888889 0.9196961805555557 0.06623263888888889 0.06968749999999986