0 0.057248263888888894 0.6585792824074075 0.09171875 0.2984664351851851
0 0.116796875 0.6817853009259259 0.13378472222222224 0.2945601851851851
0 0.19651041666666666 0.6800057870370371 0.13005208333333332 0.3022280092592592
0 0.27999999999999997 0.6898148148148148 0.1362673611111111 0.30089699074074067
1 0.36473958333333334 0.7030960648148149 0.12939236111111113 0.30766782407407406
0 0.44594618055555557 0.7157262731481481 0.13270833333333326 0.3163773148148149
0 0.5320659722222223 0.7383391203703704 0.13005208333333335 0.3022280092592592
0 0.6171527777777778 0.7496527777777778 0.13319444444444456 0.303125
0 0.7001996527777777 0.7571325231481482 0.12239583333333322 0.30896990740740743
0 0.7772222222222223 0.775 0.12119791666666657 0.2901909722222221
0 0.8651041666666666 0.7713541666666667 0.13493055555555564 0.3109953703703704
0 0.9433246527777778 0.785228587962963 0.1133506944444445 0.31339699074074084
0 0.10619791666666667 0.08475115740740741 0.12645833333333334 0.16950231481481481
0 0.1918576388888889 0.08825231481481481 0.12746527777777777 0.17650462962962962
0 0.2784548611111111 0.09869791666666666 0.12097222222222222 0.19739583333333333
0 0.36172743055555556 0.10031828703703705 0.1250173611111111 0.2006365740740741
0 0.4423177083333334 0.10426793981481482 0.12213541666666675 0.20853587962962963
0 0.5218402777777778 0.11302083333333332 0.1296180555555555 0.22604166666666664
0 0.605234375 0.11731047453703705 0.1266319444444445 0.2346209490740741
0 0.6911111111111111 0.12450810185185186 0.1259722222222223 0.24901620370370373
0 0.7765104166666668 0.12806712962962963 0.13218749999999985 0.25613425925925926
0 0.8570486111111111 0.14496527777777776 0.13156250000000008 0.2648148148148148
0 0.9439583333333333 0.14357638888888888 0.11208333333333335 0.2534143518518518
0 0.09358506944444445 0.886328125 0.11289930555555557 0.12751736111111106
0 0.033854166666666664 0.8725115740740741 0.03170138888888889 0.1268518518518519
1 0.17619791666666668 0.891869212962963 0.08715277777777777 0.128125
0 0.2573784722222222 0.9033275462962962 0.09878472222222223 0.12465277777777786
0 0.34077256944444445 0.908839699074074 0.09812499999999993 0.13009259259259237
0 0.4239670138888889 0.9229600694444443 0.09317708333333333 0.11820023148148166
1 0.5050607638888889 0.9305121527777779 0.09994791666666672 0.10674189814814809
0 0.5915625 0.9351273148148149 0.09413194444444457 0.0909143518518519
0 0.6720225694444444 0.9317563657407408 0.10039930555555561 0.09192708333333358
0 0.7554513888888887 0.9388310185185185 0.10229166666666671 0.07170138888888893
0 0.8399565972222222 0.9415653935185185 0.09734374999999992 0.05980902777777786
0 0.9178559027777776 0.9461082175925928 0.086857638888889 0.04458912037037024