1 0.8333188657407409 0.8434895833333333 0.32774884259259246 0.3130208333333332
0 0.704152199074074 0.7178038194444445 0.2969039351851851 0.32352430555555556
0 0.6053385416666667 0.6106163194444445 0.2583622685185185 0.2945659722222221
0 0.5059172453703704 0.5080989583333333 0.2544560185185185 0.2734027777777778
0 0.42932581018518523 0.41077256944444446 0.23046875 0.23696180555555557
0 0.3586516203703704 0.3467534722222222 0.23203125 0.21592013888888886
0 0.2921875 0.2910243055555556 0.1833912037037037 0.18829861111111112
1 0.5142071759259259 0.2577083333333333 0.16568287037037024 0.15277777777777776
1 0.5812789351851853 0.31930555555555556 0.16116898148148148 0.15736111111111112
1 0.646657986111111 0.36681423611111114 0.21545138888888893 0.16871527777777776
1 0.7256655092592592 0.43453125000000004 0.23055555555555554 0.17607638888888885
1 0.8102285879629629 0.5152517361111111 0.255005787037037 0.20394097222222224
1 0.8950810185185185 0.6052430555555556 0.20983796296296298 0.23083333333333336