1 0.5081510416666667 0.1509403935185185 0.17201967592592596 0.16922453703703705
1 0.23017939814814814 0.7171238425925925 0.18987847222222226 0.2146643518518518
1 0.23300347222222223 0.8550086805555555 0.21416666666666667 0.21953125
1 0.26321180555555557 0.9426851851851852 0.2328935185185185 0.11265046296296291
0 0.5289178240740741 0.2605642361111111 0.17804976851851856 0.1544270833333333
0 0.5463831018518519 0.3846672453703704 0.19793981481481496 0.17879050925925916
0 0.5784143518518519 0.5426504629629629 0.1814178240740741 0.1708564814814814
0 0.5984259259259259 0.6804079861111111 0.20107638888888885 0.17959490740740733
0 0.6211603009259259 0.8173640046296295 0.20906249999999993 0.19137152777777766
0 0.2064959490740741 0.5688454861111112 0.18344907407407404 0.1497800925925926
0 0.20392939814814817 0.4219733796296296 0.18055555555555552 0.16538194444444443
0 0.1859056712962963 0.2865451388888889 0.1780497685185185 0.1544270833333333
0 0.1681423611111111 0.16869502314814816 0.17946180555555555 0.1442824074074074