1 0.7493952546296296 0.6135329861111112 0.07565972222222221 0.153263888888889
1 0.6955700231481481 0.6104600694444444 0.08030092592592589 0.15034722222222213
0 0.7273148148148149 0.7601215277777778 0.07788773148148138 0.14555555555555558
0 0.6707204861111111 0.7595138888888889 0.08052083333333329 0.16519097222222232
0 0.6493113425925926 0.5972916666666667 0.07877314814814813 0.15262152777777765
0 0.6029890046296297 0.5884201388888889 0.07707175925925931 0.14317708333333332
1 0.6231915509259259 0.7530381944444444 0.07578703703703696 0.161857638888889
1 0.5578790509259259 0.5767621527777778 0.07328124999999996 0.15081597222222226
1 0.5093894675925925 0.5824305555555556 0.07253472222222221 0.153125
0 0.5746354166666666 0.7368489583333333 0.07989004629629619 0.1753124999999999
0 0.4595862268518519 0.5713715277777778 0.07074074074074073 0.1374305555555555
1 0.5271122685185186 0.7299826388888889 0.07905092592592596 0.1713715277777778
1 0.48073206018518516 0.725017361111111 0.07958912037037039 0.15500000000000008
1 0.42533854166666674 0.7224045138888888 0.08208333333333333 0.16526041666666663
1 0.3789872685185185 0.7154861111111112 0.07967013888888896 0.16046875000000008
1 0.41565393518518523 0.5592708333333334 0.0771643518518518 0.14942708333333332
0 0.360546875 0.563671875 0.07485532407407405 0.15166666666666676
0 0.33263599537037036 0.7085677083333334 0.0806481481481482 0.17378472222222213
1 0.2856423611111111 0.6923090277777778 0.08202546296296295 0.16135416666666663
0 0.22982349537037033 0.6920572916666666 0.08453125000000002 0.17239583333333322
1 0.31579282407407405 0.5543402777777777 0.08202546296296295 0.16135416666666663
1 0.26912037037037034 0.542751736111111 0.07556712962962964 0.147013888888889
1 0.2224652777777778 0.5299913194444444 0.07631365740740745 0.14470486111111108
1 0.1776880787037037 0.5222222222222223 0.06675347222222223 0.13178819444444442
1 0.13986689814814815 0.6773177083333334 0.08605902777777778 0.17012152777777773
0 0.1870341435185185 0.681857638888889 0.07268518518518521 0.16328125
0 0.12783275462962965 0.5146788194444445 0.08732060185185184 0.14987847222222223
0 0.08576099537037037 0.6668402777777779 0.09553819444444445 0.17756944444444436
1 0.04061921296296296 0.6630989583333333 0.08123842592592592 0.1724652777777777
1 0.08216435185185185 0.5143663194444444 0.07171875000000001 0.15074652777777775
1 0.015651041666666667 0.6608333333333334 0.031302083333333335 0.1720833333333333
0 0.03865162037037037 0.50109375 0.07730324074074074 0.16039930555555557
0 0.8713599537037038 0.31221354166666665 0.07556712962962955 0.14701388888888892
1 0.8233883101851852 0.30927083333333333 0.07001736111111115 0.14130208333333333
1 0.015292245370370373 0.49098090277777773 0.030584490740740745 0.1571006944444445
1 0.7773350694444444 0.3085850694444444 0.07324652777777771 0.14847222222222226
1 0.733269675925926 0.30546875 0.07881944444444447 0.1557465277777778
0 0.6884288194444445 0.30199652777777775 0.07253472222222221 0.153125
0 0.6448697916666667 0.2910503472222222 0.0701099537037038 0.14755208333333333
0 0.5969618055555556 0.28381076388888893 0.06854745370370381 0.14748263888888893
1 0.5556423611111111 0.27979166666666666 0.07318865740740747 0.14456597222222226
1 0.5084924768518518 0.2740798611111111 0.0754398148148148 0.13842013888888882
1 0.4652604166666666 0.26741319444444445 0.07387731481481481 0.13835069444444442
0 0.4216898148148148 0.2572482638888889 0.07221064814814819 0.13125
0 0.3765625 0.24676215277777777 0.07145254629629623 0.13277777777777774
1 0.33162905092592593 0.2495399305555556 0.07629050925925931 0.1431423611111111
0 0.28805266203703705 0.23976562499999998 0.07560185185185189 0.14935763888888892
1 0.24197627314814815 0.24064236111111112 0.08189814814814814 0.15276041666666665
0 0.2015017361111111 0.23229166666666665 0.0753703703703704 0.13373263888888892
1 0.15585069444444444 0.23080729166666666 0.07462384259259255 0.13604166666666667
0 0.10759837962962963 0.22046006944444443 0.08079282407407407 0.13085069444444442
1 0.0683130787037037 0.21088541666666666 0.07076388888888889 0.13899305555555558