0 0.8978038194444444 0.49057291666666664 0.17906249999999985 0.3097048611111111
1 0.7534635416666667 0.45335937499999995 0.18987847222222207 0.28991319444444447
0 0.6162847222222222 0.42815972222222226 0.18182291666666667 0.28409722222222217
0 0.47489583333333335 0.40472222222222226 0.1592361111111112 0.2846527777777777
0 0.32742187500000003 0.3934895833333333 0.1877083333333333 0.29371527777777773
0 0.1877951388888889 0.3658420138888889 0.21753472222222223 0.33324652777777775
0 0.10099826388888888 0.38654513888888886 0.18116319444444445 0.3043402777777778
0 0.9105512152777777 0.7134027777777778 0.17889756944444457 0.21310763888888892
1 0.7934809027777778 0.6871006944444444 0.16262152777777777 0.20293402777777772
0 0.6877777777777778 0.6683680555555556 0.16097222222222207 0.21845486111111115
0 0.5853125 0.6610850694444445 0.1533159722222223 0.20407986111111107
0 0.47892361111111104 0.6181510416666667 0.146232638888889 0.22013888888888894
0 0.36734374999999997 0.6163107638888888 0.14456597222222217 0.21772569444444442
0 0.258203125 0.6079513888888889 0.14612847222222225 0.21779513888888893
0 0.15578993055555557 0.6018402777777778 0.13880208333333335 0.1932986111111113
0 0.06980902777777778 0.5882725694444444 0.09600694444444446 0.19529513888888878
0 0.923298611111111 0.9326302083333333 0.1313020833333333 0.12980902777777778
0 0.8447569444444444 0.919782986111111 0.10428819444444448 0.118472222222222
0 0.7708767361111111 0.9153298611111111 0.0890625 0.10921875000000014
0 0.7032031249999999 0.90140625 0.08928819444444436 0.09675347222222222
0 0.6264670138888888 0.8940972222222221 0.08093749999999993 0.101840277777778
0 0.558376736111111 0.8707986111111111 0.08694444444444435 0.09664930555555565
0 0.48360243055555563 0.8550000000000001 0.09723958333333335 0.10022569444444471
0 0.41924479166666667 0.8455121527777777 0.09083333333333332 0.11397569444444437
0 0.34261284722222224 0.840546875 0.10095486111111107 0.11364583333333336
0 0.2712760416666667 0.8319184027777776 0.0985069444444445 0.11119791666666652
0 0.20411458333333332 0.8207465277777779 0.10322916666666666 0.11218749999999993
0 0.1367013888888889 0.8126822916666667 0.12420138888888888 0.1279340277777777
0 0.0731857638888889 0.7958246527777778 0.08088541666666668 0.11821180555555558
0 0.9240364583333334 0.990060763888889 0.09237847222222229 0.019878472222222145
0 0.8586284722222223 0.9846961805555555 0.09350694444444443 0.030607638888889
0 0.7915538194444445 0.9769704861111113 0.09328125000000007 0.046059027777777574
1 0.7299045138888889 0.9669835069444446 0.07935763888888889 0.06603298611111086
0 0.6762326388888888 0.9625347222222222 0.07416666666666671 0.0749305555555555
0 0.6096354166666667 0.9587022569444444 0.09291666666666672 0.08259548611111107
0 0.5458940972222223 0.9408072916666667 0.08546875000000007 0.08098958333333321
0 0.4840798611111111 0.9271440972222222 0.08064236111111107 0.07765624999999972
0 0.4242447916666666 0.9229253472222222 0.07013888888888893 0.069392361111111
0 0.36301215277777776 0.9135763888888888 0.06338541666666667 0.07532986111111128
0 0.30866319444444446 0.9099913194444443 0.05835069444444443 0.06730902777777743
0 0.2500954861111111 0.8992013888888888 0.06473958333333334 0.07071180555555542
0 0.18825520833333334 0.8937239583333334 0.07673611111111112 0.077482638888889
0 0.12447048611111111 0.8795833333333334 0.07506944444444445 0.07506944444444415
0 0.06606770833333334 0.8637326388888888 0.05887152777777778 0.07902777777777778