0 0.07890625 0.4171875 0.104296875 0.25546875
0 0.080859375 0.712890625 0.1 0.25546875
0 0.180859375 0.40859375 0.102734375 0.246875
0 0.275390625 0.4140625 0.104296875 0.25703125
0 0.38515625 0.41171875 0.09375 0.248828125
0 0.28515625 0.71484375 0.0875 0.259375
0 0.3828125 0.713671875 0.0890625 0.240234375
1 0.17734375 0.7265625 0.0953125 0.26171875
1 0.47890625 0.401953125 0.1 0.259375
1 0.47109375 0.70625 0.096875 0.242578125
0 0.579296875 0.398828125 0.092578125 0.253125
0 0.5765625 0.71171875 0.0953125 0.244921875
0 0.676171875 0.71484375 0.101171875 0.251171875
1 0.674609375 0.409765625 0.086328125 0.278515625
0 0.7796875 0.71171875 0.096875 0.248828125
0 0.776171875 0.401953125 0.104296875 0.25546875
0 0.88046875 0.419140625 0.10703125 0.26796875
0 0.8796875 0.701171875 0.102734375 0.248828125
1 0.966796875 0.416796875 0.06640625 0.27265625
0 0.96484375 0.698828125 0.0703125 0.240234375