0 0.12275752314814814 0.5362123842592592 0.1168113425925926 0.24376736111111103
0 0.042722800925925924 0.3405787037037037 0.08544560185185185 0.2959953703703704
1 0.18359375 0.476099537037037 0.1479166666666667 0.28226851851851864
1 0.06986400462962963 0.24472511574074077 0.13521412037037037 0.276707175925926
0 0.22186053240740738 0.38182581018518513 0.1322916666666667 0.23997685185185186
0 0.13003472222222223 0.19203125 0.15225694444444446 0.27292824074074074
0 0.284302662037037 0.33110243055555555 0.14265046296296297 0.2666087962962963
0 0.32452256944444446 0.2579427083333333 0.1528935185185185 0.24793981481481478
1 0.3844762731481481 0.20055844907407408 0.16163194444444445 0.2729976851851852
0 0.4488715277777778 0.12875 0.14050925925925933 0.2509722222222222
0 0.18528645833333335 0.11390335648148146 0.1520833333333333 0.22606481481481483
0 0.27664930555555556 0.875335648148148 0.10856481481481488 0.18981481481481488
0 0.2288194444444444 0.9207204861111112 0.10046296296296298 0.15855902777777758
0 0.3276041666666667 0.797175925925926 0.10711805555555554 0.1929282407407406
0 0.3640190972222222 0.731802662037037 0.09918981481481479 0.18974537037037037
0 0.40730613425925927 0.660228587962963 0.11276041666666661 0.21874421296296304
0 0.439771412037037 0.5959982638888889 0.11140046296296298 0.2242013888888888
1 0.48809317129629637 0.5467332175925926 0.10347222222222215 0.22101851851851856
1 0.532349537037037 0.4911863425925926 0.11649305555555553 0.19299768518518512
0 0.5756076388888889 0.43094328703703705 0.11452546296296298 0.22422453703703696
0 0.628197337962963 0.37194155092592596 0.10434027777777785 0.20228009259259264
0 0.6583622685185185 0.3276215277777778 0.1276041666666666 0.23994212962962963
1 0.7058449074074075 0.2588136574074074 0.12369791666666678 0.21882523148148145
1 0.7607349537037036 0.19045138888888888 0.10277777777777786 0.20226851851851854
1 0.802097800925926 0.12863136574074074 0.10109953703703703 0.19913194444444446
1 0.8468315972222221 0.0918431712962963 0.09852430555555562 0.17177662037037036
1 0.9533998842592591 0.14733506944444444 0.07676504629629619 0.2590914351851852
1 0.9110387731481481 0.20445891203703703 0.0705150462962962 0.2590451388888889
0 0.867433449074074 0.26352719907407407 0.07332175925925917 0.25047453703703704
0 0.8284432870370371 0.3140335648148148 0.07994791666666679 0.21850115740740747
0 0.7940104166666666 0.3680902777777778 0.07774884259259274 0.2434780092592593
0 0.7451967592592592 0.43063657407407413 0.08211805555555554 0.23491898148148144
0 0.6244357638888889 0.5895515046296296 0.0708912037037038 0.22702546296296297
0 0.5884837962962963 0.6424247685185185 0.0640625 0.21135416666666665
1 0.5480902777777777 0.6991724537037036 0.06212384259259256 0.24336226851851847
1 0.5010127314814815 0.7675925925925926 0.10057870370370381 0.22724537037037038
1 0.4716001157407407 0.8126996527777777 0.08402777777777785 0.20212962962962983
1 0.42346643518518523 0.8779861111111111 0.08726851851851851 0.20527777777777773
1 0.38207465277777775 0.9177936921296297 0.08900462962962959 0.16441261574074062
0 0.8155092592592592 0.6632523148148148 0.08790509259259247 0.18028935185185196
1 0.8518807870370371 0.6201504629629631 0.08909143518518511 0.1701446759259259
1 0.8897280092592592 0.5688541666666667 0.06576967592592595 0.21527199074074072
1 0.927054398148148 0.5210706018518518 0.07760416666666643 0.2395717592592593
1 0.9588396990740741 0.4751996527777777 0.05109953703703703 0.19876157407407402