0 0.8848755787037037 0.9554108796296298 0.16138310185185176 0.08917824074074047
0 0.8548061342592593 0.8697482638888889 0.1787152777777777 0.19097222222222215
0 0.8153327546296296 0.7740596064814815 0.1664467592592594 0.19785879629629619
0 0.7743547453703703 0.6802083333333334 0.16718171296296305 0.19635416666666677
0 0.7246556712962964 0.5814236111111111 0.14265624999999993 0.1578993055555557
0 0.678130787037037 0.4976851851851851 0.14732060185185175 0.15746527777777786
0 0.6461950231481481 0.4064525462962963 0.1438310185185184 0.17123842592592595
0 0.6111834490740741 0.32980324074074074 0.15607638888888892 0.1635706018518519
0 0.5760792824074074 0.2500289351851852 0.1414351851851851 0.14299768518518513
0 0.5468142361111111 0.18315972222222224 0.13906828703703694 0.14204282407407404
0 0.5121614583333333 0.11861979166666667 0.1307696759259258 0.12505787037037036
0 0.4720543981481482 0.06731770833333334 0.12223379629629641 0.07375578703703704
0 0.5386805555555555 0.951953125 0.18189814814814814 0.09609375
0 0.48624999999999996 0.8884403935185186 0.20077546296296306 0.19884259259259274
0 0.46183159722222217 0.7615162037037037 0.16244212962962973 0.16793981481481488
0 0.43859375 0.6744357638888889 0.17089699074074077 0.16388888888888892
0 0.38287326388888887 0.5697482638888889 0.17423032407407407 0.17115162037037024
0 0.34889467592592593 0.48849826388888895 0.16453124999999993 0.15951967592592595
0 0.3289178240740741 0.39308449074074076 0.15740740740740744 0.15587384259259257
0 0.300787037037037 0.3118778935185185 0.15749421296296298 0.132494212962963
0 0.2735416666666667 0.2342447916666667 0.16666087962962967 0.1261574074074074
0 0.2475144675925926 0.15826099537037036 0.15115162037037033 0.12890625
0 0.22550925925925927 0.08647280092592594 0.1566435185185185 0.1300925925925926
0 0.18906828703703704 0.040509259259259266 0.13907407407407407 0.06331018518518519
0 0.2937615740740741 0.8114293981481481 0.19209490740740742 0.2215856481481481
1 0.3232407407407408 0.9081452546296298 0.1802777777777777 0.18370949074074047
0 0.2545486111111111 0.6982204861111111 0.19879050925925928 0.15815972222222213
0 0.2244965277777778 0.604788773148148 0.17358217592592595 0.14927662037037023
0 0.18782407407407406 0.4983940972222222 0.1720659722222222 0.1507233796296296
0 0.17253472222222224 0.4033275462962963 0.175625 0.13929398148148148
0 0.1463107638888889 0.320703125 0.14938078703703708 0.12175925925925926
0 0.1163917824074074 0.25807291666666665 0.14844328703703705 0.1427372685185185
0 0.11480034722222224 0.178052662037037 0.1303587962962963 0.1375
0 0.7117332175925926 0.22421875 0.1409953703703703 0.1281539351851852
0 0.6727575231481481 0.14532696759259262 0.13354745370370366 0.11357060185185182
0 0.6358564814814814 0.09699074074074074 0.1298900462962962 0.09537037037037037