0 0.053285590277777774 0.2515625 0.10657118055555555 0.28984375
0 0.12981192129629632 0.241796875 0.12075810185185185 0.284375
0 0.20749421296296297 0.255859375 0.11657986111111107 0.29296875
0 0.2916840277777778 0.258984375 0.12269097222222225 0.290625
1 0.3775983796296296 0.259375 0.11612268518518513 0.2984375
0 0.45962962962962967 0.259375 0.11819444444444435 0.30703125
0 0.549224537037037 0.250390625 0.11657986111111107 0.29296875
0 0.6350694444444445 0.251953125 0.11970486111111107 0.29296875
0 0.7179484953703704 0.257421875 0.10844907407407404 0.30078125
0 0.7975694444444444 0.251953125 0.10729166666666679 0.28125
0 0.882488425925926 0.269140625 0.12099537037037038 0.3015625
0 0.9528935185185186 0.267578125 0.08060185185185169 0.30546875
0 0.016886574074074075 0.86328125 0.03377314814814815 0.2296875
0 0.061478587962962974 0.867578125 0.11889467592592591 0.2265625
0 0.14941550925925925 0.866796875 0.11108796296296294 0.23984375
0 0.2322019675925926 0.873828125 0.11471643518518518 0.23515625
0 0.31319733796296295 0.878125 0.11154513888888892 0.234375
0 0.394447337962963 0.878125 0.11913194444444448 0.24375
0 0.47753472222222226 0.880078125 0.1157754629629629 0.23984375
0 0.5642534722222223 0.880078125 0.1142129629629629 0.23984375
0 0.650005787037037 0.883203125 0.1200925925925926 0.23359375
0 0.7326822916666667 0.87890625 0.11982060185185191 0.2421875
0 0.8261979166666666 0.889453125 0.11622685185185197 0.22109375
0 0.15305844907407407 0.047265625 0.10638310185185187 0.09453125
0 0.05969907407407408 0.047265625 0.08997685185185185 0.09453125
1 0.23522569444444447 0.0515625 0.08111111111111109 0.103125
0 0.31688946759259257 0.051171875 0.09278356481481484 0.10234375
0 0.40057291666666667 0.05625 0.09260416666666664 0.1125
0 0.48474247685185184 0.053125 0.08832754629629633 0.10625
1 0.5679456018518518 0.053125 0.09600115740740733 0.10390625
0 0.6544791666666667 0.05625 0.09034722222222218 0.10078125
0 0.733978587962963 0.066015625 0.09651041666666664 0.1125
0 0.8191116898148149 0.06640625 0.09917245370370367 0.1046875
0 0.9040133101851853 0.070703125 0.09443865740740734 0.10390625
0 0.9691087962962964 0.073046875 0.059097222222222 0.10078125