0 0.8073726851851852 0.8168431712962964 0.06765046296296298 0.12441550925925923
1 0.750228587962963 0.8232407407407407 0.07732638888888879 0.13505787037037037
0 0.7014236111111112 0.821490162037037 0.06917245370370359 0.14945601851851853
0 0.6484375 0.8234230324074074 0.06471064814814813 0.13050347222222208
0 0.583046875 0.6304803240740741 0.05369791666666668 0.1010706018518519
0 0.49695023148148143 0.6338165509259259 0.051446759259259164 0.10407407407407412
0 0.811099537037037 0.6267042824074075 0.06764467592592602 0.09789351851851862
0 0.5053443287037037 0.5617071759259259 0.06646990740740755 0.08457175925925924
1 0.3414901620370371 0.8234982638888889 0.07567129629629629 0.13185185185185197
1 0.3969357638888889 0.8255931712962964 0.07475115740740748 0.1271238425925926
1 0.44715277777777784 0.8223466435185186 0.08194444444444429 0.13295717592592596
1 0.49548611111111107 0.8213425925925926 0.07576388888888878 0.1349768518518517
1 0.5462094907407408 0.8220225694444444 0.06988425925925927 0.14715277777777763
1 0.6031944444444445 0.8234172453703703 0.07268518518518512 0.1363773148148148
1 0.7637905092592593 0.6359519675925925 0.06828703703703702 0.09324652777777764
1 0.7167071759259259 0.626490162037037 0.05427083333333336 0.09407986111111111
1 0.6735098379629629 0.6297106481481481 0.05431712962962969 0.0956423611111111
1 0.6310474537037036 0.6314091435185185 0.058246527777777855 0.09662615740740747
1 0.5427806712962963 0.6404832175925925 0.05530671296296301 0.10271412037037031
1 0.4549363425925925 0.6374884259259259 0.05801504629629619 0.08881365740740747
1 0.3585532407407407 0.5700868055555556 0.05750578703703706 0.07162615740740748
1 0.4283130787037036 0.5682436342592593 0.056793981481481425 0.0739293981481481
1 0.4692824074074074 0.5688078703703704 0.06550347222222222 0.07828124999999986
1 0.5478993055555555 0.5631336805555556 0.05125578703703706 0.07130208333333332
1 0.5761487268518518 0.5556278935185185 0.058952546296296406 0.06780092592592588
1 0.6245630787037036 0.5573582175925926 0.0565393518518519 0.0653356481481481
1 0.6639583333333332 0.5574508101851852 0.04465856481481474 0.059259259259259164
1 0.7069502314814815 0.5604600694444445 0.056493055555555574 0.06377314814814809
1 0.7528356481481481 0.5558188657407407 0.06009837962962976 0.05381944444444446