0 0.11583333333333332 0.3787789351851852 0.22380208333333335 0.4170775462962963
0 0.213046875 0.4564901620370371 0.21229166666666668 0.3381250000000001
0 0.3221614583333333 0.5608651620370371 0.22010416666666668 0.3616087962962963
0 0.4370833333333334 0.6250289351851851 0.19427083333333325 0.30207175925925933
0 0.5317968750000001 0.6992042824074074 0.2314583333333335 0.3562268518518518
0 0.6226041666666667 0.7967997685185185 0.23947916666666663 0.3359837962962963
0 0.9336197916666666 0.2996383101851852 0.11838541666666665 0.3702256944444445
0 0.8683854166666667 0.22880787037037037 0.24364583333333342 0.3282060185185185
0 0.7278125 0.17422453703703705 0.23135416666666675 0.2843865740740741
0 0.5920052083333334 0.12436631944444443 0.20973958333333337 0.24127893518518517
0 0.041041666666666664 0.6449565972222222 0.08208333333333333 0.3071006944444445
0 0.10046875 0.7264930555555555 0.1886979166666667 0.3004687500000001
0 0.19151041666666666 0.8029861111111112 0.21229166666666668 0.302986111111111
0 0.30614583333333334 0.8538599537037037 0.2133333333333333 0.28347222222222224
0 0.4180208333333334 0.8854166666666666 0.19593749999999996 0.2291666666666668
0 0.518671875 0.9170601851851853 0.18473958333333335 0.1658796296296295
0 0.8220572916666666 0.8908912037037038 0.15713541666666658 0.21821759259259252