0 0.509375 0.705078125 0.166015625 0.2078125
1 0.424609375 0.665625 0.15078125 0.17421875
0 0.35546875 0.6125 0.15078125 0.168359375
1 0.2875 0.58984375 0.132421875 0.1796875
1 0.24296875 0.539453125 0.162890625 0.157421875
1 0.176953125 0.50546875 0.162890625 0.134765625
1 0.13984375 0.488671875 0.14453125 0.1234375
1 0.1 0.4578125 0.14140625 0.106640625
0 0.066015625 0.42421875 0.126171875 0.106640625
0 0.918359375 0.73046875 0.162890625 0.191015625
0 0.8125 0.671484375 0.129296875 0.196484375
0 0.721484375 0.6265625 0.135546875 0.1796875
0 0.637109375 0.564453125 0.132421875 0.1796875
1 0.55546875 0.550390625 0.135546875 0.14609375
1 0.503125 0.516796875 0.129296875 0.129296875
1 0.427734375 0.488671875 0.116796875 0.11796875
0 0.370703125 0.45234375 0.119921875 0.11796875
1 0.315234375 0.426953125 0.1078125 0.106640625
0 0.270703125 0.390625 0.126171875 0.1125
0 0.2125 0.365234375 0.1078125 0.1125
0 0.170703125 0.33984375 0.0921875 0.08984375
0 0.133984375 0.32578125 0.076953125 0.08984375
0 0.1015625 0.31171875 0.080078125 0.084375
0 0.073828125 0.300390625 0.070703125 0.073046875
1 0.927734375 0.4859375 0.1078125 0.08984375
0 0.815234375 0.42421875 0.086328125 0.101171875
1 0.75078125 0.415625 0.073828125 0.067578125
1 0.684765625 0.393359375 0.1015625 0.067578125
0 0.630859375 0.36796875 0.083203125 0.084375
1 0.576953125 0.35390625 0.076953125 0.078515625
0 0.529296875 0.328515625 0.076953125 0.073046875
0 0.469140625 0.328515625 0.070703125 0.078515625
1 0.423046875 0.30625 0.06171875 0.067578125
0 0.3984375 0.286328125 0.076953125 0.073046875
1 0.364453125 0.266796875 0.076953125 0.067578125
0 0.333984375 0.252734375 0.076953125 0.084375
0 0.2890625 0.238671875 0.064453125 0.067578125
1 0.883203125 0.38203125 0.086328125 0.078515625
1 0.821484375 0.35390625 0.083203125 0.08984375
1 0.769140625 0.334375 0.1046875 0.0953125
1 0.713671875 0.331640625 0.086328125 0.078515625
1 0.670703125 0.308984375 0.0953125 0.067578125
1 0.627734375 0.300390625 0.0953125 0.067578125
1 0.584765625 0.28359375 0.080078125 0.05625
1 0.490625 0.2640625 0.076953125 0.06171875
1 0.45390625 0.25 0.064453125 0.05625
1 0.424609375 0.23046875 0.070703125 0.067578125
1 0.3890625 0.224609375 0.067578125 0.06171875