1 0.795703125 0.93984375 0.17734375 0.1203125
1 0.698046875 0.898828125 0.12265625 0.1609375
1 0.61328125 0.84375 0.12734375 0.16484375
1 0.541796875 0.78828125 0.13515625 0.148046875
1 0.85546875 0.757421875 0.14140625 0.125390625
0 0.761328125 0.705859375 0.15234375 0.148046875
1 0.679296875 0.663671875 0.136328125 0.1328125
0 0.59375 0.606640625 0.142578125 0.125390625
1 0.51484375 0.573828125 0.126171875 0.1234375
0 0.45390625 0.528125 0.12265625 0.153515625
1 0.376953125 0.48515625 0.14375 0.134765625
0 0.320703125 0.4390625 0.144921875 0.1421875
0 0.230078125 0.394140625 0.14140625 0.1234375
0 0.075 0.50546875 0.130078125 0.153515625
0 0.440625 0.740625 0.130078125 0.177734375
1 0.36171875 0.694921875 0.12265625 0.148046875
0 0.31328125 0.6421875 0.136328125 0.1796875
1 0.226953125 0.605859375 0.119921875 0.15
0 0.16171875 0.555078125 0.11484375 0.1609375
0 0.03515625 0.281640625 0.069921875 0.1046875
0 0.0625 0.2171875 0.125 0.1140625
0 0.129296875 0.1796875 0.12890625 0.09921875
0 0.18359375 0.13125 0.15625 0.097265625
0 0.24765625 0.0953125 0.163671875 0.091796875
0 0.326171875 0.050390625 0.132421875 0.097265625
1 0.51015625 0.213671875 0.11484375 0.138671875
0 0.586328125 0.248046875 0.11875 0.1046875
0 0.64765625 0.280859375 0.13359375 0.121875
0 0.725 0.331640625 0.117578125 0.15546875
0 0.79609375 0.38125 0.125 0.158984375
0 0.869921875 0.4109375 0.1125 0.1796875
0 0.933203125 0.46171875 0.13359375 0.191015625
1 0.632421875 0.12265625 0.11484375 0.110546875
1 0.71328125 0.168359375 0.14765625 0.103125
0 0.78828125 0.185546875 0.126171875 0.1234375
0 0.844921875 0.218359375 0.15 0.121875
0 0.926171875 0.25078125 0.126171875 0.13671875