0 0.151171875 0.270703125 0.0484375 0.153125
1 0.19765625 0.268359375 0.046875 0.153125
0 0.200390625 0.76640625 0.05 0.15546875
0 0.2578125 0.77109375 0.046875 0.165234375
1 0.21328125 0.602734375 0.0484375 0.148046875
1 0.26171875 0.59921875 0.0484375 0.141015625
1 0.243359375 0.270703125 0.044140625 0.123828125
1 0.28984375 0.271875 0.0453125 0.126171875
1 0.305859375 0.769921875 0.0546875 0.171484375
0 0.310546875 0.605078125 0.0484375 0.148046875
0 0.362890625 0.598046875 0.05 0.143359375
0 0.359375 0.76875 0.0453125 0.16015625
0 0.336328125 0.2734375 0.044140625 0.12890625
0 0.3828125 0.271875 0.04296875 0.141015625
0 0.428515625 0.2765625 0.0484375 0.15078125
1 0.4109375 0.60390625 0.0453125 0.145703125
1 0.41015625 0.77109375 0.05 0.169140625
1 0.4609375 0.605078125 0.0484375 0.1578125
1 0.46015625 0.77265625 0.05 0.162890625
1 0.5109375 0.76875 0.0453125 0.165234375
1 0.563671875 0.769921875 0.05 0.162890625
1 0.47578125 0.277734375 0.04296875 0.148046875
1 0.520703125 0.27421875 0.05 0.13125
1 0.5671875 0.27421875 0.0484375 0.13125
0 0.50859375 0.605078125 0.046875 0.153125
0 0.6171875 0.76875 0.037109375 0.165234375
1 0.558984375 0.607421875 0.044140625 0.148046875
0 0.61484375 0.26953125 0.035546875 0.126171875
0 0.662109375 0.2671875 0.044140625 0.126171875
0 0.612109375 0.60859375 0.038671875 0.15546875
1 0.6578125 0.607421875 0.044140625 0.162890625
1 0.662109375 0.77578125 0.053125 0.15546875
1 0.71015625 0.60390625 0.04296875 0.16015625
1 0.75859375 0.605078125 0.03984375 0.153125
1 0.807421875 0.6109375 0.03984375 0.169140625
1 0.705859375 0.282421875 0.037109375 0.13359375
1 0.799609375 0.283984375 0.044140625 0.1359375
1 0.89296875 0.28515625 0.033984375 0.13359375
0 0.719140625 0.779296875 0.0515625 0.162890625
0 0.7671875 0.774609375 0.053125 0.1578125
0 0.86875 0.779296875 0.062109375 0.1578125
0 0.85390625 0.612109375 0.038671875 0.166796875
0 0.955859375 0.60859375 0.038671875 0.15546875
0 0.75 0.275390625 0.0453125 0.13359375
0 0.848046875 0.282421875 0.038671875 0.13359375
0 0.939453125 0.2875 0.05 0.13828125
1 0.815625 0.78046875 0.05 0.15546875
1 0.919140625 0.773828125 0.05 0.15546875
1 0.903515625 0.607421875 0.0484375 0.166796875
1 0.97109375 0.774609375 0.0484375 0.162890625
1 0.9828125 0.282421875 0.033984375 0.12890625