0 0.6101620370370371 0.790234375 0.14278356481481486 0.1859375
0 0.567488425925926 0.644921875 0.12769097222222214 0.15234375
0 0.7142853009259259 0.7609375 0.1460243055555555 0.2015625
0 0.8387065972222223 0.73359375 0.1640740740740739 0.2125
0 0.9303645833333334 0.699609375 0.13060185185185205 0.22890625
1 0.9394936342592594 0.521875 0.11450810185185176 0.165625
1 0.8560069444444445 0.56015625 0.16139467592592602 0.1671875
1 0.7605729166666666 0.5765625 0.1591030092592593 0.17421875
1 0.6611168981481482 0.60859375 0.13324652777777785 0.1640625
1 0.6462471064814814 0.3484375 0.10864583333333329 0.1125
0 0.4901359953703704 0.382421875 0.10013888888888882 0.12421875
0 0.5625520833333334 0.362109375 0.0953125 0.10546875
0 0.7108564814814815 0.32734375 0.09925347222222225 0.11015625
0 0.7887586805555555 0.3046875 0.09770833333333329 0.1125
1 0.863498263888889 0.287109375 0.11735532407407412 0.128125
0 0.922554976851852 0.27734375 0.09067708333333328 0.1125
0 0.29646701388888885 0.42421875 0.0914467592592592 0.1109375
0 0.22406539351851854 0.442578125 0.10556712962962962 0.11875
0 0.15041956018518518 0.470703125 0.10717013888888886 0.12421875
1 0.07527199074074073 0.490625 0.11494212962962962 0.11875
1 0.29402199074074076 0.332421875 0.0952314814814815 0.09453125
1 0.218828125 0.35859375 0.08351851851851852 0.0953125
1 0.1573929398148148 0.373046875 0.0780902777777778 0.10078125
1 0.09437210648148149 0.390625 0.08278935185185184 0.10234375
1 0.036611689814814816 0.396875 0.07322337962962963 0.103125
0 0.0328125 0.490234375 0.065625 0.13671875
0 0.3000925925925926 0.673046875 0.13956018518518523 0.17265625
0 0.3056770833333333 0.868359375 0.19406828703703702 0.25390625
0 0.2073871527777778 0.901171875 0.17490162037037038 0.19765625
1 0.19444155092592594 0.69765625 0.14586226851851852 0.1796875
1 0.10359375 0.727734375 0.13650462962962964 0.18203125
0 0.2359519675925926 0.208984375 0.08593171296296295 0.1046875
0 0.17998263888888888 0.223828125 0.07571759259259259 0.096875
1 0.1267447916666667 0.2390625 0.07728009259259258 0.096875
0 0.07859664351851851 0.252734375 0.08678240740740742 0.1140625
1 0.03279513888888889 0.26640625 0.06559027777777778 0.1015625