0 0.8484375 0.827734375 0.278125 0.183203125
0 0.83125 0.658203125 0.259375 0.122265625
0 0.8078125 0.53046875 0.25625 0.116796875
0 0.7859375 0.425 0.21875 0.10546875
0 0.7828125 0.322265625 0.21875 0.10546875
0 0.7640625 0.233203125 0.228125 0.09453125
0 0.7734375 0.152734375 0.215625 0.1
0 0.7578125 0.0640625 0.209375 0.077734375
0 0.315625 0.91640625 0.2375 0.1671875
0 0.315625 0.758203125 0.234375 0.15
1 0.328125 0.6390625 0.21875 0.14453125
0 0.3421875 0.5109375 0.2 0.1390625
0 0.3421875 0.391796875 0.20625 0.10546875
0 0.3625 0.3109375 0.184375 0.09453125
0 0.15 0.3390625 0.18125 0.122265625
0 0.1359375 0.441796875 0.209375 0.133203125
0 0.121875 0.558203125 0.2125 0.14453125
0 0.1125 0.675 0.209375 0.133203125
0 0.0953125 0.797265625 0.16875 0.15546875
0 0.084375 0.93046875 0.16875 0.122265625