0 0.4578125 0.809765625 0.1046875 0.165625
0 0.46484375 0.658203125 0.097265625 0.132421875
0 0.349609375 0.80625 0.103515625 0.181640625
0 0.22265625 0.809765625 0.120703125 0.1890625
0 0.102734375 0.805078125 0.13125 0.203125
1 0.058984375 0.632421875 0.115234375 0.1421875
1 0.165234375 0.6453125 0.130078125 0.13984375
1 0.26171875 0.63828125 0.125390625 0.1484375
1 0.365625 0.6453125 0.1 0.144140625
1 0.319140625 0.3890625 0.0875 0.094140625
0 0.478515625 0.383984375 0.075390625 0.108984375
0 0.403515625 0.38203125 0.075390625 0.08984375
0 0.251171875 0.383984375 0.078125 0.094140625
0 0.1703125 0.380859375 0.075390625 0.097265625
1 0.09375 0.38203125 0.092578125 0.108984375
0 0.033984375 0.38671875 0.06796875 0.09921875
0 0.676171875 0.378125 0.069140625 0.097265625
0 0.75078125 0.378125 0.0828125 0.1015625
0 0.82890625 0.387890625 0.0828125 0.10703125
1 0.90625 0.3890625 0.092578125 0.09921875
1 0.65703125 0.28828125 0.078125 0.078125
1 0.7359375 0.2953125 0.06484375 0.082421875
1 0.798828125 0.29453125 0.057421875 0.08984375
1 0.864453125 0.296484375 0.062109375 0.08984375
1 0.93203125 0.286328125 0.073828125 0.0875
0 0.9640625 0.374609375 0.071875 0.123046875
0 0.730859375 0.620703125 0.1046875 0.1515625
0 0.771484375 0.812109375 0.14140625 0.2265625
0 0.876953125 0.8296875 0.13125 0.19140625
1 0.839453125 0.619140625 0.109375 0.158203125
1 0.934375 0.6265625 0.098828125 0.16328125
0 0.684375 0.15390625 0.06484375 0.091796875
0 0.7421875 0.155078125 0.055859375 0.085546875
1 0.797265625 0.15703125 0.057421875 0.085546875
0 0.847265625 0.15859375 0.06328125 0.1015625
1 0.905859375 0.15859375 0.06796875 0.0875
1 0.95859375 0.16171875 0.05859375 0.09921875