0 0.1758159722222222 0.8898958333333333 0.14754050925925927 0.20505208333333336
0 0.2660734953703704 0.8342447916666667 0.1427488425925926 0.19067708333333327
1 0.355552662037037 0.7790364583333333 0.14584490740740738 0.1869791666666666
0 0.07591435185185184 0.90984375 0.1161111111111111 0.17875000000000013
0 0.43680266203703705 0.7208593750000001 0.1316319444444444 0.16572916666666657
0 0.4953732638888889 0.6610677083333334 0.13228587962962965 0.14859374999999986
0 0.5692708333333333 0.6127604166666667 0.14183449074074073 0.17265625
1 0.6357957175925926 0.5715885416666667 0.11678819444444458 0.16473958333333344
1 0.6910850694444445 0.7547135416666666 0.13872685185185177 0.17479166666666685
1 0.5476186342592593 0.8553385416666666 0.1356365740740742 0.17927083333333335
0 0.6202777777777777 0.798125 0.1451620370370371 0.20020833333333332
0 0.44873553240740743 0.907265625 0.12828125000000004 0.13505208333333343
0 0.3352372685185185 0.93828125 0.10215277777777772 0.08645833333333322
0 0.7566637731481481 0.6913281250000001 0.12532986111111094 0.15828124999999993
0 0.8188368055555555 0.6430208333333334 0.12155671296296297 0.1759895833333333
0 0.8708883101851852 0.600078125 0.11208333333333335 0.16208333333333336
0 0.9174305555555555 0.55203125 0.12059606481481495 0.15171875000000004
0 0.9497120949074074 0.5106510416666666 0.10057581018518533 0.14989583333333326
0 0.6839670138888889 0.532421875 0.13321180555555562 0.1681770833333333
0 0.7360908564814814 0.49924479166666663 0.12997106481481477 0.15234375
1 0.7870746527777778 0.4704427083333334 0.12206018518518533 0.13854166666666679
0 0.8257870370370369 0.42057291666666663 0.11962962962962961 0.12666666666666662
0 0.874079861111111 0.3978125 0.1173148148148151 0.13041666666666663
0 0.9094328703703705 0.3692708333333333 0.12267939814814817 0.11671874999999998
0 0.9403110532407407 0.3315885416666667 0.11937789351851862 0.12208333333333332
0 0.04344328703703704 0.5888020833333333 0.07746527777777779 0.12697916666666664
0 0.09987268518518519 0.5565104166666667 0.09146412037037037 0.11932291666666668
0 0.17423900462962963 0.5187239583333334 0.08441550925925925 0.11651041666666657
0 0.24548611111111113 0.48192708333333323 0.1046875 0.11239583333333343
0 0.2980005787037037 0.44872395833333334 0.10314236111111112 0.11463541666666668
1 0.3646961805555556 0.4305989583333333 0.09076388888888882 0.1302083333333334
1 0.4199392361111111 0.3964322916666666 0.09145254629629633 0.11776041666666667
0 0.4740075231481482 0.361953125 0.10236111111111121 0.1145833333333333
0 0.5218952546296297 0.337265625 0.09923611111111122 0.11437499999999998
0 0.5733622685185186 0.3209375 0.0938599537037037 0.1265104166666667
0 0.6204861111111111 0.29864583333333333 0.10307291666666671 0.10526041666666668
1 0.6657146990740741 0.284296875 0.09137152777777775 0.10682291666666668
0 0.6994762731481481 0.251953125 0.09990162037037038 0.09880208333333336
0 0.7372829861111111 0.23809895833333333 0.08193865740740733 0.0983854166666667
0 0.7809577546296296 0.22502604166666665 0.08822916666666672 0.10427083333333334
0 0.813978587962963 0.19820312499999998 0.08827546296296304 0.11052083333333336
0 0.8443229166666667 0.179375 0.07638888888888892 0.08708333333333332
0 0.8794386574074075 0.1715625 0.07880208333333343 0.09661458333333335
0 0.9078559027777778 0.15638020833333333 0.09526041666666671 0.10473958333333333
0 0.9316059027777778 0.14424479166666665 0.0913368055555555 0.10213541666666667
0 0.9579976851851854 0.11942708333333334 0.06870949074074062 0.10453124999999996
0 0.04895833333333333 0.43640625 0.09239583333333333 0.13968749999999996
0 0.1190306712962963 0.399296875 0.09934606481481482 0.12921875
0 0.1816898148148148 0.3638541666666667 0.09462384259259257 0.12421875
0 0.24247395833333335 0.3390885416666667 0.09298032407407408 0.11317708333333334
0 0.2884809027777778 0.32429687500000004 0.0913368055555555 0.10213541666666667
0 0.34574942129629627 0.29976562500000004 0.08034722222222221 0.09437499999999996
0 0.3940335648148148 0.2758333333333333 0.07883101851851855 0.10052083333333331
0 0.43919560185185186 0.25250000000000006 0.08193865740740733 0.09838541666666671
0 0.4863744212962963 0.23763020833333334 0.08576967592592588 0.08848958333333332
1 0.5256944444444445 0.21703124999999995 0.08347222222222221 0.09458333333333331
0 0.5658159722222222 0.19911458333333334 0.08420717592592589 0.08838541666666666
0 0.6047829861111111 0.1836197916666667 0.07557291666666668 0.08234374999999998
0 0.6437731481481481 0.17125 0.080329861111111 0.09203125000000001
0 0.6795717592592594 0.15010416666666665 0.08583333333333343 0.09708333333333333
0 0.7138454861111111 0.13414062499999999 0.07881365740740734 0.09817708333333332
0 0.7485416666666668 0.12244791666666668 0.07241898148148138 0.07822916666666666
0 0.7734461805555555 0.10789062499999999 0.07789930555555546 0.08015625000000001
0 0.8057378472222222 0.08815104166666668 0.08029513888888892 0.08734375000000001
0 0.8319357638888889 0.089921875 0.08097800925925931 0.07411458333333334
0 0.0348582175925926 0.273984375 0.06647569444444444 0.11921875000000001
0 0.08631655092592593 0.256484375 0.07815393518518518 0.11453125000000001
0 0.14716435185185187 0.2403125 0.07334490740740743 0.09781250000000001
1 0.19125 0.2299479166666667 0.06395254629629629 0.09484375000000005
1 0.23402777777777778 0.2013020833333333 0.07016782407407407 0.0905729166666667
0 0.2807696759259259 0.18020833333333336 0.06393518518518526 0.09249999999999999
0 0.3212876157407408 0.163046875 0.06706018518518526 0.09270833333333335
0 0.36185185185185187 0.1521354166666667 0.06858796296296302 0.08812499999999997
0 0.4016087962962963 0.13776041666666666 0.06385416666666668 0.0815625
0 0.4449016203703703 0.12588541666666667 0.062239583333333216 0.07442708333333332
0 0.47530671296296295 0.11526041666666667 0.062291666666666676 0.08145833333333333
0 0.5079947916666667 0.09627604166666667 0.06385416666666668 0.08156250000000001
1 0.5427199074074074 0.08848958333333333 0.06538194444444442 0.07697916666666667
0 0.5781944444444445 0.07635416666666667 0.06930555555555565 0.07958333333333331
0 0.6046209490740742 0.05622395833333334 0.06774305555555564 0.07947916666666668
0 0.6409259259259259 0.05067708333333334 0.05758101851851851 0.07802083333333334
0 0.6678211805555556 0.04106770833333333 0.0583043981481481 0.07026041666666667
0 0.7064351851851851 0.03430989583333334 0.07240162037037035 0.06861979166666668
0 0.04216145833333333 0.20471354166666664 0.05761574074074074 0.08270833333333334
0 0.09593749999999998 0.18354166666666666 0.06390046296296296 0.08781249999999999
0 0.14194444444444446 0.16875 0.06545138888888888 0.08635416666666665
0 0.19072627314814813 0.15924479166666666 0.05759837962962964 0.08036458333333334
0 0.24061631944444448 0.14106770833333332 0.0552893518518518 0.08489583333333335
0 0.2701996527777778 0.12502604166666667 0.05594328703703706 0.06776041666666668
0 0.3119270833333333 0.11286458333333334 0.057523148148148094 0.07020833333333334
0 0.34929398148148144 0.09239583333333334 0.05987847222222218 0.07192708333333334
0 0.3832465277777778 0.08583333333333333 0.05436342592592602 0.0653125
0 0.41834201388888886 0.07528645833333333 0.05442708333333339 0.07390624999999999
0 0.4494965277777778 0.060312500000000005 0.05278356481481481 0.06286458333333333
0 0.491255787037037 0.052447916666666664 0.059803240740740726 0.06177083333333333
0 0.5212905092592592 0.04458333333333333 0.058234953703703594 0.06088541666666667
0 0.5516493055555556 0.03177083333333334 0.05597222222222218 0.06354166666666668
0 0.5722974537037037 0.025260416666666664 0.05825231481481481 0.05052083333333333
0 0.6081741898148147 0.018606770833333335 0.04728009259259256 0.03721354166666667
0 0.6428269675925926 0.009544270833333335 0.05351851851851848 0.01908854166666667
1 0.03806423611111111 0.12643229166666667 0.04653356481481482 0.06244791666666667
0 0.0738425925925926 0.10255208333333332 0.056035879629629616 0.08026041666666667
0 0.1230005787037037 0.09106770833333333 0.048188657407407395 0.07505208333333332
0 0.15299479166666666 0.077734375 0.049675925925925936 0.06499999999999999
0 0.18736111111111112 0.07427083333333333 0.05439814814814814 0.07000000000000002
1 0.22789641203703703 0.059453124999999996 0.0497395833333333 0.07359374999999999
0 0.2567534722222222 0.05088541666666667 0.052881944444444426 0.07614583333333333
0 0.2930208333333334 0.04026041666666667 0.04972222222222218 0.07125
0 0.33436921296296296 0.03265625 0.04972222222222218 0.0653125
1 0.3647800925925926 0.02890625 0.04975694444444443 0.0578125
0 0.39010706018518515 0.021158854166666668 0.057488425925926026 0.042317708333333336
0 0.42833043981481483 0.013593749999999998 0.055075231481481524 0.027187499999999996
0 0.459140625 0.006822916666666667 0.06203125000000007 0.013645833333333334
0 0.9665046296296296 0.05437499999999999 0.04584490740740747 0.07489583333333334
0 0.9319878472222222 0.03752604166666667 0.051284722222222 0.07135416666666666
0 0.8928616898148147 0.0329296875 0.045798611111111144 0.065859375
0 0.8615364583333335 0.031236979166666668 0.05758101851851834 0.062473958333333336
0 0.8309548611111112 0.023046875 0.055972222222222 0.04609375
0 0.8016001157407407 0.0200390625 0.051284722222222356 0.040078125
0 0.7702575231481481 0.01390625 0.05438078703703706 0.0278125
0 0.7424189814814814 0.005299479166666668 0.04493634259259256 0.010598958333333335
0 0.7236545138888889 0.004166666666666666 0.056626157407407264 0.008333333333333331