1 0.785546875 0.819921875 0.163671875 0.2046875
0 0.648828125 0.812109375 0.123828125 0.183203125
0 0.916796875 0.804296875 0.125390625 0.19453125
0 0.522265625 0.80546875 0.1296875 0.212109375
0 0.387890625 0.79921875 0.126953125 0.19453125
0 0.2640625 0.78828125 0.123828125 0.1890625
0 0.1328125 0.769921875 0.123828125 0.183203125
0 0.05234375 0.73828125 0.1046875 0.1890625
0 0.187890625 0.9359375 0.18125 0.127734375
0 0.055078125 0.9375 0.11015625 0.125
0 0.7234375 0.566796875 0.083984375 0.097265625
0 0.63125 0.562890625 0.085546875 0.0890625
0 0.549609375 0.5578125 0.087109375 0.0890625
1 0.462890625 0.5578125 0.091796875 0.0890625
1 0.8015625 0.562890625 0.083984375 0.1
1 0.883984375 0.56796875 0.092578125 0.09453125
0 0.9625 0.56015625 0.069140625 0.09453125
0 0.377734375 0.5578125 0.091796875 0.1
0 0.294921875 0.555078125 0.0828125 0.078515625
0 0.22265625 0.547265625 0.085546875 0.084375
0 0.14296875 0.537890625 0.094140625 0.081640625
0 0.062109375 0.531640625 0.103125 0.084375
0 0.923046875 0.4734375 0.070703125 0.09453125
1 0.839453125 0.48828125 0.0828125 0.097265625
0 0.765234375 0.4828125 0.0765625 0.0859375
1 0.694921875 0.481640625 0.0796875 0.084375
0 0.6203125 0.471484375 0.069140625 0.078515625
1 0.5515625 0.4671875 0.0765625 0.0859375
0 0.478515625 0.4578125 0.078125 0.115625
0 0.40859375 0.454296875 0.0828125 0.107421875
1 0.94765625 0.400390625 0.057421875 0.073046875
1 0.891796875 0.39765625 0.069140625 0.062890625
0 0.838671875 0.384765625 0.078125 0.078515625
1 0.782421875 0.392578125 0.075 0.084375
0 0.727734375 0.38984375 0.072265625 0.084375
1 0.673046875 0.392578125 0.063671875 0.078515625
0 0.615234375 0.3859375 0.05625 0.0703125
0 0.5640625 0.38828125 0.0484375 0.065625
0 0.508984375 0.383203125 0.05 0.05
1 0.45859375 0.392578125 0.047265625 0.041796875
0 0.404296875 0.387109375 0.05625 0.062890625
1 0.348828125 0.38984375 0.060546875 0.062890625
0 0.300390625 0.3859375 0.066015625 0.0703125
1 0.240234375 0.396484375 0.065234375 0.065625
0 0.194921875 0.3859375 0.047265625 0.06015625
0 0.905859375 0.344140625 0.058984375 0.06015625
0 0.765234375 0.3359375 0.047265625 0.065625
1 0.848046875 0.353125 0.047265625 0.057421875
1 0.80390625 0.3625 0.041015625 0.05
1 0.61875 0.3453125 0.045703125 0.031640625
1 0.569921875 0.3453125 0.045703125 0.02578125
1 0.521484375 0.346875 0.042578125 0.023046875
1 0.470703125 0.35703125 0.041015625 0.028515625
0 0.429296875 0.344140625 0.035546875 0.05
1 0.38203125 0.346875 0.047265625 0.034375
1 0.323828125 0.348046875 0.042578125 0.031640625
1 0.281640625 0.348046875 0.047265625 0.02578125
0 0.2390625 0.3390625 0.038671875 0.028515625
1 0.322265625 0.29296875 0.030859375 0.021484375
1 0.298828125 0.316796875 0.033984375 0.021484375
1 0.3421875 0.315234375 0.044140625 0.018359375
1 0.35703125 0.290234375 0.041015625 0.02578125
1 0.376953125 0.315234375 0.039453125 0.018359375
1 0.391796875 0.294140625 0.033984375 0.023046875
1 0.416796875 0.319140625 0.039453125 0.021484375
1 0.429296875 0.298046875 0.032421875 0.021484375
1 0.451171875 0.319140625 0.035546875 0.021484375
1 0.4625 0.301953125 0.039453125 0.023046875
1 0.495703125 0.3203125 0.041015625 0.023046875
1 0.530078125 0.321875 0.033984375 0.021484375
1 0.568359375 0.319140625 0.039453125 0.021484375
1 0.50078125 0.299609375 0.033984375 0.023046875
1 0.534765625 0.298046875 0.037109375 0.021484375
1 0.573046875 0.296875 0.039453125 0.023046875
1 0.611328125 0.3203125 0.039453125 0.023046875
1 0.648828125 0.325390625 0.044140625 0.028515625
1 0.687890625 0.323046875 0.037109375 0.023046875
1 0.727734375 0.324609375 0.039453125 0.031640625
1 0.608984375 0.30078125 0.032421875 0.02578125
1 0.64609375 0.303125 0.032421875 0.02578125
1 0.679296875 0.301953125 0.033984375 0.023046875
1 0.713671875 0.303125 0.038671875 0.02578125
1 0.75078125 0.303125 0.038671875 0.02578125
1 0.792578125 0.324609375 0.042578125 0.021484375
1 0.84375 0.334765625 0.044140625 0.02578125
1 0.7875 0.307421875 0.041015625 0.034375
1 0.83046875 0.309765625 0.041015625 0.0390625
1 0.41953125 0.271875 0.033984375 0.01015625
1 0.451171875 0.274609375 0.035546875 0.015625
1 0.451171875 0.26171875 0.0296875 0.015625
1 0.480078125 0.278125 0.037109375 0.018359375
1 0.483203125 0.2640625 0.037109375 0.015625
1 0.5109375 0.278125 0.033984375 0.023046875
1 0.5140625 0.2625 0.037109375 0.018359375
1 0.542578125 0.278125 0.032421875 0.018359375
1 0.545703125 0.2640625 0.0296875 0.021484375
1 0.573828125 0.28515625 0.035546875 0.021484375
1 0.574609375 0.26796875 0.033984375 0.018359375
1 0.60625 0.278125 0.032421875 0.018359375
1 0.60390625 0.265234375 0.030859375 0.018359375
1 0.63359375 0.2796875 0.030859375 0.021484375
1 0.6328125 0.265234375 0.032421875 0.018359375
1 0.726953125 0.27734375 0.0296875 0.015625
1 0.755859375 0.2796875 0.030859375 0.015625
1 0.787109375 0.280859375 0.033984375 0.023046875
1 0.81796875 0.278125 0.025 0.018359375
1 0.714453125 0.26796875 0.028125 0.023046875
1 0.747265625 0.26796875 0.030859375 0.023046875
1 0.780078125 0.2703125 0.0265625 0.023046875