0 0.07109375 0.278515625 0.0578125 0.046484375
0 0.07578125 0.31015625 0.066796875 0.0265625
0 0.0859375 0.358203125 0.064453125 0.030078125
1 0.07890625 0.333203125 0.069140625 0.030078125
1 0.14921875 0.66484375 0.06015625 0.043359375
1 0.146875 0.63984375 0.0734375 0.046484375
1 0.144921875 0.61015625 0.080078125 0.033203125
1 0.13359375 0.58671875 0.066796875 0.03671875
1 0.166015625 0.73671875 0.07578125 0.053515625
1 0.124609375 0.553515625 0.069140625 0.03984375
1 0.116796875 0.525 0.064453125 0.030078125
1 0.111328125 0.493359375 0.069140625 0.03671875
1 0.103515625 0.466796875 0.0625 0.03671875
1 0.098046875 0.43984375 0.06015625 0.033203125
1 0.09453125 0.416796875 0.066796875 0.03671875
1 0.090234375 0.38671875 0.07109375 0.0265625
0 0.159375 0.693359375 0.080078125 0.03671875
0 0.09453125 0.755078125 0.0625 0.069921875
0 0.08359375 0.716796875 0.07578125 0.030078125
0 0.082421875 0.683203125 0.0625 0.0265625
0 0.078125 0.6515625 0.0625 0.03671875
0 0.069140625 0.625 0.069140625 0.03671875
0 0.0625 0.58984375 0.066796875 0.03671875
0 0.0578125 0.56328125 0.07109375 0.03671875
0 0.05 0.533203125 0.066796875 0.03984375
0 0.046875 0.5015625 0.07109375 0.030078125
0 0.037890625 0.471484375 0.064453125 0.03671875
0 0.119140625 0.86171875 0.07109375 0.05
0 0.1234375 0.906640625 0.07109375 0.056640625
0 0.134765625 0.946484375 0.078125 0.05
0 0.034375 0.446484375 0.0625 0.033203125
0 0.03125 0.419921875 0.06015625 0.03671875
0 0.027734375 0.38515625 0.051171875 0.03671875
0 0.027734375 0.36484375 0.048828125 0.033203125
0 0.024609375 0.33828125 0.0421875 0.033203125
0 0.0234375 0.308203125 0.04453125 0.03671875
0 0.24609375 0.4515625 0.051171875 0.03671875
0 0.2328125 0.425 0.055859375 0.03984375
0 0.22265625 0.4015625 0.053515625 0.043359375
0 0.2171875 0.378515625 0.053515625 0.043359375
1 0.2125 0.353515625 0.0578125 0.043359375
0 0.205078125 0.328515625 0.053515625 0.03671875
0 0.198046875 0.3 0.0578125 0.033203125
0 0.190234375 0.2765625 0.053515625 0.033203125
0 0.258203125 0.28828125 0.055859375 0.043359375
1 0.2671875 0.319921875 0.069140625 0.030078125
1 0.271875 0.33828125 0.0734375 0.0265625
1 0.2875 0.38828125 0.0734375 0.019921875
1 0.301953125 0.43984375 0.07109375 0.0234375
1 0.30625 0.703515625 0.06015625 0.043359375
1 0.301953125 0.668359375 0.07109375 0.043359375
1 0.28828125 0.63515625 0.0625 0.043359375
1 0.276171875 0.608203125 0.0625 0.043359375
1 0.271875 0.5734375 0.066796875 0.06015625
1 0.26171875 0.541796875 0.066796875 0.05
1 0.2515625 0.51484375 0.0734375 0.053515625
1 0.247265625 0.491796875 0.07578125 0.046484375
1 0.359765625 0.618359375 0.069140625 0.06015625
0 0.378515625 0.678515625 0.07578125 0.06015625
0 0.278515625 0.36484375 0.0625 0.030078125
0 0.30078125 0.41328125 0.07109375 0.043359375
0 0.310546875 0.458203125 0.07109375 0.046484375
0 0.315234375 0.491796875 0.078125 0.03984375
0 0.326171875 0.51484375 0.069140625 0.05
0 0.33515625 0.543359375 0.066796875 0.043359375
0 0.3453125 0.5765625 0.07109375 0.05
0 0.3375 0.806640625 0.07109375 0.053515625
0 0.359765625 0.880078125 0.0734375 0.043359375
1 0.3453125 0.8484375 0.07578125 0.053515625
1 0.190234375 0.855078125 0.07578125 0.066796875
1 0.198046875 0.88828125 0.07578125 0.056640625
1 0.21171875 0.916796875 0.08671875 0.06328125
1 0.22265625 0.96171875 0.0890625 0.069921875
1 0.367578125 0.925 0.07578125 0.056640625
1 0.3796875 0.96171875 0.07578125 0.069921875
1 0.546875 0.744921875 0.064453125 0.053515625
1 0.5625 0.78671875 0.07109375 0.056640625
0 0.4140625 0.780078125 0.07109375 0.056640625
0 0.4140625 0.81171875 0.0734375 0.046484375
0 0.435546875 0.846484375 0.07578125 0.05
0 0.444140625 0.88984375 0.078125 0.053515625
0 0.459765625 0.919921875 0.084765625 0.056640625
0 0.47109375 0.958203125 0.0890625 0.06328125
0 0.57109375 0.806640625 0.066796875 0.053515625
0 0.582421875 0.846484375 0.066796875 0.056640625
0 0.611328125 0.9265625 0.066796875 0.06328125
1 0.59921875 0.88984375 0.0734375 0.056640625
1 0.628125 0.966796875 0.064453125 0.06328125
1 0.7015625 0.933203125 0.0734375 0.066796875
0 0.7171875 0.958203125 0.080078125 0.069921875
0 0.616796875 0.708203125 0.07109375 0.043359375
0 0.63359375 0.755078125 0.066796875 0.056640625
0 0.655859375 0.818359375 0.066796875 0.06015625
1 0.646875 0.78828125 0.0734375 0.056640625
0 0.673828125 0.853515625 0.069140625 0.053515625
0 0.6859375 0.893359375 0.0734375 0.06328125
0 0.511328125 0.63984375 0.0625 0.056640625
0 0.496484375 0.608203125 0.078125 0.03984375
0 0.394140625 0.306640625 0.055859375 0.043359375
0 0.401953125 0.33515625 0.066796875 0.043359375
0 0.40859375 0.358203125 0.0625 0.043359375
0 0.41875 0.38828125 0.0625 0.056640625
1 0.4265625 0.41484375 0.06015625 0.05
1 0.435546875 0.43828125 0.0625 0.053515625
1 0.448828125 0.46484375 0.066796875 0.046484375
0 0.4578125 0.491796875 0.064453125 0.056640625
0 0.46875 0.519921875 0.0625 0.053515625
1 0.47421875 0.553515625 0.064453125 0.046484375
1 0.483203125 0.58671875 0.078125 0.043359375
0 0.578125 0.621484375 0.069140625 0.05
0 0.566796875 0.58515625 0.0625 0.046484375
0 0.555859375 0.556640625 0.0578125 0.05
0 0.537890625 0.528515625 0.066796875 0.046484375
0 0.52890625 0.4984375 0.066796875 0.046484375
1 0.52109375 0.475 0.0578125 0.043359375
0 0.508984375 0.446484375 0.066796875 0.043359375
1 0.498828125 0.425 0.0625 0.03984375
1 0.4921875 0.4 0.0625 0.043359375
0 0.48125 0.3734375 0.0578125 0.046484375
0 0.472265625 0.3484375 0.0625 0.043359375
0 0.464453125 0.308203125 0.0625 0.046484375
1 0.456640625 0.3015625 0.066796875 0.03984375
0 0.944140625 0.968359375 0.066796875 0.043359375
0 0.9265625 0.9265625 0.0578125 0.056640625
0 0.906640625 0.9 0.055859375 0.06328125
1 0.8953125 0.86484375 0.055859375 0.046484375
1 0.8640625 0.96171875 0.07578125 0.043359375
1 0.8484375 0.9265625 0.07578125 0.043359375
1 0.821875 0.86171875 0.064453125 0.046484375
1 0.80078125 0.818359375 0.066796875 0.053515625
0 0.830859375 0.88671875 0.069140625 0.05
0 0.8765625 0.8265625 0.0625 0.05
0 0.862109375 0.78671875 0.06015625 0.05
1 0.851953125 0.76015625 0.0625 0.05
0 0.833984375 0.7234375 0.0625 0.05
0 0.791796875 0.78671875 0.07109375 0.043359375
0 0.775 0.75 0.066796875 0.043359375
0 0.759375 0.716796875 0.064453125 0.043359375
0 0.823046875 0.68671875 0.064453125 0.043359375
0 0.80625 0.66015625 0.064453125 0.046484375
1 0.74375 0.683203125 0.07109375 0.05
1 0.69921875 0.591796875 0.07109375 0.043359375
1 0.684765625 0.56015625 0.07109375 0.03671875
1 0.67265625 0.53515625 0.064453125 0.046484375
1 0.7484375 0.541796875 0.06015625 0.043359375
0 0.760546875 0.571484375 0.07109375 0.05
0 0.661328125 0.5015625 0.069140625 0.03671875
1 0.73515625 0.5234375 0.0578125 0.05
1 0.721484375 0.491796875 0.0578125 0.05
1 0.7125 0.468359375 0.07109375 0.03984375
1 0.69921875 0.43671875 0.0578125 0.05
1 0.6515625 0.475 0.07109375 0.03984375
1 0.642578125 0.453515625 0.07578125 0.043359375
1 0.6234375 0.428515625 0.069140625 0.043359375
0 0.68359375 0.408203125 0.0625 0.046484375
0 0.669140625 0.38515625 0.0578125 0.043359375
0 0.616796875 0.394921875 0.0578125 0.043359375
0 0.603515625 0.368359375 0.0578125 0.043359375
1 0.663671875 0.358203125 0.066796875 0.03671875
0 0.6515625 0.33515625 0.0578125 0.03671875
0 0.6390625 0.31171875 0.055859375 0.03671875
0 0.626953125 0.28671875 0.051171875 0.033203125
1 0.592578125 0.346484375 0.0625 0.033203125
0 0.584765625 0.321484375 0.066796875 0.033203125
0 0.574609375 0.291796875 0.051171875 0.043359375
0 0.915234375 0.6234375 0.0625 0.03984375
0 0.933203125 0.66171875 0.06015625 0.053515625
0 0.973046875 0.598046875 0.05390625 0.04609375
1 0.951171875 0.694921875 0.055859375 0.056640625
1 0.967578125 0.7234375 0.053515625 0.06015625
1 0.97421875 0.76328125 0.051171875 0.06328125