0 0.1125 0.79375 0.04609375 0.14375
0 0.173828125 0.79375 0.083203125 0.148828125
0 0.246484375 0.796484375 0.069140625 0.141015625
0 0.3078125 0.7953125 0.063671875 0.135546875
0 0.366015625 0.803125 0.062109375 0.14609375
0 0.4203125 0.79921875 0.062109375 0.154296875
0 0.477734375 0.8046875 0.065625 0.15703125
0 0.540625 0.8046875 0.062109375 0.13828125
0 0.6046875 0.79921875 0.053125 0.154296875
0 0.65703125 0.80703125 0.053125 0.13828125
0 0.714453125 0.803125 0.05859375 0.1515625
0 0.767578125 0.798046875 0.053125 0.14375
0 0.818359375 0.79375 0.049609375 0.127734375
0 0.873046875 0.79375 0.0515625 0.13828125
0 0.921875 0.784765625 0.055078125 0.13046875
0 0.97421875 0.788671875 0.040625 0.125
0 0.917578125 0.538671875 0.03203125 0.122265625
1 0.964453125 0.53984375 0.0390625 0.108984375
1 0.94140625 0.440234375 0.03203125 0.0984375
1 0.977734375 0.444140625 0.035546875 0.101171875
0 0.89375 0.4296875 0.044140625 0.10390625
0 0.87421875 0.533203125 0.0390625 0.108984375
0 0.85390625 0.428125 0.048046875 0.101171875
0 0.811328125 0.426953125 0.04609375 0.0984375
0 0.833203125 0.537109375 0.037109375 0.122265625
0 0.7828125 0.53046875 0.042578125 0.10390625
0 0.766796875 0.423046875 0.048046875 0.0984375
0 0.719140625 0.426953125 0.048046875 0.08515625
0 0.73046875 0.523828125 0.0515625 0.108984375
0 0.67890625 0.53046875 0.037109375 0.11171875
0 0.66484375 0.426953125 0.0390625 0.0984375
0 0.6171875 0.41640625 0.044140625 0.09296875
0 0.6328125 0.53203125 0.037109375 0.11953125
0 0.582421875 0.533203125 0.044140625 0.11171875
0 0.569921875 0.42421875 0.04609375 0.0984375
0 0.5203125 0.421484375 0.04609375 0.101171875
0 0.52578125 0.5359375 0.0515625 0.10625
0 0.4734375 0.527734375 0.053125 0.10390625
0 0.4734375 0.421484375 0.0515625 0.101171875
0 0.42109375 0.41875 0.044140625 0.108984375
0 0.4203125 0.53203125 0.053125 0.108984375
0 0.3671875 0.52265625 0.04609375 0.101171875
0 0.375 0.41640625 0.053125 0.108984375
0 0.319140625 0.41484375 0.048046875 0.10625
0 0.313671875 0.5265625 0.056640625 0.108984375
0 0.26328125 0.527734375 0.042578125 0.10390625
0 0.26875 0.417578125 0.040625 0.09296875
0 0.2890625 0.222265625 0.042578125 0.0796875
0 0.2828125 0.1421875 0.042578125 0.074609375
0 0.334375 0.144921875 0.044140625 0.074609375
0 0.334375 0.22734375 0.044140625 0.076953125
0 0.376953125 0.1421875 0.044140625 0.0796875
0 0.376953125 0.22734375 0.04609375 0.090234375
0 0.4203125 0.2234375 0.042578125 0.09296875
0 0.4203125 0.14375 0.0390625 0.0796875
0 0.4671875 0.14765625 0.048046875 0.06640625
0 0.465234375 0.230078125 0.053125 0.082421875
0 0.5125 0.235546875 0.044140625 0.09296875
0 0.5078125 0.141015625 0.03359375 0.074609375
0 0.55234375 0.1515625 0.042578125 0.0796875
0 0.56015625 0.237890625 0.044140625 0.09296875
0 0.594140625 0.152734375 0.037109375 0.08515625
0 0.601953125 0.243359375 0.0390625 0.0796875
0 0.641015625 0.243359375 0.042578125 0.087890625
1 0.635546875 0.1609375 0.037109375 0.069140625
0 0.686328125 0.243359375 0.0515625 0.101171875
0 0.67109375 0.15703125 0.03359375 0.0796875
1 0.7171875 0.1703125 0.035546875 0.06640625
0 0.7703125 0.24453125 0.044140625 0.076953125
0 0.753515625 0.173046875 0.037109375 0.071875
0 0.792578125 0.16875 0.037109375 0.063671875
0 0.811328125 0.25390625 0.040625 0.090234375
0 0.85 0.243359375 0.042578125 0.09296875
0 0.89453125 0.25 0.049609375 0.108984375
0 0.93984375 0.247265625 0.04609375 0.09296875
1 0.832421875 0.16875 0.053125 0.076953125