1 0.3622511574074074 0.8716276041666667 0.15953125000000004 0.2567447916666666
0 0.2109027777777778 0.856171875 0.16284143518518518 0.28765624999999995
0 0.06868923611111111 0.842421875 0.13737847222222221 0.2973437499999999
0 0.04213541666666667 0.5561458333333333 0.08427083333333334 0.2544791666666667
0 0.12963831018518518 0.5662239583333333 0.2032465277777778 0.28515625
0 0.2616059027777778 0.5793229166666667 0.14538773148148146 0.2781770833333333
0 0.3948379629629629 0.5862499999999999 0.17083912037037036 0.31031250000000005
0 0.5186255787037037 0.5972395833333334 0.14521990740740734 0.31953125
0 0.6567447916666667 0.6173958333333334 0.1450925925925926 0.3109375
0 0.5103038194444445 0.8748697916666666 0.16742476851851862 0.25026041666666676
0 0.6634056712962962 0.8812760416666666 0.1830034722222223 0.2374479166666667
0 0.8153414351851852 0.887421875 0.18843749999999987 0.22515624999999995
0 0.7866435185185185 0.6381770833333333 0.13306134259259253 0.2890625
0 0.914224537037037 0.6306510416666666 0.15946759259259266 0.33296875000000004
0 0.9154484953703704 0.2577083333333333 0.11905671296296276 0.18666666666666662
0 0.9709519675925925 0.25906250000000003 0.05541087962962976 0.21052083333333335
0 0.8166550925925925 0.24877604166666667 0.09114004629629627 0.19885416666666664
0 0.7265306712962962 0.23533854166666668 0.08980324074074061 0.16130208333333335
0 0.6351591435185184 0.22690104166666666 0.11334490740740755 0.16989583333333336
0 0.5511631944444444 0.22208333333333333 0.1095081018518517 0.17432291666666666
0 0.46367476851851847 0.21546875000000001 0.10673032407407419 0.19755208333333335
0 0.37127025462962965 0.197578125 0.11428819444444435 0.1808854166666667
0 0.2872019675925926 0.17124999999999999 0.11211805555555561 0.1924479166666667
0 0.20519386574074075 0.16421875 0.11055555555555552 0.19234375000000004
0 0.11459201388888889 0.15661458333333333 0.1088888888888889 0.18520833333333334
0 0.04572337962962963 0.13364583333333332 0.0699074074074074 0.18807291666666667
0 0.48080150462962956 0.08875000000000001 0.08679976851851841 0.11661458333333334
0 0.5565248842592593 0.09770833333333334 0.0877199074074074 0.12604166666666666
0 0.6283188657407408 0.10796875000000002 0.09637152777777783 0.13052083333333334
0 0.7064265046296296 0.11434895833333333 0.09002893518518515 0.12385416666666664
1 0.4004079861111111 0.07830729166666667 0.08824652777777775 0.10890625000000001
0 0.24298032407407408 0.068203125 0.08278935185185184 0.10932291666666664