0 0.311328125 0.8589207175925925 0.25315972222222227 0.22538194444444448
0 0.10791666666666666 0.8179398148148149 0.18440972222222224 0.22181712962962968
0 0.14344618055555555 0.6609809027777778 0.1965277777777778 0.17016203703703708
0 0.35999131944444446 0.5731047453703704 0.21199652777777783 0.1639409722222222
0 0.2425 0.3602199074074074 0.15614583333333334 0.10876157407407412
0 0.2740451388888889 0.2873321759259259 0.14487847222222222 0.09335069444444448
0 0.42477430555555556 0.2576909722222222 0.15194444444444438 0.09527777777777775
0 0.4377604166666666 0.1924247685185185 0.14201388888888888 0.06979166666666665
0 0.3198958333333334 0.12076388888888889 0.12026041666666672 0.07412615740740743
0 0.45375868055555557 0.10468460648148148 0.13038194444444445 0.07309027777777777
0 0.35061631944444444 0.045882523148148155 0.10904513888888889 0.061059027777777775
0 0.686015625 0.7589554398148148 0.1838020833333333 0.22958912037037038
0 0.8614322916666666 0.7867795138888889 0.16348958333333324 0.22853587962962968
0 0.8319965277777778 0.6209895833333333 0.13718749999999993 0.13353009259259263
0 0.6720659722222223 0.5877256944444444 0.17468749999999994 0.13547453703703702
0 0.6719357638888889 0.47651909722222224 0.16029513888888883 0.1199016203703703
0 0.8165277777777777 0.5043055555555556 0.1400347222222223 0.12119212962962962
0 0.8028038194444445 0.41346354166666666 0.12704861111111115 0.09866898148148148
0 0.789453125 0.3394184027777778 0.12920138888888885 0.09019675925925927
0 0.6682378472222222 0.32767071759259264 0.13727430555555564 0.10232060185185184
0 0.6590017361111111 0.24564525462962963 0.12282986111111108 0.08440393518518521
0 0.6596875 0.18871527777777777 0.11401041666666671 0.07380208333333335
0 0.7733680555555555 0.26523148148148146 0.12590277777777778 0.0822222222222222
0 0.7648177083333334 0.21406539351851853 0.10703125 0.07578125
0 0.6560243055555556 0.14677662037037037 0.11862847222222221 0.07092013888888893
0 0.6592881944444444 0.1005150462962963 0.10836805555555565 0.06570601851851851
0 0.7534722222222222 0.12490740740740743 0.09565972222222233 0.055682870370370376
0 0.7622569444444445 0.16906249999999998 0.11055555555555543 0.05879629629629628
1 0.3311371527777778 0.6968547453703703 0.2201215277777778 0.17840856481481496
1 0.19039930555555556 0.5440219907407406 0.17328124999999997 0.14242476851851862
1 0.2187152777777778 0.4487268518518519 0.16748263888888887 0.1272974537037037
1 0.3792534722222222 0.47421875 0.18828125 0.11510995370370374
1 0.39202256944444447 0.3991869212962963 0.18260416666666668 0.14056712962962958
1 0.4100694444444445 0.3158449074074074 0.16940972222222223 0.10866898148148145
1 0.2884201388888889 0.23189236111111108 0.11890625000000003 0.08342013888888891
1 0.302421875 0.17721354166666664 0.1354166666666666 0.08895833333333333
1 0.45359375 0.06214699074074074 0.12555555555555548 0.06659722222222222
1 0.3353559027777778 0.07903645833333334 0.12192708333333328 0.07889467592592594
1 0.43954861111111115 0.14998842592592593 0.13652777777777772 0.06872685185185183
0 0.11382812500000002 0.0831568287037037 0.11104166666666666 0.0806712962962963
0 0.13072916666666665 0.036041666666666666 0.1286458333333333 0.06519675925925926
0 0.14393229166666666 0.015656828703703704 0.1409895833333333 0.02369791666666667
1 0.09615451388888889 0.13062210648148148 0.0881423611111111 0.0685590277777778
1 0.07993055555555556 0.19064814814814815 0.07592013888888889 0.08041087962962963
1 0.061406249999999996 0.252505787037037 0.05723958333333332 0.08256365740740738