0 0.1398726851851852 0.9190335648148149 0.10616319444444447 0.15843171296296318
0 0.18369502314814815 0.8732494212962962 0.11174768518518521 0.16007523148148134
0 0.21944444444444447 0.813298611111111 0.11901041666666663 0.16330439814814818
0 0.2517216435185185 0.7696846064814815 0.11516203703703702 0.1429571759259259
0 0.28822337962962963 0.7198900462962963 0.13182870370370373 0.15725115740740742
0 0.32816840277777776 0.6744386574074074 0.11791087962962958 0.14846064814814816
0 0.3571614583333334 0.6338975694444444 0.12375578703703702 0.16415509259259267
0 0.4048466435185185 0.5928530092592593 0.1245081018518519 0.15324074074074084
0 0.4415075231481481 0.561009837962963 0.12355324074074078 0.15088541666666658
0 0.48025173611111105 0.504615162037037 0.12120949074074083 0.12978009259259266
0 0.5230034722222222 0.45491319444444445 0.11180555555555553 0.11871527777777775
0 0.5573784722222223 0.40274594907407407 0.10656828703703702 0.12175925925925916
0 0.5902488425925926 0.3513368055555556 0.11001157407407405 0.13663773148148142
0 0.627199074074074 0.31286458333333333 0.12097800925925917 0.12665509259259267
0 0.6643807870370371 0.2669820601851852 0.11516203703703702 0.12188657407407408
0 0.7026909722222222 0.22579861111111113 0.10772569444444446 0.11631365740740736
1 0.7255787037037037 0.19765335648148147 0.10598958333333339 0.1350173611111111
1 0.27278645833333337 0.9467679398148148 0.12601273148148148 0.10646412037037045
0 0.3184461805555555 0.9224594907407407 0.09632523148148149 0.130972222222222
0 0.35863715277777775 0.8750607638888889 0.10005787037037042 0.1286863425925926
0 0.3962528935185185 0.8245023148148147 0.09710648148148149 0.13098379629629625
0 0.7592158564814815 0.15132812499999998 0.10361689814814809 0.14512731481481483
0 0.797092013888889 0.10428530092592594 0.11469907407407405 0.13670717592592596
0 0.822482638888889 0.07305555555555555 0.10121527777777786 0.12324074074074073
0 0.8835069444444444 0.05405960648148148 0.09826388888888893 0.08339699074074074
0 0.9251880787037038 0.16900462962962964 0.09728009259259238 0.15439814814814815
0 0.897164351851852 0.2068287037037037 0.10078125 0.1489872685185185
0 0.8594907407407408 0.24607060185185184 0.0931712962962962 0.16214120370370375
0 0.8289930555555556 0.2873697916666667 0.09748263888888893 0.16766782407407402
0 0.7945601851851852 0.32822048611111115 0.11244212962962959 0.14837962962962958
0 0.7562210648148149 0.3690133101851852 0.11047453703703702 0.14288773148148143
0 0.718532986111111 0.4133275462962963 0.10361689814814809 0.12405671296296288
0 0.6807002314814815 0.4556886574074074 0.10572916666666661 0.1420370370370371
0 0.6528645833333334 0.5013194444444444 0.09748263888888893 0.12552662037037035
0 0.612818287037037 0.5401359953703704 0.11195023148148149 0.1522743055555555
0 0.5678819444444445 0.5866840277777777 0.10885416666666678 0.14208333333333342
1 0.539916087962963 0.6358246527777778 0.09453125 0.14889467592592603
1 0.504542824074074 0.690318287037037 0.09768518518518512 0.13879629629629625
1 0.4731481481481481 0.7300434027777778 0.11001157407407405 0.1366377314814816
1 0.43634259259259256 0.781004050925926 0.10847800925925921 0.12646990740740732
1 0.6053096064814815 0.9453674768518517 0.11565393518518512 0.10926504629629648
0 0.64453125 0.9050491898148149 0.10532407407407404 0.1365682870370371
1 0.6813657407407407 0.8544791666666667 0.10862268518518511 0.13895833333333343
0 0.7257667824074074 0.8059722222222222 0.12907986111111108 0.1306770833333335
0 0.7623263888888889 0.756958912037037 0.10081018518518511 0.1388425925925926
0 0.7902488425925925 0.7019646990740741 0.09901620370370381 0.13569444444444442
0 0.8236255787037038 0.6521238425925926 0.10361689814814809 0.12405671296296301
0 0.8657262731481481 0.6094357638888889 0.09866898148148166 0.15207754629629627
1 0.9066116898148149 0.5819473379629629 0.09866898148148166 0.15207754629629627
0 0.9391637731481481 0.5367766203703704 0.10442708333333357 0.13499421296296282
1 0.961791087962963 0.49906249999999996 0.07641782407407405 0.14510416666666667
0 0.8804253472222221 0.8394791666666667 0.13260995370370382 0.15726273148148168
0 0.7837528935185185 0.9351142939814814 0.13298611111111108 0.12977141203703724
0 0.9516927083333332 0.712037037037037 0.09661458333333357 0.14711805555555557
0 0.07488425925925926 0.4525665509259259 0.09398148148148149 0.15200810185185182
0 0.1086082175925926 0.4074131944444444 0.10396412037037037 0.14981481481481485
0 0.14162326388888888 0.3579571759259259 0.10376157407407405 0.13654513888888883
0 0.1788917824074074 0.3237818287037037 0.10162037037037037 0.12870949074074076
0 0.21585648148148148 0.2697019675925926 0.08981481481481479 0.13789930555555552
0 0.24486400462962962 0.2346238425925926 0.09690393518518521 0.11771412037037035
0 0.27314814814814814 0.16870949074074076 0.08883101851851852 0.12461805555555552
0 0.3062065972222222 0.15671296296296297 0.09198495370370371 0.13559027777777777
0 0.35416666666666663 0.11411168981481482 0.08793402777777777 0.12304398148148148
0 0.40095486111111106 0.08202835648148148 0.10138888888888893 0.12558449074074077
0 0.43237847222222225 0.05322916666666666 0.0880208333333334 0.09260995370370369