1 0.13806423611111113 0.7051909722222222 0.16218171296296297 0.20921875000000015
0 0.2541377314814815 0.6774131944444445 0.14594907407407404 0.21317708333333343
1 0.38796296296296295 0.6652256944444445 0.15766782407407404 0.1926388888888889
0 0.5074942129629629 0.6283246527777778 0.16880787037037043 0.19859375000000004
1 0.6268952546296296 0.615998263888889 0.16588541666666679 0.2039236111111112
1 0.7487413194444444 0.5903038194444444 0.18828125 0.2189583333333333
1 0.876171875 0.5612413194444444 0.19684606481481487 0.21855902777777772
0 0.8748553240740741 0.40725694444444444 0.1258101851851851 0.15378472222222223
0 0.778370949074074 0.4326041666666667 0.14253472222222213 0.14204861111111106
0 0.6726851851851852 0.45368055555555553 0.14739583333333323 0.1469444444444445
1 0.579904513888889 0.47379340277777776 0.1568287037037038 0.14892361111111113
0 0.482421875 0.4839756944444444 0.14444444444444446 0.1514930555555555
0 0.39620949074074074 0.49521701388888884 0.1258101851851851 0.15378472222222223
1 0.3027488425925926 0.5231597222222222 0.15769675925925924 0.15130208333333323
0 0.1954861111111111 0.5341666666666667 0.1463252314814815 0.16015625
0 0.08670428240740741 0.5756597222222222 0.1728587962962963 0.18161458333333336
0 0.7221354166666667 0.2978298611111111 0.10381944444444446 0.10756944444444443
0 0.6511140046296295 0.3095659722222222 0.08952546296296297 0.10069444444444446
0 0.583058449074074 0.3254600694444444 0.08234953703703703 0.0964756944444444
0 0.5185908564814815 0.33924479166666666 0.07673611111111107 0.09232638888888882
0 0.46235532407407404 0.3518836805555556 0.08428819444444446 0.08564236111111115
1 0.39897280092592596 0.3679600694444445 0.08836805555555553 0.09050347222222221
0 0.3394386574074074 0.3748958333333333 0.08234953703703703 0.0964756944444444
0 0.2816840277777778 0.39696180555555555 0.08993055555555554 0.09057291666666671
1 0.2128761574074074 0.412109375 0.08741319444444447 0.08578124999999996
0 0.1540653935185185 0.41004340277777784 0.09644097222222223 0.0978819444444444
1 0.08695023148148148 0.43213541666666666 0.10596064814814814 0.10220486111111118
0 0.042158564814814815 0.43726562500000005 0.08431712962962963 0.12078124999999998