0 0.8780208333333335 0.5975983796296296 0.24395833333333322 0.483275462962963
0 0.7668923611111111 0.6263715277777777 0.19950810185185192 0.4514120370370371
1 0.6401157407407407 0.671255787037037 0.20550347222222207 0.4345486111111111
0 0.5128096064814814 0.706785300925926 0.2210127314814816 0.4275462962962962
0 0.3898755787037037 0.7471701388888888 0.2545659722222222 0.4792476851851852
0 0.2685185185185185 0.7620630787037037 0.26446759259259256 0.4625868055555557
0 0.1440364583333333 0.7771180555555556 0.24624421296296295 0.4444675925925926
0 0.8568200231481482 0.23156539351851851 0.14638888888888885 0.29096643518518517
0 0.7483998842592593 0.24891493055555552 0.18008680555555542 0.2997395833333334
0 0.6475173611111111 0.27369212962962963 0.16614004629629625 0.30682291666666667
0 0.5470543981481482 0.30040219907407406 0.17032407407407407 0.32577546296296295
0 0.4470399305555556 0.3309982638888889 0.16875 0.32491319444444444
0 0.3497771990740741 0.36262442129629624 0.1640509259259259 0.3238888888888889
0 0.23712384259259262 0.3844936342592592 0.17888310185185183 0.3238773148148148
0 0.12761863425925926 0.4077633101851852 0.1914756944444444 0.33077546296296295
0 0.06205729166666667 0.41546296296296303 0.11717013888888887 0.373761574074074