1 0.18276041666666668 0.8430671296296296 0.1819907407407407 0.2202951388888888
0 0.3197366898148148 0.8386458333333333 0.14019097222222224 0.1952314814814816
0 0.06142361111111111 0.8243287037037037 0.12284722222222222 0.20626157407407392
0 0.44647569444444446 0.8351851851851851 0.14793981481481477 0.2245081018518519
0 0.5814178240740742 0.8322106481481482 0.14392361111111107 0.20713541666666657
0 0.7052748842592592 0.8238773148148149 0.1404745370370371 0.20070023148148158
0 0.8373090277777777 0.8089756944444444 0.14019097222222224 0.1952314814814816
0 0.9125491898148148 0.7785619212962962 0.11000578703703709 0.19889467592592586
0 0.7790104166666667 0.9506539351851853 0.19286458333333326 0.09869212962962948
0 0.9033912037037037 0.955251736111111 0.10434027777777785 0.08949652777777786
0 0.24911168981481477 0.5911371527777778 0.09268518518518523 0.10518518518518523
0 0.3416637731481481 0.5895688657407407 0.09306134259259266 0.09741898148148156
0 0.42333912037037036 0.5861805555555556 0.09462384259259263 0.09751157407407404
1 0.5101996527777779 0.5885850694444444 0.09931134259259267 0.09778935185185186
1 0.17104745370370372 0.5853356481481482 0.09284722222222222 0.10831018518518505
1 0.08861111111111111 0.588287037037037 0.10115740740740739 0.10335069444444436
0 0.02440393518518518 0.5785329861111111 0.04880787037037036 0.1011805555555556
0 0.5955179398148148 0.5905063657407407 0.10065972222222222 0.10877314814814802
0 0.6786140046296296 0.5899450231481481 0.08936921296296294 0.0862962962962964
0 0.7510358796296297 0.5836574074074073 0.0928182870370371 0.09273148148148139
0 0.8309606481481481 0.5762471064814815 0.10129050925925931 0.09089699074074069
0 0.9118952546296295 0.57203125 0.11082754629629647 0.09457754629629633
0 0.05085358796296295 0.49279513888888893 0.07924189814814815 0.1012731481481481
1 0.13423032407407406 0.5094907407407407 0.09112268518518518 0.10509259259259256
0 0.20885416666666665 0.506076388888889 0.0842650462962963 0.09300347222222208
1 0.27936921296296297 0.5063368055555555 0.08730902777777771 0.0916261574074074
0 0.3542361111111111 0.49823495370370374 0.07608796296296294 0.08550925925925927
1 0.4229398148148148 0.4956452546296296 0.0842650462962963 0.09300347222222208
0 0.4962239583333333 0.4878414351851852 0.08814814814814813 0.12282986111111108
0 0.5664496527777778 0.4861255787037037 0.09243055555555557 0.1152951388888889
1 0.029835069444444445 0.4189322916666667 0.05967013888888889 0.07856481481481481
1 0.08335937499999999 0.41753182870370376 0.07449652777777778 0.06983796296296294
0 0.1368634259259259 0.40581307870370364 0.08468171296296295 0.08601851851851845
1 0.19320023148148147 0.41502893518518513 0.08262152777777776 0.09134837962962972
0 0.2481105324074074 0.4139728009259259 0.0794965277777778 0.09116319444444443
1 0.3027575231481482 0.41799479166666664 0.07057870370370374 0.08440393518518516
0 0.3606452546296296 0.41241319444444446 0.0623206018518518 0.07534722222222215
0 0.41177662037037044 0.4162268518518518 0.05426504629629636 0.07019675925925921
0 0.4672193287037037 0.4124594907407408 0.05423611111111111 0.054618055555555545
1 0.5172251157407407 0.4228674768518519 0.050706018518518546 0.04662037037037035
0 0.5718865740740741 0.4190538194444445 0.06195601851851862 0.06831597222222215
1 0.6273148148148149 0.42312210648148146 0.06586226851851862 0.06854745370370377
0 0.6756655092592593 0.42010995370370363 0.07251736111111118 0.07673032407407407
1 0.7357667824074074 0.4322916666666667 0.0707118055555556 0.07195023148148146
0 0.781316550925926 0.4228443287037037 0.052418981481481455 0.06463541666666668
0 0.07046875 0.3638715277777778 0.06417824074074074 0.06611111111111115
0 0.2113917824074074 0.35890046296296296 0.05270254629629632 0.07010416666666668
1 0.1279369212962963 0.3739380787037037 0.052297453703703714 0.062291666666666676
1 0.1720630787037037 0.3843894675925926 0.045642361111111106 0.05410879629629628
1 0.3576533564814815 0.3718778935185185 0.0486168981481482 0.036371527777777767
1 0.4065827546296297 0.372818287037037 0.04829282407407405 0.030121527777777768
1 0.4550202546296296 0.3756886574074074 0.04422453703703688 0.02676504629629637
1 0.5057465277777778 0.3873148148148148 0.043726851851851836 0.032187499999999945
0 0.547511574074074 0.37529224537037037 0.040173611111111104 0.05378472222222221
1 0.5947164351851851 0.3792650462962963 0.05030092592592581 0.03880787037037035
1 0.652980324074074 0.3815422453703704 0.045451388888889 0.03540509259259252
1 0.6952285879629629 0.38287037037037036 0.049855324074074045 0.030214120370370346
0 0.7379629629629629 0.37482349537037035 0.04138310185185183 0.032048611111111125
1 0.6554456018518519 0.32644097222222224 0.03242476851851848 0.024508101851851906
1 0.6784693287037037 0.3509230324074074 0.035549768518518474 0.02469328703703706
1 0.6351099537037037 0.34835358796296295 0.04554398148148149 0.022170138888888857
1 0.6207407407407407 0.32320891203703705 0.043605324074074046 0.029843750000000037
1 0.6002835648148148 0.34746527777777775 0.04085648148148149 0.021892361111111126
1 0.5857118055555556 0.32622685185185185 0.03641203703703706 0.026302083333333302
1 0.560546875 0.3505960648148148 0.041018518518518475 0.025017361111111126
1 0.5483391203703704 0.3291059027777778 0.03398726851851848 0.024600694444444394
1 0.5261111111111111 0.3497309027777778 0.037112268518518475 0.024785879629629637
1 0.5148726851851853 0.3322164351851852 0.04109953703703706 0.026579861111111124
1 0.4814380787037037 0.3498263888888889 0.04266203703703706 0.0266724537037037
1 0.44692129629629634 0.35052372685185185 0.035549768518518474 0.02469328703703706
1 0.40872106481481485 0.3466927083333333 0.041018518518518475 0.025017361111111126
1 0.4766521990740741 0.3287760416666667 0.03641203703703706 0.026302083333333393
1 0.4426880787037037 0.3263715277777778 0.038674768518518476 0.024878472222222215
1 0.4043865740740741 0.32449363425925926 0.04109953703703706 0.026579861111111124
1 0.36561053240740743 0.34688078703703706 0.04109953703703706 0.026579861111111124
1 0.32815682870370366 0.35132233796296297 0.04685185185185183 0.03237268518518519
1 0.28876446759259256 0.3478125 0.03953703703703706 0.02648726851851855
1 0.24914930555555553 0.34859953703703705 0.04232638888888891 0.035219907407407366
1 0.3681857638888889 0.3274421296296296 0.034971064814814844 0.028553240740740726
1 0.33128472222222227 0.3287818287037037 0.034971064814814844 0.028553240740740726
1 0.29808159722222227 0.3268142361111111 0.03641203703703706 0.026302083333333393
1 0.2635850694444445 0.3271209490740741 0.04126157407407405 0.029704861111111126
1 0.22639467592592594 0.326484375 0.04126157407407405 0.029704861111111036
1 0.1842042824074074 0.34671006944444444 0.04414351851851848 0.02520254629629628
1 0.1327951388888889 0.3558101851851852 0.04673032407407405 0.03002893518518519
1 0.1893923611111111 0.3297771990740741 0.044050925925925896 0.038437500000000034
1 0.14661168981481482 0.3311603009259259 0.04429398148148147 0.04312500000000004
1 0.5583101851851853 0.303052662037037 0.03498263888888893 0.01375578703703706
1 0.5268576388888888 0.3051070601851852 0.036828703703703704 0.019317129629629635
1 0.5271354166666666 0.29219328703703706 0.0313194444444445 0.01821180555555557
1 0.4977083333333333 0.3080815972222222 0.03851273148148131 0.021753472222222216
1 0.494921875 0.2938107638888889 0.038391203703703705 0.019409722222222214
1 0.4668084490740741 0.30703414351851854 0.03641203703703706 0.026302083333333302
1 0.4640827546296296 0.29159143518518515 0.03851273148148149 0.021753472222222216
1 0.4351070601851852 0.3063310185185185 0.03382523148148149 0.021475694444444395
1 0.4323206018518519 0.2920601851851852 0.031643518518518474 0.02446180555555557
1 0.40382233796296296 0.3127054398148148 0.037112268518518475 0.024785879629629637
1 0.40315104166666665 0.29542534722222225 0.035387731481481485 0.02156828703703706
1 0.3713136574074074 0.3049016203703704 0.03382523148148149 0.021475694444444395
1 0.3739351851851852 0.2921267361111111 0.03226273148148149 0.021383101851851816
1 0.34423900462962964 0.3056481481481481 0.03242476851851848 0.024508101851851906
1 0.34498842592592593 0.2911950231481481 0.03382523148148149 0.021475694444444395
1 0.2504282407407407 0.30126446759259257 0.0313194444444445 0.01821180555555557
1 0.22175057870370374 0.3026996527777778 0.0321006944444445 0.018258101851851904
1 0.1903790509259259 0.3031915509259259 0.03641203703703706 0.026302083333333393
1 0.15960069444444444 0.2998003472222222 0.026793981481481488 0.02105902777777775
1 0.2634346064814815 0.29223958333333333 0.03016203703703706 0.025931712962962993
1 0.2305815972222222 0.29107638888888887 0.03328703703703706 0.02611689814814815
1 0.19758680555555555 0.2926475694444444 0.02859953703703706 0.025839120370370415