0 0.113671875 0.803515625 0.05 0.133203125
0 0.153125 0.796484375 0.04375 0.151953125
1 0.114453125 0.662890625 0.048046875 0.122265625
1 0.161328125 0.672265625 0.048046875 0.122265625
1 0.198828125 0.796484375 0.0375 0.140625
0 0.20625 0.666796875 0.04375 0.133203125
0 0.246875 0.672265625 0.04375 0.1296875
0 0.245703125 0.80546875 0.05 0.140625
0 0.291796875 0.8 0.035546875 0.140625
1 0.294921875 0.6703125 0.035546875 0.122265625
1 0.332421875 0.8 0.04375 0.133203125
1 0.380078125 0.801953125 0.045703125 0.140625
1 0.425 0.807421875 0.039453125 0.1296875
0 0.338671875 0.668359375 0.04375 0.122265625
1 0.380078125 0.668359375 0.05 0.118359375
1 0.426171875 0.672265625 0.041796875 0.122265625
1 0.466796875 0.672265625 0.04375 0.122265625
1 0.507421875 0.668359375 0.041796875 0.122265625
0 0.465625 0.798046875 0.039453125 0.137109375
0 0.511328125 0.801953125 0.045703125 0.1296875
0 0.557421875 0.803515625 0.04375 0.133203125
0 0.551953125 0.662890625 0.04375 0.133203125
1 0.595703125 0.672265625 0.04375 0.133203125
1 0.598046875 0.801953125 0.045703125 0.12578125
1 0.64375 0.798046875 0.04375 0.137109375
1 0.686328125 0.803515625 0.039453125 0.137109375
1 0.728125 0.803515625 0.039453125 0.140625
1 0.76875 0.803515625 0.04375 0.140625
0 0.6375 0.662890625 0.035546875 0.118359375
0 0.678125 0.666796875 0.0375 0.122265625
0 0.720703125 0.66484375 0.0375 0.11484375
0 0.7625 0.672265625 0.0375 0.137109375
0 0.807421875 0.668359375 0.035546875 0.12578125
0 0.811328125 0.801953125 0.045703125 0.1296875
1 0.846875 0.66484375 0.0375 0.137109375
1 0.886328125 0.668359375 0.041796875 0.1296875
1 0.930078125 0.672265625 0.0375 0.1296875
0 0.971875 0.67578125 0.041796875 0.148046875
0 0.859375 0.412890625 0.04375 0.122265625
1 0.975 0.41484375 0.035546875 0.118359375
1 0.965625 0.301953125 0.035546875 0.1109375
1 0.938671875 0.416796875 0.039453125 0.12578125
1 0.898046875 0.422265625 0.033203125 0.122265625
0 0.928125 0.29453125 0.0375 0.107421875
0 0.891796875 0.298046875 0.04375 0.1109375
0 0.853125 0.29453125 0.039453125 0.118359375
0 0.811328125 0.29453125 0.04375 0.118359375
0 0.773046875 0.2890625 0.048046875 0.122265625
0 0.733203125 0.292578125 0.041796875 0.11484375
1 0.819921875 0.403515625 0.035546875 0.118359375
0 0.780078125 0.40546875 0.0375 0.11484375
0 0.739453125 0.407421875 0.039453125 0.122265625
0 0.698046875 0.403515625 0.035546875 0.118359375
1 0.695703125 0.29453125 0.04375 0.118359375
1 0.653125 0.292578125 0.041796875 0.12578125
1 0.658203125 0.407421875 0.0375 0.1109375
0 0.615625 0.40546875 0.03125 0.1109375
0 0.614453125 0.287109375 0.035546875 0.122265625
0 0.576171875 0.287109375 0.039453125 0.12578125
0 0.536328125 0.290625 0.033203125 0.118359375
1 0.579296875 0.409375 0.0375 0.1296875
0 0.541796875 0.41484375 0.04375 0.122265625
1 0.5 0.40546875 0.0375 0.122265625
1 0.501171875 0.29453125 0.04375 0.1109375
1 0.460546875 0.4109375 0.041796875 0.122265625
0 0.45625 0.287109375 0.041796875 0.1109375
0 0.415625 0.287109375 0.041796875 0.122265625
0 0.41875 0.407421875 0.0375 0.1296875
0 0.376953125 0.39453125 0.0375 0.1296875
0 0.376171875 0.281640625 0.035546875 0.122265625
1 0.3375 0.407421875 0.04375 0.1109375
1 0.341796875 0.28515625 0.045703125 0.122265625
0 0.294921875 0.281640625 0.0375 0.1296875
0 0.296875 0.407421875 0.041796875 0.118359375
0 0.254296875 0.407421875 0.0375 0.122265625
0 0.2125 0.40546875 0.0375 0.1296875
0 0.259375 0.283203125 0.0375 0.1296875
1 0.215625 0.281640625 0.041796875 0.11484375
1 0.171875 0.398046875 0.04375 0.1296875
1 0.130078125 0.409375 0.04375 0.118359375
0 0.176171875 0.287109375 0.039453125 0.11484375
0 0.1375 0.290625 0.045703125 0.122265625
0 0.138671875 0.077734375 0.041796875 0.12578125
1 0.176953125 0.07578125 0.0375 0.1109375
1 0.217578125 0.07421875 0.033203125 0.118359375
0 0.25625 0.072265625 0.04375 0.122265625
0 0.294921875 0.06484375 0.0375 0.12578125
0 0.332421875 0.062890625 0.04375 0.12578125
0 0.370703125 0.06484375 0.04375 0.12578125
0 0.410546875 0.07421875 0.0375 0.1296875
0 0.442578125 0.07421875 0.0375 0.133203125
0 0.486328125 0.066796875 0.04375 0.122265625
0 0.521875 0.068359375 0.041796875 0.133203125
0 0.557421875 0.066796875 0.045703125 0.133203125
1 0.596875 0.0703125 0.041796875 0.103515625
1 0.635546875 0.0703125 0.035546875 0.1109375
0 0.673046875 0.0703125 0.04375 0.12578125
0 0.708203125 0.066796875 0.039453125 0.1296875
1 0.745703125 0.07421875 0.048046875 0.122265625
0 0.784375 0.0703125 0.04375 0.1296875
1 0.823828125 0.07578125 0.04375 0.122265625
0 0.857421875 0.0703125 0.04375 0.12578125
1 0.894921875 0.06484375 0.039453125 0.12578125
0 0.933203125 0.0703125 0.041796875 0.137109375
0 0.970703125 0.0703125 0.04375 0.137109375
0 0.03125 0.0390625 0.0625 0.077734375
0 0.028125 0.101953125 0.05625 0.081640625