0 0.8849305555555557 0.6530931712962963 0.06400462962962976 0.15976851851851848
1 0.8386197916666667 0.6617071759259259 0.062442129629629764 0.1596759259259258
0 0.7867881944444444 0.16703125 0.06563657407407408 0.1622048611111111
0 0.7289525462962964 0.1696759259259259 0.0635706018518519 0.17144097222222224
1 0.7900868055555555 0.3311863425925926 0.06306134259259259 0.15425347222222224
1 0.7422482638888889 0.3410648148148148 0.06207175925925927 0.147175925925926
1 0.7929398148148148 0.6651967592592593 0.05609374999999996 0.12966435185185182
1 0.7465133101851852 0.6699045138888889 0.05772569444444446 0.1321006944444445
1 0.6814351851851852 0.1771875 0.07159143518518504 0.1789351851851852
0 0.6929600694444444 0.34163773148148147 0.06306134259259259 0.15425347222222213
0 0.6417100694444444 0.35524016203703707 0.06450810185185177 0.1504398148148148
0 0.6280700231481482 0.1854369212962963 0.061087962962962906 0.16661458333333332
0 0.7000752314814814 0.6742216435185184 0.057037037037036956 0.13517939814814817
0 0.6541319444444444 0.68203125 0.056603009259259277 0.14685185185185184
0 0.6079918981481482 0.6832002314814816 0.06315393518518526 0.15737847222222215
1 0.5932031249999999 0.35576678240740744 0.05986689814814809 0.15172453703703698
1 0.5773234953703703 0.18961805555555555 0.06681134259259273 0.1755324074074074
1 0.5432725694444445 0.36107349537037037 0.0641435185185184 0.16445601851851857
1 0.5273813657407407 0.19453414351851853 0.06584490740740741 0.16923611111111114
1 0.4772106481481481 0.20494212962962965 0.062008101851851904 0.17134837962962962
1 0.42454571759259263 0.21041087962962965 0.06584490740740741 0.16923611111111111
1 0.5611747685185186 0.6879311342592593 0.0575925925925926 0.15392939814814816
1 0.5164496527777778 0.6972337962962963 0.06335648148148146 0.13789351851851847
1 0.4704600694444444 0.7034809027777778 0.06179398148148145 0.1378009259259258
0 0.49570891203703704 0.36702256944444445 0.062442129629629584 0.159675925925926
0 0.37157118055555555 0.2186371527777778 0.05339120370370374 0.17005787037037035
1 0.4453530092592593 0.37118055555555557 0.05915509259259259 0.15402199074074074
0 0.42342592592592593 0.7140943287037037 0.0483275462962963 0.13076388888888885
0 0.37671296296296297 0.7223408564814815 0.056944444444444464 0.13205439814814818
0 0.39230902777777776 0.3770630787037037 0.053894675925925915 0.16072916666666667
1 0.3471238425925926 0.3840451388888889 0.060376157407407406 0.168912037037037
1 0.3261429398148148 0.21741608796296297 0.06876157407407409 0.1623900462962963
1 0.2953790509259259 0.39415509259259257 0.05872106481481483 0.1656944444444445
1 0.24701099537037036 0.39936921296296296 0.05538773148148142 0.15847800925925926
1 0.19772280092592592 0.3999421296296296 0.05665509259259256 0.1749305555555556
1 0.33143229166666666 0.7128935185185185 0.050121527777777786 0.13866898148148152
1 0.23783275462962963 0.7235271990740741 0.05724537037037036 0.14221064814814816
1 0.14502604166666666 0.7345052083333334 0.04699652777777778 0.1384837962962962
0 0.2687326388888889 0.22120949074074076 0.06743055555555558 0.17010995370370371
0 0.22169849537037037 0.23182291666666668 0.0688310185185185 0.1647337962962963
0 0.1198263888888889 0.24059895833333336 0.07744791666666666 0.16602430555555558
0 0.15129629629629632 0.4046498842592593 0.05499999999999998 0.171712962962963
0 0.0500462962962963 0.4212152777777778 0.053894675925925936 0.16072916666666667
0 0.2883738425925926 0.7256192129629631 0.05873842592592595 0.13995949074074082
0 0.18993634259259257 0.7314525462962963 0.05168402777777779 0.13876157407407402
0 0.0985648148148148 0.7380410879629629 0.06356481481481482 0.1449247685185185
1 0.1728009259259259 0.2323726851851852 0.06563657407407408 0.16220486111111115
1 0.0704832175925926 0.25252314814814814 0.06563657407407408 0.16220486111111113
1 0.10232060185185185 0.41576967592592595 0.06517939814814815 0.17309606481481482
1 0.02797453703703704 0.2573900462962963 0.0455324074074074 0.16803240740740738
1 0.05583912037037038 0.7487905092592593 0.04685763888888888 0.1337962962962962