1 0.14453125 0.21549768518518517 0.19982638888888893 0.14245949074074077
1 0.22420138888888888 0.2534519675925926 0.1755902777777778 0.15890624999999997
1 0.3249479166666667 0.27482060185185186 0.18269097222222222 0.1606770833333333
1 0.4085243055555556 0.312890625 0.18187499999999995 0.15987268518518521
0 0.4990972222222222 0.35195023148148147 0.18187499999999995 0.15987268518518513
1 0.5824652777777779 0.37710648148148146 0.17218750000000008 0.1525636574074074
0 0.6638541666666666 0.41159143518518515 0.17321180555555565 0.15805555555555556
1 0.7526822916666667 0.42830439814814814 0.14942708333333332 0.14954861111111112
0 0.816640625 0.4677488425925926 0.17078124999999994 0.13847800925925924
0 0.8983767361111111 0.4944212962962963 0.16230902777777773 0.15851273148148143
0 0.7707291666666667 0.6118923611111111 0.17581597222222242 0.14642939814814823
0 0.6902256944444444 0.5926880787037037 0.17986111111111108 0.1496701388888889
1 0.6009548611111111 0.5595341435185185 0.14338541666666665 0.11894097222222229
0 0.5265017361111111 0.5362065972222222 0.16657986111111106 0.14927662037037043
1 0.4638107638888889 0.503449074074074 0.1475868055555555 0.14325231481481476
0 0.3707118055555555 0.4772222222222222 0.1852777777777778 0.13110532407407405
1 0.29704861111111114 0.444921875 0.15336805555555558 0.15044560185185177
0 0.21147569444444442 0.41657118055555553 0.18187499999999998 0.15987268518518521
1 0.11138020833333333 0.3893547453703704 0.1668923611111111 0.12119791666666657
1 0.49532118055555563 0.8329398148148147 0.14338541666666665 0.11894097222222229
1 0.390625 0.9268402777777778 0.1391319444444445 0.11101273148148146
1 0.3033854166666667 0.900787037037037 0.1511805555555556 0.10122685185185176
0 0.24118055555555556 0.892294560185185 0.1303993055555556 0.10763310185185163
0 0.15834201388888888 0.8640248842592593 0.14949652777777778 0.11600115740740727
0 0.09012152777777778 0.8412731481481481 0.15484375 0.13098379629629625
0 0.05039930555555555 0.8197569444444444 0.09814236111111112 0.11916087962962969
0 0.0557421875 0.6831394675925926 0.111484375 0.14193865740740746
0 0.11356770833333334 0.7097627314814815 0.16005208333333334 0.14284143518518527
0 0.19688368055555555 0.7360908564814814 0.14354166666666668 0.1400115740740741
0 0.2768576388888889 0.7584085648148149 0.14532986111111112 0.1275810185185186
0 0.3451822916666667 0.7788165509259259 0.14777777777777779 0.12999421296296293
0 0.4151736111111111 0.7969270833333334 0.1333333333333334 0.1209837962962963
0 0.951171875 0.7146325231481481 0.0411979166666665 0.10186921296296295
0 0.9251128472222223 0.7553211805555555 0.09151041666666657 0.14549189814814803
0 0.8882204861111112 0.810943287037037 0.15758680555555565 0.1575925925925926
0 0.8315364583333335 0.8542447916666667 0.1707118055555555 0.13691550925925924
0 0.7720312500000001 0.8994184027777777 0.17659722222222207 0.14645254629629606
0 0.7161371527777778 0.9337471064814814 0.1515104166666667 0.12620370370370396