1 0.20269097222222224 0.6795920138888889 0.2613715277777778 0.1716145833333332
1 0.3996701388888889 0.6484635416666666 0.17184027777777774 0.25192708333333336
1 0.6653645833333334 0.5515711805555557 0.12015625000000014 0.17392361111111115
1 0.6199739583333332 0.44749999999999995 0.1617881944444445 0.08055555555555571
1 0.6217447916666667 0.29743055555555553 0.06899305555555557 0.0842361111111111
1 0.5507899305555555 0.30561631944444445 0.07512152777777778 0.07904513888888882
1 0.4686631944444445 0.32386284722222225 0.0867881944444445 0.07722222222222222
1 0.1932465277777778 0.4183680555555555 0.09319444444444444 0.11965277777777779
1 0.126171875 0.35751736111111115 0.05876736111111112 0.08065972222222229
0 0.05723524305555555 0.4102864583333333 0.1144704861111111 0.11842013888888889
0 0.23152777777777778 0.5432378472222222 0.22954861111111108 0.14444444444444446
0 0.395078125 0.5031944444444445 0.18484375000000003 0.13465277777777765
0 0.5144791666666666 0.443984375 0.18406249999999993 0.13461805555555556
0 0.7551822916666666 0.48635416666666664 0.09625000000000003 0.15178819444444436
0 0.5442621527777778 0.5817708333333333 0.11272569444444436 0.22588541666666656
0 0.8360069444444445 0.4387239583333334 0.10777777777777767 0.14371527777777776
0 0.8828906249999999 0.40522569444444445 0.077621527777778 0.12130208333333332
0 0.9672829861111112 0.37300347222222224 0.04515625000000014 0.10034722222222214
1 0.9452256944444443 0.3978298611111111 0.06097222222222243 0.1096354166666667
1 0.6781597222222222 0.39808159722222225 0.11611111111111114 0.062135416666666644
0 0.7657291666666666 0.34605902777777775 0.13576388888888893 0.06847222222222218
0 0.9261111111111111 0.290234375 0.093888888888889 0.0806597222222222
0 0.8304427083333333 0.23163194444444443 0.04366319444444429 0.10340277777777782
0 0.7378645833333334 0.24511284722222224 0.049843749999999964 0.10055555555555555
0 0.6833854166666666 0.2684982638888889 0.06269097222222228 0.11673611111111111
1 0.9018750000000001 0.34272569444444445 0.08404513888888872 0.05914930555555555
1 0.197421875 0.3360503472222222 0.11866319444444447 0.0716145833333333
1 0.3913975694444445 0.28171875 0.10600694444444443 0.06402777777777775
1 0.2987413194444445 0.2987152777777778 0.12185763888888897 0.07487847222222221
0 0.37848090277777774 0.3175086805555556 0.09925347222222225 0.14645833333333336
0 0.29436631944444447 0.35482638888888884 0.08477430555555551 0.1270833333333333
1 0.46586805555555555 0.27368923611111107 0.09984374999999997 0.06765624999999993
1 0.5320399305555557 0.25199652777777776 0.10413194444444436 0.04989583333333334
1 0.6042534722222221 0.23995659722222223 0.10737847222222215 0.05550347222222225
0 0.656076388888889 0.21293402777777776 0.11012152777777792 0.07357638888888891
1 0.7860677083333334 0.2402170138888889 0.053715277777777716 0.06404513888888896
1 0.8657638888888888 0.24336805555555557 0.04111111111111114 0.058802083333333324
1 0.05111979166666667 0.2685503472222222 0.09866319444444445 0.04965277777777786
1 0.07664062499999999 0.2286284722222222 0.10876736111111111 0.04776041666666666
1 0.14919270833333334 0.254140625 0.07388888888888889 0.05869791666666666
1 0.1613541666666667 0.21714409722222222 0.09539930555555554 0.04326388888888886
1 0.2345833333333333 0.1945920138888889 0.08828125 0.03904513888888887
1 0.2986284722222222 0.180625 0.10564236111111107 0.0476215277777778
1 0.3554861111111111 0.1733767361111111 0.0946006944444445 0.042447916666666696
1 0.42112847222222227 0.15791666666666665 0.08989583333333329 0.04145833333333333
1 0.6778472222222222 0.1658072916666667 0.047239583333333356 0.053611111111111144
1 0.6340451388888889 0.16620659722222225 0.045364583333333285 0.03947916666666664
1 0.5905555555555555 0.1701388888888889 0.049253472222222074 0.0388715277777778
1 0.5442274305555556 0.17863715277777778 0.05734375000000007 0.051718750000000036
1 0.48763888888888884 0.19137152777777777 0.06305555555555564 0.06289930555555556
1 0.42888020833333335 0.1961892361111111 0.0761111111111111 0.05333333333333332
1 0.3626128472222222 0.20458333333333334 0.0642013888888889 0.044218750000000015
1 0.2973263888888889 0.22162326388888892 0.08067708333333332 0.04807291666666667
1 0.22138888888888886 0.24288194444444447 0.07180555555555553 0.0703125