0 0.857421875 0.46484375 0.1078125 0.24296875
0 0.953515625 0.659765625 0.092578125 0.294921875
1 0.798828125 0.525390625 0.137109375 0.28125
1 0.92109375 0.755859375 0.125390625 0.27578125
0 0.7640625 0.619921875 0.123828125 0.239453125
0 0.862890625 0.808984375 0.141796875 0.272265625
0 0.703515625 0.67109375 0.1328125 0.265625
0 0.666015625 0.74453125 0.143359375 0.246484375
1 0.608203125 0.80234375 0.151953125 0.272265625
0 0.546484375 0.874609375 0.13125 0.249609375
0 0.810546875 0.8875 0.143359375 0.225
0 0.691015625 0.126953125 0.1015625 0.188671875
0 0.737109375 0.080078125 0.09453125 0.16015625
0 0.64296875 0.20546875 0.100390625 0.1921875
0 0.608984375 0.27109375 0.091796875 0.188671875
0 0.568359375 0.34296875 0.1046875 0.21796875
0 0.53828125 0.407421875 0.103125 0.223828125
1 0.491796875 0.45703125 0.095703125 0.2203125
1 0.449609375 0.512890625 0.109375 0.1921875
0 0.40859375 0.5734375 0.10625 0.223828125
0 0.358203125 0.6328125 0.097265625 0.201171875
0 0.3296875 0.67734375 0.119140625 0.239453125
1 0.284765625 0.746484375 0.115234375 0.21796875
1 0.232421875 0.815234375 0.095703125 0.201171875
1 0.193359375 0.87734375 0.094140625 0.198828125
1 0.15 0.914453125 0.0921875 0.17109375
1 0.04140625 0.859765625 0.067578125 0.25859375
1 0.081640625 0.80234375 0.060546875 0.25859375
0 0.123046875 0.74296875 0.063671875 0.249609375
0 0.16015625 0.6921875 0.072265625 0.21796875
0 0.192578125 0.637890625 0.069140625 0.24296875
0 0.2390625 0.575 0.073828125 0.233984375
0 0.35390625 0.415234375 0.062109375 0.226953125
0 0.387890625 0.362109375 0.05625 0.211328125
1 0.426171875 0.305078125 0.053125 0.24296875
1 0.470703125 0.236328125 0.091796875 0.226953125
1 0.4984375 0.191015625 0.0765625 0.201171875
1 0.544140625 0.125390625 0.0796875 0.2046875
1 0.583984375 0.08359375 0.0828125 0.1671875
0 0.16015625 0.34296875 0.08125 0.1796875
1 0.125390625 0.386328125 0.0828125 0.16953125
1 0.089453125 0.437890625 0.057421875 0.21484375
1 0.05390625 0.4859375 0.069140625 0.239453125
1 0.023828125 0.53203125 0.044140625 0.198828125