0 0.821875 0.89140625 0.147265625 0.2109375
0 0.69609375 0.877734375 0.144140625 0.24453125
0 0.566796875 0.875390625 0.135546875 0.24921875
0 0.452734375 0.864453125 0.133203125 0.25234375
0 0.337890625 0.8609375 0.147265625 0.25546875
0 0.2203125 0.835546875 0.158203125 0.279296875
0 0.1203125 0.814453125 0.163671875 0.279296875
0 0.06171875 0.8015625 0.1234375 0.3
0 0.838671875 0.476953125 0.093359375 0.166796875
0 0.748828125 0.481640625 0.105078125 0.16171875
0 0.659375 0.479296875 0.11484375 0.166796875
0 0.587890625 0.470703125 0.113671875 0.15390625
0 0.500390625 0.469140625 0.119140625 0.14921875
0 0.41875 0.46015625 0.102734375 0.14453125
0 0.346875 0.453125 0.094140625 0.13984375
0 0.282421875 0.4484375 0.110546875 0.13828125
1 0.207421875 0.4515625 0.105078125 0.131640625
0 0.154296875 0.44296875 0.122265625 0.13984375
0 0.078125 0.434765625 0.10625 0.13828125
0 0.843359375 0.31171875 0.073828125 0.13828125
0 0.85703125 0.168359375 0.05859375 0.09375
0 0.798046875 0.162890625 0.05625 0.1
0 0.741015625 0.171484375 0.060546875 0.0953125
0 0.6875 0.176953125 0.05625 0.1015625
0 0.6328125 0.176953125 0.05 0.10625
0 0.57578125 0.180078125 0.06953125 0.0953125
0 0.526171875 0.176953125 0.0453125 0.0890625
0 0.479296875 0.180859375 0.053125 0.096875
0 0.430078125 0.183984375 0.054296875 0.090625
0 0.38203125 0.186328125 0.05 0.085546875
0 0.333203125 0.180078125 0.05625 0.090625
0 0.285546875 0.183984375 0.048828125 0.090625
0 0.241015625 0.182421875 0.048828125 0.0953125
0 0.2015625 0.177734375 0.0453125 0.1
0 0.159375 0.171484375 0.053125 0.1
0 0.771875 0.31171875 0.074609375 0.13828125
0 0.69453125 0.315234375 0.0703125 0.123828125
0 0.621875 0.318359375 0.07265625 0.117578125
0 0.550390625 0.323046875 0.0703125 0.117578125
0 0.49140625 0.318359375 0.073828125 0.117578125
0 0.428515625 0.321484375 0.08125 0.109375
0 0.366796875 0.317578125 0.078125 0.114453125
0 0.310546875 0.320703125 0.074609375 0.125390625
0 0.248828125 0.3109375 0.093359375 0.126953125
0 0.190234375 0.316796875 0.076953125 0.125390625
0 0.13828125 0.3109375 0.07265625 0.123828125
0 0.085546875 0.312890625 0.082421875 0.119140625
0 0.032421875 0.30859375 0.06171875 0.114453125
0 0.7125 0.1015625 0.06484375 0.06171875
0 0.662890625 0.1 0.051953125 0.065234375
0 0.613671875 0.0984375 0.05 0.06015625
0 0.566796875 0.10859375 0.05625 0.05546875
0 0.522265625 0.11015625 0.053125 0.06171875
0 0.481640625 0.10859375 0.051953125 0.065234375
0 0.43671875 0.114453125 0.05625 0.066796875
0 0.389453125 0.114453125 0.04765625 0.06171875
0 0.34921875 0.114453125 0.05 0.066796875
0 0.30859375 0.113671875 0.0640625 0.065234375
0 0.267578125 0.117578125 0.0453125 0.069921875
0 0.22265625 0.117578125 0.053125 0.065234375
0 0.277734375 0.0578125 0.0421875 0.06171875
0 0.322265625 0.04921875 0.048828125 0.071484375
0 0.35859375 0.0515625 0.04765625 0.066796875
0 0.391796875 0.04765625 0.0453125 0.066796875
0 0.42265625 0.0453125 0.048828125 0.06171875
0 0.4625 0.040625 0.0421875 0.06171875
0 0.50234375 0.040625 0.0453125 0.06171875
0 0.541015625 0.033203125 0.04453125 0.06015625
0 0.57734375 0.033984375 0.048828125 0.05859375
0 0.61640625 0.032421875 0.04453125 0.05390625
0 0.6515625 0.032421875 0.04765625 0.05390625
0 0.691796875 0.028515625 0.04765625 0.04765625
0 0.7328125 0.027734375 0.05 0.04921875
0 0.84296875 0.0390625 0.05 0.036328125
0 0.93125 0.034765625 0.057421875 0.05078125
0 0.977734375 0.04609375 0.040234375 0.04921875
0 0.891796875 0.024609375 0.05859375 0.04921875
0 0.799609375 0.025390625 0.043359375 0.05078125
0 0.02421875 0.17734375 0.0484375 0.028125
0 0.033203125 0.15703125 0.066015625 0.033203125
0 0.069921875 0.14296875 0.076953125 0.023828125
0 0.09921875 0.123046875 0.0640625 0.030078125
0 0.116015625 0.10625 0.0640625 0.030078125
0 0.152734375 0.0890625 0.053125 0.023828125