1 0.9205208333333333 0.6226880787037037 0.15895833333333337 0.15081597222222226
0 0.7402777777777778 0.5619155092592593 0.12671875000000005 0.1891724537037037
0 0.8897482638888888 0.4775144675925926 0.16651041666666658 0.11866319444444447
1 0.7270052083333333 0.42220775462962956 0.1462152777777778 0.08327546296296298
1 0.6062673611111111 0.46210069444444446 0.1039756944444445 0.14897569444444442
1 0.6113020833333334 0.3542939814814815 0.13190972222222222 0.07160879629629627
0 0.4984635416666666 0.3976880787037037 0.10737847222222215 0.1616377314814815
1 0.5008940972222222 0.29588252314814817 0.12621527777777786 0.06116898148148149
1 0.39592881944444447 0.3416059027777778 0.1000694444444445 0.11365740740740744
1 0.42697916666666663 0.2606076388888889 0.12604166666666675 0.05335648148148149
0 0.31372395833333333 0.3028501157407407 0.08668402777777776 0.10828125000000002
1 0.33545138888888887 0.22468171296296297 0.09913194444444447 0.036354166666666646
0 0.1412152777777778 0.6704108796296296 0.2529166666666666 0.1793287037037036
1 0.1440017361111111 0.866195023148148 0.24303819444444447 0.19130208333333334
1 0.2540364583333333 0.2742679398148148 0.06720486111111112 0.10961226851851853
1 0.205 0.23222800925925924 0.06649305555555556 0.07758101851851854
1 0.24519965277777778 0.1757841435185185 0.08673611111111112 0.04039351851851851
1 0.2911458333333333 0.20195023148148147 0.10012152777777779 0.045769675925925936
1 0.6541319444444444 0.2226273148148148 0.07659722222222225 0.1108796296296296
1 0.7296093750000001 0.2578211805555556 0.0735069444444445 0.1122800925925926
0 0.8305295138888888 0.2940422453703704 0.10260416666666679 0.12237268518518522
1 0.9227430555555556 0.34322916666666664 0.07199652777777779 0.1145428240740741
1 0.9705121527777777 0.3160474537037037 0.058975694444444574 0.06640046296296295
1 0.8998958333333335 0.2654166666666667 0.07138888888888886 0.05208333333333339
1 0.7971614583333334 0.2179484953703704 0.08022569444444443 0.06346643518518517
1 0.7155381944444444 0.1877662037037037 0.07536458333333336 0.05541087962962967
1 0.6455815972222222 0.15463252314814815 0.07973958333333328 0.041591435185185155
0 0.5734982638888889 0.16658275462962963 0.061302083333333354 0.08979745370370366
1 0.5069184027777778 0.16221354166666666 0.053750000000000145 0.0659953703703704
1 0.5043055555555556 0.11502893518518517 0.06331597222222207 0.03995949074074075
1 0.4454427083333333 0.14115451388888886 0.04835069444444447 0.06883680555555553
1 0.4554253472222222 0.09761863425925926 0.06479166666666672 0.03613425925925926
1 0.38983506944444446 0.12018229166666665 0.050295138888888855 0.05098958333333333
1 0.3988368055555555 0.08530092592592592 0.06779513888888893 0.030827546296296294
1 0.344921875 0.10530381944444445 0.04468750000000003 0.044456018518518506
1 0.3578125 0.0694386574074074 0.07262152777777775 0.03732060185185184
1 0.30245659722222223 0.09499131944444444 0.04024305555555552 0.05515046296296296
0 0.33205729166666664 0.05434895833333333 0.08684027777777778 0.04508101851851851
1 0.2643402777777778 0.08679976851851852 0.04156250000000004 0.04429398148148147
1 0.9384374999999998 0.1871585648148148 0.06258680555555571 0.07737847222222224
0 0.8613802083333333 0.15126446759259257 0.06656249999999986 0.08070601851851852
1 0.7949652777777778 0.13671875 0.05008680555555554 0.07673032407407407
0 0.7284027777777778 0.09793402777777778 0.05015624999999986 0.07985532407407407
1 0.6738628472222222 0.0898119212962963 0.048281250000000143 0.06571180555555559
1 0.6219444444444444 0.07646990740740742 0.050694444444444466 0.06895833333333334
1 0.5739670138888888 0.06448784722222221 0.05046874999999993 0.058802083333333345
1 0.5239843750000001 0.050263310185185185 0.043489583333333214 0.06078124999999999
1 0.47921006944444444 0.04163483796296296 0.04031249999999993 0.058275462962962966
1 0.4379166666666666 0.031261574074074074 0.035503472222222145 0.052563657407407406
0 0.929861111111111 0.11799189814814814 0.05538194444444429 0.0692013888888889
1 0.8204513888888888 0.06930555555555555 0.05486111111111107 0.045763888888888896
1 0.7627864583333333 0.061345486111111104 0.05034722222222214 0.05333333333333332
1 0.72 0.036579861111111105 0.04012152777777782 0.04968171296296296
1 0.6763368055555555 0.0258912037037037 0.048784722222222146 0.0517824074074074
1 0.6304774305555556 0.022041377314814814 0.036944444444444356 0.04408275462962963
0 0.5896006944444444 0.0064829282407407405 0.03675347222222225 0.012965856481481481
0 0.15178819444444444 0.19587962962962963 0.10008680555555553 0.07932291666666665