0 0.32448784722222224 0.16392071759259258 0.09964120370370369 0.2563425925925926
0 0.43466145833333336 0.1852025462962963 0.11149305555555547 0.2351157407407407
0 0.5350578703703703 0.20660011574074075 0.1168287037037036 0.2572337962962963
0 0.6368402777777777 0.20875578703703704 0.12280092592592595 0.24818287037037035
0 0.7388744212962963 0.20620370370370367 0.13686342592592596 0.24891203703703707
0 0.8236458333333333 0.22841145833333334 0.12224537037037031 0.22943287037037036
0 0.9091927083333333 0.22397569444444443 0.1336458333333333 0.24562500000000007
0 0.9558463541666666 0.26348958333333333 0.08830729166666665 0.23689236111111106
0 0.32392650462962963 0.5410908564814815 0.08912037037037042 0.16453124999999993
0 0.3945515046296296 0.5479918981481482 0.0780439814814815 0.15927662037037038
0 0.46021122685185184 0.5457609953703704 0.08000000000000007 0.1726388888888888
0 0.5358767361111111 0.5379253472222223 0.08725694444444443 0.15429398148148152
0 0.6065451388888888 0.5330873842592593 0.0842245370370371 0.15725694444444455
0 0.6679890046296296 0.5338136574074074 0.08569444444444443 0.15421296296296294
0 0.7255960648148149 0.5370862268518518 0.07624999999999993 0.15138310185185197
0 0.7863049768518519 0.5394155092592593 0.08266203703703709 0.15717592592592594
1 0.84453125 0.5371788194444445 0.07788194444444443 0.1538078703703704
0 0.8980034722222221 0.5461429398148148 0.09686342592592609 0.16259259259259268
0 0.9529571759259259 0.5522916666666667 0.09336805555555543 0.1499305555555555
0 0.3237037037037037 0.6788136574074074 0.06730324074074075 0.11269675925925923
0 0.3924565972222222 0.6885503472222222 0.07042824074074083 0.11285879629629622
0 0.45545138888888886 0.6888049768518518 0.05785879629629633 0.1098668981481481
0 0.5009230324074074 0.6786226851851852 0.06739583333333332 0.11582175925925924
0 0.5539438657407407 0.6723524305555555 0.06431712962962965 0.11722222222222226
0 0.6054253472222222 0.6669444444444445 0.07185185185185183 0.10825231481481482
0 0.663203125 0.6627748842592592 0.07192129629629633 0.1105960648148148
0 0.7116753472222223 0.6614351851851852 0.08122685185185183 0.10873842592592595
0 0.7601591435185184 0.6604861111111111 0.060821759259259166 0.10456018518518526
0 0.8041753472222222 0.6672019675925925 0.07355324074074084 0.11302083333333321
0 0.8522222222222222 0.6647106481481482 0.09087962962962948 0.1185995370370371
0 0.8934230324074074 0.668833912037037 0.06723379629629633 0.11035300925925924
0 0.9458709490740741 0.6696354166666667 0.07980324074074048 0.11334490740740737
0 0.9780005787037037 0.6576012731481481 0.04399884259259253 0.11734375000000004
0 0.3145428240740741 0.8185648148148148 0.05741898148148152 0.09502314814814809
0 0.3643923611111111 0.8108940972222222 0.05396990740740737 0.0839236111111112
0 0.4116927083333334 0.8096151620370371 0.054201388888888855 0.0917361111111112
0 0.4554774305555556 0.8085185185185185 0.06490740740740755 0.08449074074074084
0 0.5013512731481482 0.7987065972222223 0.05679398148148138 0.0739293981481481
0 0.5434693287037037 0.7941753472222223 0.05879629629629637 0.0888541666666665
0 0.5865075231481482 0.794291087962963 0.058981481481481524 0.09510416666666668
0 0.6303819444444445 0.7830179398148147 0.04877314814814824 0.06649305555555554
0 0.6678124999999999 0.7787297453703704 0.04748842592592588 0.07578703703703696
0 0.7099537037037037 0.7749797453703703 0.06178240740740737 0.08432870370370367
0 0.7490625 0.7745167824074073 0.05017361111111107 0.06110532407407412
0 0.790078125 0.7723900462962963 0.04748842592592588 0.07578703703703696
0 0.8298408564814814 0.767589699074074 0.04721064814814824 0.06641203703703695
0 0.8587471064814813 0.7660908564814815 0.04096064814814824 0.06608796296296297
0 0.8944097222222223 0.7681539351851852 0.04555555555555557 0.06320601851851855
0 0.4319936342592593 0.8609866898148149 0.04898148148148138 0.07352430555555571
0 0.47667534722222216 0.863755787037037 0.04741898148148138 0.07344328703703695
0 0.5170804398148148 0.8542274305555555 0.05865740740740755 0.08416666666666686
0 0.556328125 0.8584519675925926 0.05686342592592588 0.07627314814814809
0 0.5952054398148148 0.8501765046296296 0.048842592592592736 0.06883680555555571
0 0.6278674768518518 0.8433969907407409 0.04898148148148138 0.07352430555555571
0 0.6677112268518519 0.8413310185185185 0.05196759259259256 0.06899884259259252
0 0.7026012731481481 0.8305237268518517 0.04861111111111107 0.06102430555555571
0 0.7323929398148149 0.8324999999999999 0.04898148148148138 0.07352430555555563
0 0.7737297453703704 0.8280092592592592 0.06460648148148138 0.07433449074074057
0 0.8043489583333333 0.8315075231481481 0.048842592592592736 0.06883680555555571
0 0.8472714120370369 0.827717013888889 0.061273148148148236 0.06714120370370366
1 0.18245081018518516 0.9157870370370371 0.06922453703703706 0.07223379629629605
1 0.14367476851851851 0.9142766203703705 0.06899305555555557 0.06442129629629605
0 0.10754050925925926 0.9094994212962962 0.07064814814814815 0.0676273148148148
0 0.0698292824074074 0.8911111111111112 0.06752314814814815 0.067465277777778
0 0.20497395833333334 0.9365277777777777 0.0730439814814815 0.09583333333333358
0 0.2457378472222222 0.9391087962962963 0.05366898148148147 0.07376736111111129
0 0.290787037037037 0.9410763888888889 0.055486111111111125 0.08244212962962968
0 0.32966435185185183 0.9328009259259259 0.06603009259259256 0.06972800925925923
0 0.3615248842592592 0.9385821759259259 0.049143518518518545 0.07899305555555572
0 0.42336805555555557 0.9263773148148147 0.04905092592592588 0.07586805555555572
0 0.456802662037037 0.9324681712962963 0.03641203703703688 0.0705324074074074
0 0.4881770833333333 0.9218431712962964 0.048680555555555574 0.06336805555555572
0 0.5183709490740741 0.9241898148148149 0.044085648148148235 0.06625000000000014
0 0.5572366898148149 0.9155237268518519 0.04259259259259274 0.06851273148148138
0 0.5866927083333333 0.9061718750000001 0.04898148148148138 0.07352430555555571
0 0.6140827546296296 0.906316550925926 0.05359953703703706 0.07142361111111128
0 0.6492390046296296 0.9044936342592592 0.04063657407407408 0.05515046296296298
0 0.6764670138888889 0.8991695601851852 0.05180555555555557 0.06353009259259253
0 0.7020630787037037 0.8915827546296295 0.05033564814814824 0.06657407407407376
0 0.7342795138888889 0.896171875 0.042291666666666575 0.058356481481481384
0 0.7635416666666666 0.8934809027777778 0.045648148148148236 0.06633101851851855
0 0.7965133101851851 0.8839467592592593 0.04704861111111107 0.060943287037036956