1 0.734375 0.74765625 0.115234375 0.2078125
1 0.640234375 0.7609375 0.0734375 0.228515625
1 0.554296875 0.7640625 0.088671875 0.2375
0 0.46484375 0.7625 0.096875 0.225390625
0 0.3765625 0.7671875 0.0984375 0.240234375
1 0.28046875 0.765625 0.1234375 0.228515625
1 0.18125 0.78203125 0.1234375 0.243359375
0 0.0828125 0.77578125 0.1453125 0.231640625
1 0.6203125 0.569921875 0.069921875 0.1453125
1 0.5515625 0.57578125 0.0734375 0.13046875
0 0.475 0.583203125 0.081640625 0.13359375
1 0.396484375 0.57734375 0.081640625 0.154296875
1 0.31484375 0.580078125 0.081640625 0.1453125
1 0.23125 0.578515625 0.096875 0.16328125
0 0.153515625 0.580078125 0.1 0.166015625
1 0.066796875 0.580078125 0.093359375 0.1484375
0 0.5953125 0.372265625 0.066796875 0.098046875
1 0.533203125 0.37109375 0.056640625 0.07734375
1 0.47734375 0.37109375 0.05859375 0.0890625
1 0.422265625 0.376953125 0.06328125 0.10078125
0 0.36484375 0.36796875 0.055078125 0.10078125
0 0.303125 0.36796875 0.078515625 0.112890625
1 0.237109375 0.36484375 0.08515625 0.106640625
0 0.174609375 0.362109375 0.068359375 0.127734375
1 0.1109375 0.36640625 0.069921875 0.121484375
1 0.06015625 0.362109375 0.081640625 0.127734375