0 0.018113425925925925 0.7325434027777777 0.03622685185185185 0.13071180555555556
0 0.05300202546296297 0.7080815972222222 0.10600405092592594 0.13605324074074082
0 0.11154513888888888 0.694296875 0.10462962962962963 0.14903356481481467
0 0.18068576388888888 0.675228587962963 0.12236689814814819 0.14331597222222214
1 0.2405960648148148 0.6625347222222222 0.1271701388888889 0.12550925925925932
0 0.31090856481481477 0.6435011574074074 0.12644675925925936 0.12704861111111115
0 0.37430555555555556 0.6211342592592592 0.1184895833333334 0.1439814814814815
0 0.444140625 0.6044328703703703 0.12465277777777786 0.14182291666666663
0 0.4952112268518518 0.5770081018518518 0.11585648148148149 0.13609953703703698
0 0.560720486111111 0.5609606481481482 0.10949074074074083 0.13278935185185184
0 0.6253616898148148 0.5472337962962962 0.11414930555555554 0.13214699074074082
0 0.6913049768518519 0.5300260416666667 0.11964699074074084 0.13309027777777765
0 0.7447337962962963 0.5022800925925927 0.12254050925925916 0.14800347222222215
0 0.8150173611111111 0.49458622685185183 0.12146990740740753 0.14016782407407416
0 0.8684751157407409 0.47661747685185185 0.12074652777777786 0.141707175925926
0 0.9326388888888889 0.45466435185185183 0.10827546296296298 0.1421180555555555
0 0.28033854166666666 0.9304108796296295 0.10801504629629628 0.1350868055555555
0 0.3464265046296296 0.919855324074074 0.11163194444444446 0.1484606481481478
0 0.40603298611111105 0.9048061342592593 0.12870370370370376 0.14584490740740746
0 0.47498553240740743 0.8802575231481482 0.1258101851851851 0.1520023148148148
0 0.5356481481481481 0.8578096064814815 0.11947337962962976 0.14947337962962948
0 0.5972077546296296 0.8428182870370371 0.13310185185185192 0.13817129629629638
0 0.6595775462962964 0.8270688657407407 0.1257523148148149 0.1504398148148148
0 0.7237991898148148 0.8141116898148149 0.14704861111111106 0.15653356481481495
0 0.782103587962963 0.7814265046296296 0.1299768518518519 0.13807870370370362
0 0.8468605324074074 0.7645746527777778 0.1333043981481481 0.14364004629629612
0 0.9028501157407408 0.7415972222222222 0.11918402777777785 0.14166087962962964
0 0.8953703703703703 0.901316550925926 0.09270833333333357 0.16428819444444437
0 0.8447048611111111 0.9178038194444443 0.12679398148148166 0.15749421296296262
0 0.7793402777777778 0.9393113425925925 0.12242476851851851 0.12137731481481495
0 0.7297019675925925 0.9487905092592592 0.11472800925925916 0.10241898148148146
0 0.6523003472222222 0.9492997685185184 0.10211226851851851 0.10140046296296319
0 0.5865306712962963 0.9522453703703704 0.1002604166666666 0.09550925925925924
0 0.02868923611111111 0.5589236111111111 0.05737847222222222 0.1662847222222222
0 0.07146990740740741 0.5515480324074075 0.0982638888888889 0.16679398148148153
0 0.13862847222222224 0.533203125 0.10489004629629628 0.15606481481481485
0 0.20072337962962963 0.5248755787037037 0.09777199074074075 0.15351273148148153
0 0.263671875 0.5146180555555555 0.11938657407407405 0.1682002314814815
0 0.33263888888888893 0.48967881944444447 0.10295138888888893 0.14586226851851852
0 0.3921296296296296 0.4671961805555555 0.10483217592592595 0.15450231481481486
0 0.4517216435185185 0.4314207175925926 0.10850694444444446 0.1483680555555555
0 0.5142216435185185 0.4227141203703703 0.11958912037037042 0.15259837962962966
1 0.572048611111111 0.41347800925925926 0.11692708333333321 0.14393518518518517
0 0.6376736111111111 0.4048640046296296 0.11814236111111107 0.1346064814814815
0 0.6908130787037037 0.37437210648148145 0.10269097222222215 0.1388310185185185
0 0.7538773148148149 0.36098958333333336 0.1083043981481481 0.12182870370370366
0 0.8222366898148149 0.3418981481481481 0.10347222222222215 0.11778356481481475
0 0.8810908564814814 0.3154861111111111 0.10931712962962976 0.12810185185185183
0 0.939626736111111 0.2976678240740741 0.1051793981481481 0.12173611111111118
0 0.9696614583333332 0.2786140046296296 0.04684606481481453 0.12703125
0 0.0447337962962963 0.2809288194444445 0.08712384259259259 0.13993055555555553
0 0.09534143518518519 0.26600405092592594 0.11909722222222223 0.13931712962962967
0 0.15562789351851852 0.2431539351851852 0.11631944444444446 0.12752893518518515
0 0.22126736111111112 0.22359085648148147 0.10558449074074075 0.1326736111111111
0 0.28829571759259254 0.21932002314814816 0.11614583333333339 0.12284143518518516
0 0.3485677083333333 0.1968605324074074 0.11053240740740744 0.11877314814814817
0 0.41090856481481486 0.18189236111111112 0.12103587962962972 0.12844907407407408
0 0.4728877314814815 0.16613136574074075 0.1122106481481481 0.12194444444444441
0 0.5350694444444445 0.14490162037037035 0.11414930555555554 0.13214699074074074
0 0.5943721064814815 0.12749710648148146 0.11736111111111107 0.13458333333333333
0 0.657740162037037 0.1164699074074074 0.12754629629629619 0.13566550925925927
0 0.7085358796296296 0.09646701388888888 0.12245370370370381 0.12458912037037037
0 0.7775028935185185 0.09264467592592593 0.10428240740740727 0.09751736111111112
0 0.1 0.11910590277777777 0.12598379629629627 0.13561921296296298
0 0.16540798611111113 0.09523437500000001 0.13347800925925926 0.1483275462962963
1 0.23342013888888888 0.07495949074074074 0.134375 0.13040509259259261
0 0.2957320601851852 0.07133101851851852 0.12416087962962959 0.12854166666666667
1 0.35616319444444444 0.06569155092592592 0.12204861111111107 0.11365162037037038
0 0.4224247685185185 0.05044849537037037 0.09421296296296297 0.07848958333333333
0 0.492578125 0.04627025462962962 0.07890625 0.06554976851851853
1 0.06537905092592593 0.13528645833333333 0.0839699074074074 0.11798611111111112