0 0.6451128472222222 0.1701302083333333 0.3949131944444444 0.3402604166666666
0 0.48025173611111105 0.24676215277777783 0.35782986111111115 0.38470486111111113
0 0.370703125 0.33578125000000003 0.28578125 0.30743055555555554
0 0.3021614583333333 0.4492013888888889 0.2611284722222223 0.24395833333333333
0 0.26061631944444447 0.5183680555555555 0.19319444444444445 0.1715451388888889
1 0.1828125 0.5907118055555556 0.20185763888888886 0.17348958333333328
1 0.13229166666666664 0.6340538194444445 0.18460069444444444 0.1711631944444445
1 0.11967013888888889 0.6847135416666668 0.12171875000000001 0.12470486111111115
1 0.8123437499999999 0.3126302083333333 0.2504687499999999 0.2146354166666667
1 0.6985329861111111 0.4026215277777778 0.22743055555555536 0.2050347222222222
1 0.6030642361111112 0.47379340277777776 0.21767361111111114 0.19602430555555556
1 0.5140277777777778 0.5223697916666666 0.19258680555555543 0.17541666666666664
1 0.4373003472222223 0.56609375 0.1943055555555556 0.1614583333333332
1 0.37765624999999997 0.6067100694444445 0.2101041666666667 0.16605902777777787
1 0.3293663194444444 0.6386024305555555 0.24107638888888888 0.16119791666666677
1 0.26907118055555557 0.6733767361111112 0.19307291666666665 0.15126736111111114
1 0.21756076388888887 0.7120659722222222 0.17204861111111108 0.1168055555555556
1 0.1797135416666667 0.7411458333333334 0.16571180555555554 0.09703124999999986
1 0.15013020833333335 0.762421875 0.12809027777777776 0.07508680555555554
1 0.14223090277777778 0.7784288194444444 0.11371527777777776 0.06743055555555558
1 0.9494921875 0.47750868055555556 0.10101562500000014 0.12236111111111114
0 0.8802256944444444 0.5366232638888888 0.1577256944444443 0.12786458333333323
0 0.8022395833333335 0.5784461805555555 0.14668402777777773 0.12503472222222206
0 0.7208159722222222 0.6133767361111111 0.14208333333333342 0.1443229166666667
0 0.6412934027777778 0.6294357638888888 0.117326388888889 0.11359375000000008
0 0.6036197916666667 0.6624218749999999 0.12980902777777778 0.09621527777777779
0 0.5516753472222222 0.6913454861111111 0.10439236111111114 0.08572916666666668
0 0.4975954861111111 0.7250607638888888 0.10473958333333329 0.09354166666666668
0 0.4518402777777778 0.7435329861111111 0.11326388888888883 0.09236111111111107
0 0.4093663194444444 0.7653819444444444 0.11449652777777782 0.1025520833333335
1 0.3751215277777778 0.7786458333333334 0.09977430555555547 0.08708333333333336
0 0.34252604166666667 0.7937934027777778 0.10656249999999998 0.08192708333333325
0 0.3011024305555555 0.8128559027777778 0.08940972222222224 0.08194444444444464
0 0.2657378472222222 0.82734375 0.0921875 0.07427083333333329
0 0.23213541666666665 0.8374479166666667 0.09430555555555556 0.08684027777777778
0 0.2148263888888889 0.8530902777777778 0.09163194444444445 0.09685763888888879
0 0.18631076388888887 0.8719704861111112 0.09479166666666669 0.09777777777777778
0 0.16543402777777777 0.8865972222222223 0.09380208333333333 0.09305555555555571