1 0.7351504629629629 0.8171875 0.10983796296296297 0.2265625
1 0.656634837962963 0.8171875 0.07888888888888897 0.23671875
1 0.5838975694444445 0.814453125 0.09108796296296298 0.2265625
0 0.5037065972222223 0.823828125 0.09115740740740748 0.22890625
0 0.42437500000000006 0.82265625 0.08615162037037041 0.24453125
0 0.3430787037037037 0.82109375 0.10374999999999997 0.23203125
0 0.2631712962962963 0.813671875 0.10046296296296298 0.2265625
0 0.17985532407407406 0.823046875 0.10023148148148149 0.21875
1 0.09934895833333333 0.80859375 0.09188078703703703 0.17421875
1 0.48042534722222213 0.275390625 0.12544560185185177 0.3578125
1 0.07816840277777778 0.3046875 0.1109201388888889 0.3421875
0 0.18115740740740743 0.31328125 0.10824074074074072 0.38359375
0 0.2820023148148148 0.2890625 0.12303240740740744 0.35546875
0 0.38991608796296295 0.279296875 0.1061400462962963 0.3390625