1 0.6923090277777778 0.21017361111111113 0.14963541666666663 0.22342013888888887
1 0.5974739583333333 0.21032986111111113 0.1112673611111111 0.23817708333333334
1 0.5115972222222223 0.21965277777777778 0.12815972222222224 0.2494791666666666
0 0.42236979166666666 0.2341232638888889 0.13388888888888886 0.2378993055555556
0 0.3338107638888889 0.24233506944444444 0.13848958333333333 0.2536111111111111
1 0.23790798611111114 0.25773437499999996 0.1607638888888889 0.24552083333333333
1 0.13770833333333332 0.2556684027777778 0.1637326388888889 0.2596354166666666
0 0.06573784722222223 0.27541666666666664 0.13147569444444446 0.2507291666666667
1 0.5924479166666666 0.40243923611111115 0.09430555555555564 0.1550694444444444
1 0.523203125 0.4063194444444445 0.09520833333333342 0.1402604166666667
0 0.4465538194444444 0.40997395833333333 0.1039756944444445 0.14435763888888892
1 0.368515625 0.4273177083333334 0.10725694444444445 0.16550347222222223
1 0.28695312500000003 0.43615451388888893 0.1052777777777778 0.15609374999999998
1 0.20361979166666666 0.44971354166666666 0.12414930555555559 0.17680555555555558
0 0.12591145833333334 0.45963541666666663 0.12741319444444446 0.18000000000000002
1 0.049053819444444445 0.47210069444444447 0.09810763888888889 0.16105902777777778
0 0.5828125 0.6016753472222222 0.0828125 0.10720486111111108
1 0.5211024305555556 0.6116319444444445 0.06934027777777771 0.08505208333333343
1 0.46532118055555555 0.6198958333333333 0.07298611111111111 0.09684027777777775
1 0.4098177083333333 0.6219097222222223 0.07979166666666662 0.10947916666666657
0 0.35324652777777776 0.6391666666666667 0.0719444444444445 0.1085243055555555
0 0.2915885416666667 0.6479513888888888 0.09682291666666672 0.12390624999999993
1 0.22586805555555553 0.6603385416666667 0.10282986111111111 0.11857638888888893
0 0.16368055555555555 0.6722569444444444 0.08960069444444443 0.13701388888888885
1 0.09985243055555555 0.6771874999999999 0.09010416666666665 0.13078125000000007
1 0.0504296875 0.6888454861111111 0.100859375 0.13887152777777773