0 0.05625 0.601171875 0.112109375 0.285546875
0 0.16484375 0.539453125 0.21875 0.214453125
0 0.314453125 0.45625 0.175390625 0.229296875
0 0.43671875 0.398046875 0.168359375 0.2
0 0.51328125 0.348046875 0.170703125 0.1625
0 0.57890625 0.305078125 0.175390625 0.141796875
0 0.653125 0.276953125 0.15078125 0.114453125
0 0.70625 0.248046875 0.153125 0.1
1 0.754296875 0.21875 0.11328125 0.09375
0 0.783203125 0.19375 0.1390625 0.08125
0 0.824609375 0.173046875 0.1390625 0.08125
0 0.856640625 0.15625 0.144921875 0.089453125
0 0.8765625 0.1375 0.14609375 0.09375
0 0.907421875 0.123828125 0.142578125 0.083203125
0 0.825 0.823828125 0.349609375 0.35
0 0.858984375 0.626171875 0.28203125 0.258203125
0 0.8953125 0.525 0.209375 0.191796875