1 0.41171875 0.85859375 0.1796875 0.155078125
1 0.2265625 0.851953125 0.1921875 0.13046875
1 0.24921875 0.72421875 0.18671875 0.12109375
1 0.76484375 0.8625 0.20390625 0.168359375
1 0.74453125 0.72109375 0.18359375 0.127734375
1 0.724609375 0.608203125 0.162109375 0.1015625
1 0.710546875 0.515625 0.166015625 0.078125
1 0.68671875 0.29921875 0.13671875 0.061328125
1 0.680078125 0.2390625 0.13671875 0.061328125
1 0.67421875 0.1890625 0.123046875 0.05078125
1 0.46875 0.201953125 0.11640625 0.0546875
1 0.470703125 0.25625 0.119140625 0.049609375
1 0.3625 0.203515625 0.103515625 0.049609375
0 0.351171875 0.258984375 0.10078125 0.06640625
0 0.46875 0.31171875 0.119140625 0.06640625
0 0.4609375 0.3734375 0.138671875 0.0703125
0 0.459375 0.44453125 0.119140625 0.080859375
0 0.446875 0.528515625 0.1484375 0.0953125
0 0.4296875 0.7171875 0.162109375 0.10703125
1 0.439453125 0.616015625 0.17890625 0.0953125
1 0.343359375 0.3109375 0.11015625 0.0640625
1 0.05546875 0.53359375 0.1109375 0.1015625
1 0.066015625 0.453125 0.13203125 0.076953125
1 0.0953125 0.3859375 0.128125 0.057421875
0 0.111328125 0.319921875 0.128125 0.057421875
0 0.13046875 0.2640625 0.11796875 0.0546875
0 0.14140625 0.215625 0.11796875 0.044140625
0 0.164453125 0.1703125 0.103515625 0.05078125
0 0.27578125 0.616015625 0.1453125 0.100390625
0 0.2921875 0.515625 0.1515625 0.08359375
0 0.3125 0.439453125 0.138671875 0.08359375
0 0.32578125 0.365234375 0.119140625 0.061328125
0 0.031640625 0.62265625 0.06328125 0.104296875