1 0.8297135416666667 0.6512037037037037 0.14375 0.1894444444444444
0 0.7124218750000001 0.6510300925925925 0.12552083333333322 0.19697916666666657
1 0.5789583333333332 0.670558449074074 0.14031249999999992 0.17300347222222215
0 0.45710937500000004 0.6624971064814815 0.15229166666666671 0.1770833333333332
1 0.3375520833333333 0.6787123842592593 0.14802083333333335 0.1832638888888889
1 0.214921875 0.6823697916666667 0.16911458333333335 0.19528356481481488
1 0.08748697916666667 0.6835850694444445 0.17497395833333335 0.1930787037037037
0 0.07096354166666666 0.5308709490740741 0.11223958333333332 0.13824652777777774
0 0.16856770833333332 0.5330989583333333 0.1307291666666667 0.12291087962962965
0 0.27520833333333333 0.5288136574074074 0.1356770833333334 0.12688657407407397
1 0.36916666666666664 0.5270775462962962 0.1450520833333334 0.12702546296296297
0 0.466640625 0.5136631944444444 0.13218749999999985 0.13307870370370373
0 0.5528906250000001 0.5043836805555555 0.11223958333333321 0.13824652777777774
1 0.6479166666666666 0.5100925925925927 0.14520833333333344 0.12936921296296297
0 0.7548697916666667 0.4952546296296296 0.13276041666666671 0.14167245370370374
0 0.8668489583333333 0.5105989583333332 0.15812500000000007 0.15921875000000013
0 0.21002604166666666 0.3863020833333334 0.09520833333333334 0.09350694444444443
0 0.28153645833333335 0.38110532407407405 0.08088541666666664 0.08939236111111111
0 0.350390625 0.38056134259259256 0.07442708333333332 0.08617476851851862
0 0.415390625 0.37917824074074075 0.06869791666666666 0.08218749999999994
0 0.47216145833333334 0.3780642361111111 0.07755208333333333 0.07451388888888885
1 0.5366145833333333 0.37901909722222216 0.08093749999999993 0.07846643518518519
0 0.5961458333333334 0.3716898148148148 0.07442708333333332 0.08617476851851853
0 0.6554166666666668 0.3799971064814815 0.08249999999999993 0.07848958333333336
1 0.7251041666666667 0.37868344907407403 0.08067708333333332 0.07456018518518519
0 0.7825 0.3623292824074074 0.08838541666666674 0.08482060185185195
1 0.8513020833333332 0.36843171296296295 0.09791666666666643 0.08730324074074076
0 0.9148697916666666 0.3592071759259259 0.11317708333333343 0.10548032407407408