0 0.336328125 0.27109375 0.15859375 0.115625
0 0.319921875 0.395703125 0.17109375 0.13984375
0 0.310546875 0.514453125 0.175 0.151171875
0 0.294921875 0.641015625 0.180078125 0.16015625
0 0.27734375 0.76796875 0.16875 0.14453125
1 0.267578125 0.908984375 0.17890625 0.16015625
0 0.58203125 0.304296875 0.169921875 0.1
0 0.576953125 0.41015625 0.1625 0.1109375
0 0.565625 0.5390625 0.163671875 0.13984375
0 0.55625 0.803515625 0.180078125 0.119921875
0 0.55625 0.935546875 0.17734375 0.122265625
0 0.72265625 0.943359375 0.1625 0.11328125
0 0.73515625 0.803515625 0.17890625 0.135546875
0 0.733203125 0.669921875 0.17734375 0.11796875
0 0.73828125 0.537890625 0.17265625 0.104296875
1 0.73671875 0.433203125 0.157421875 0.1109375
1 0.558203125 0.662109375 0.17890625 0.133203125
1 0.742578125 0.316796875 0.161328125 0.106640625