1 0.5437442129629629 0.8922627314814815 0.19138310185185184 0.1685995370370371
1 0.7294791666666667 0.8934693287037037 0.20244791666666656 0.1451215277777777
1 0.712025462962963 0.7646440972222222 0.19642361111111128 0.13542245370370373
1 0.19001736111111112 0.8814930555555556 0.2172164351851852 0.18414351851851835
1 0.21638888888888888 0.7407609953703703 0.19371527777777778 0.1422685185185184
1 0.24107060185185186 0.6285445601851851 0.17026620370370366 0.11440972222222215
1 0.2590798611111111 0.5363165509259259 0.17200231481481482 0.09115740740740748
1 0.29184895833333335 0.32070023148148147 0.1412962962962963 0.07221064814814815
1 0.3008825231481481 0.26086805555555553 0.1412962962962963 0.07221064814814815
1 0.3089236111111111 0.2111689814814815 0.12736689814814817 0.06048611111111111
1 0.5142274305555555 0.23274305555555555 0.12056712962962965 0.06397569444444447
1 0.509837962962963 0.2869704861111111 0.1233680555555555 0.05869212962962962
1 0.6205005787037037 0.23864872685185184 0.1077430555555555 0.05776620370370367
0 0.6293460648148148 0.29444444444444445 0.10559027777777778 0.07398726851851851
0 0.509675925925926 0.3426244212962963 0.12438657407407412 0.07587962962962962
0 0.5146354166666667 0.40446180555555555 0.1441493055555556 0.08094328703703706
0 0.5135474537037037 0.4757407407407407 0.1252199074074074 0.08994212962962962
0 0.5222424768518519 0.560535300925926 0.15578703703703703 0.10654513888888886
0 0.5317881944444445 0.7500434027777778 0.17059027777777783 0.11987847222222214
1 0.5260648148148148 0.6481770833333333 0.18630208333333337 0.10913194444444443
1 0.6348611111111111 0.3469068287037037 0.11482638888888878 0.07219907407407415
1 0.9129832175925927 0.581730324074074 0.117829861111111 0.10974537037037031
1 0.9067910879629629 0.5010040509259259 0.1382696759259261 0.08682291666666657
1 0.8802806712962962 0.43240162037037033 0.13242476851851848 0.06701388888888889
0 0.8669820601851852 0.36575810185185187 0.13242476851851848 0.06701388888888893
0 0.8499565972222222 0.30908564814814815 0.12212962962962956 0.06406828703703704
0 0.8411082175925925 0.25995370370370374 0.12148148148148152 0.053130787037036956
0 0.8199421296296296 0.21361979166666667 0.10778935185185183 0.058547453703703664
0 0.6898987268518518 0.6551417824074074 0.15298611111111118 0.11182870370370371
0 0.6778559027777777 0.5540769675925926 0.15821759259259255 0.09501157407407401
0 0.6604716435185185 0.47699942129629636 0.14493634259259275 0.09422453703703688
0 0.6504166666666666 0.4019241898148148 0.12406249999999996 0.07041087962962962
0 0.9323379629629629 0.6718605324074074 0.06875 0.1091724537037038