1 0.8552719907407408 0.7002199074074074 0.18998842592592596 0.17907986111111107
0 0.691623263888889 0.6029803240740741 0.15452546296296282 0.20898148148148152
0 0.8563281249999999 0.5498987268518519 0.18170138888888882 0.1465856481481481
1 0.7132146990740742 0.4627604166666667 0.15615740740740733 0.10838541666666668
1 0.5869328703703705 0.47765914351851857 0.12577546296296305 0.16512731481481477
1 0.6181539351851851 0.37238425925925933 0.14033564814814808 0.09417824074074073
0 0.4988165509259259 0.39272569444444444 0.13144097222222229 0.17873263888888893
1 0.5260561342592592 0.2927604166666667 0.1331539351851852 0.08360532407407409
1 0.4140827546296296 0.31656828703703704 0.11667245370370374 0.13024305555555554
1 0.46356770833333333 0.24299479166666665 0.13146412037037028 0.07491898148148142
0 0.34425347222222225 0.26177372685185185 0.10250578703703708 0.12237847222222217
1 0.38435185185185183 0.18953703703703706 0.10226851851851855 0.05367476851851851
0 0.11315104166666667 0.5883912037037037 0.22630208333333335 0.2200925925925926
1 0.0887326388888889 0.7803819444444444 0.1774652777777778 0.22829861111111108
1 0.2941087962962963 0.22181423611111112 0.0837442129629629 0.12048611111111115
1 0.2570109953703704 0.17054398148148148 0.07703124999999993 0.08886574074074076
1 0.3092332175925926 0.12295717592592595 0.09058449074074079 0.05532407407407406
1 0.3473495370370371 0.15816550925925926 0.10475115740740737 0.06318865740740742
1 0.6917592592592593 0.251328125 0.09314236111111107 0.1226041666666667
1 0.7554195601851852 0.3010243055555556 0.09081018518518533 0.12324652777777771
0 0.8439641203703705 0.3570515046296296 0.11992476851851848 0.1390219907407408
1 0.9206336805555555 0.4243200231481481 0.08929398148148167 0.1262789351851851
1 0.9661545138888888 0.4075723379629629 0.05498263888888886 0.07585069444444445
1 0.9175462962962962 0.3429340277777778 0.07822337962962962 0.06395833333333334
1 0.8303414351851852 0.2755092592592593 0.08856481481481486 0.07706018518518513
1 0.7588223379629631 0.22940104166666667 0.08218749999999986 0.06809606481481482
1 0.6998090277777778 0.18216145833333333 0.08433449074074062 0.05495370370370369
0 0.6276417824074074 0.17980324074074075 0.07484953703703709 0.09966435185185185
1 0.5646788194444444 0.16206886574074075 0.06355324074074069 0.07479745370370372
1 0.5735706018518518 0.11509837962962963 0.06788194444444447 0.050856481481481496
1 0.5105295138888889 0.1289814814814815 0.05888888888888886 0.07608217592592591
1 0.5306510416666667 0.08798032407407408 0.06861689814814813 0.04777777777777779
1 0.46221643518518524 0.09710937500000001 0.05707175925925938 0.058802083333333324
1 0.47948206018518513 0.06447337962962964 0.0708912037037038 0.04322916666666667
1 0.42276041666666664 0.0732986111111111 0.050729166666666714 0.052181712962962964
1 0.44353587962962965 0.04084490740740741 0.0764525462962963 0.04980324074074074
1 0.38401041666666663 0.05451967592592592 0.048535879629629616 0.06219907407407408
0 0.42236979166666666 0.025342881944444444 0.09221643518518512 0.05068576388888889
1 0.3495052083333333 0.039001736111111115 0.04759259259259263 0.051215277777777776
1 0.9661921296296295 0.27331307870370375 0.05905092592592567 0.087019675925926
0 0.9084027777777777 0.22248842592592594 0.07785879629629626 0.092037037037037
1 0.8479282407407407 0.19484953703703703 0.06135995370370395 0.08481481481481482
0 0.7932754629629629 0.14305844907407408 0.06218749999999993 0.0879861111111111
1 0.7428182870370371 0.12419270833333333 0.058072916666666786 0.07369212962962961
1 0.6959461805555556 0.10043113425925927 0.06124421296296294 0.07700231481481482
1 0.6529398148148149 0.07917245370370371 0.05876157407407412 0.06748842592592592
1 0.6084172453703703 0.05488136574074074 0.0525231481481482 0.06789930555555554
1 0.5673061342592594 0.03741319444444445 0.04935185185185169 0.06458912037037037
1 0.5301128472222223 0.023958333333333335 0.04300925925925938 0.04791666666666667
0 0.9730815972222222 0.2034346064814815 0.04719328703703703 0.0769502314814815
1 0.8890364583333333 0.13348090277777777 0.06090856481481488 0.05434606481481481
1 0.8354658564814816 0.11401909722222223 0.05789930555555571 0.06197337962962961
1 0.8004398148148149 0.0809693287037037 0.047673611111111215 0.05668402777777777
1 0.7613165509259259 0.061041666666666675 0.056325231481481455 0.061099537037037036
1 0.7182002314814815 0.04720486111111112 0.04372106481481488 0.0533275462962963
0 0.685150462962963 0.017398726851851853 0.042031249999999964 0.034797453703703705
0 0.21438657407407408 0.12350405092592594 0.10991319444444443 0.09549768518518517