1 0.5435966435185186 0.7428096064814815 0.132650462962963 0.26527777777777783
1 0.1149537037037037 0.5969618055555556 0.12781828703703707 0.2495081018518519
1 0.06191261574074074 0.5721064814814815 0.12382523148148147 0.28637152777777786
0 0.18569444444444444 0.6187644675925925 0.12450810185185186 0.24626736111111108
0 0.256958912037037 0.6515480324074074 0.11624999999999999 0.27792245370370383
0 0.32296874999999997 0.6673032407407408 0.12475115740740747 0.27667824074074066
0 0.3957494212962963 0.700925925925926 0.13463541666666662 0.285619212962963
0 0.4713859953703704 0.719386574074074 0.1258506944444445 0.26892361111111107
0 0.6218258101851852 0.7703703703703704 0.14231481481481473 0.2968171296296296
0 0.7044849537037037 0.809056712962963 0.14704861111111106 0.29777199074074084
0 0.784765625 0.8218171296296296 0.14690972222222207 0.2954282407407408
0 0.8672251157407407 0.8440538194444445 0.13375578703703717 0.27077546296296295
0 0.889771412037037 0.6221354166666666 0.12109375 0.21495949074074083
0 0.8137268518518518 0.5907407407407408 0.12991898148148157 0.21918402777777785
0 0.7451041666666667 0.559620949074074 0.1439409722222223 0.23217592592592595
0 0.6706626157407407 0.5408130787037038 0.12430555555555553 0.2033854166666666
0 0.5979918981481481 0.5185474537037037 0.12280092592592595 0.23061342592592596
0 0.5292100694444445 0.4835069444444445 0.11259259259259266 0.21620370370370362
0 0.4593836805555556 0.47269965277777776 0.10822337962962969 0.20824652777777786
0 0.3945486111111111 0.4503327546296297 0.11373842592592584 0.20923032407407405
0 0.32872395833333334 0.43145254629629626 0.1153935185185185 0.21085069444444446
0 0.2560734953703704 0.41545138888888894 0.11383101851851851 0.21079282407407404
0 0.19250289351851851 0.3915653935185185 0.12629050925925928 0.2237268518518519
0 0.12458912037037036 0.36830150462962963 0.1230671296296296 0.20879629629629629
0 0.06680844907407409 0.3458043981481481 0.11261574074074074 0.16397569444444446
0 0.040364583333333336 0.3370515046296296 0.08072916666666667 0.18139467592592595