0 0.8577604166666667 0.1319502314814815 0.1697916666666665 0.22387731481481485
0 0.73125 0.1352314814814815 0.17053819444444435 0.2574710648148148
0 0.6021527777777778 0.1291261574074074 0.16281250000000008 0.2582523148148148
0 0.48771701388888894 0.13071759259259258 0.16053819444444456 0.26143518518518516
0 0.37241319444444443 0.12863136574074074 0.17451388888888886 0.2572627314814815
0 0.2535850694444445 0.14315972222222223 0.18842013888888892 0.28631944444444446
0 0.15263020833333335 0.15241030092592592 0.19399305555555557 0.2935763888888889
0 0.09342881944444445 0.16066261574074076 0.15609374999999998 0.31048032407407405
0 0.8478211805555557 0.5461545138888889 0.11168402777777767 0.17501736111111105
0 0.7580902777777778 0.5343171296296296 0.12253472222222221 0.17119212962962962
0 0.66890625 0.5295081018518518 0.1328125 0.17673611111111107
0 0.5970833333333333 0.5323842592592593 0.13019097222222217 0.16421875000000002
0 0.5094531250000001 0.5271730324074074 0.13557291666666665 0.16035300925925924
0 0.4274565972222222 0.5293431712962964 0.11824652777777782 0.1539756944444445
0 0.3552083333333333 0.5306597222222222 0.10953125000000004 0.14844328703703696
0 0.29073784722222223 0.5303559027777778 0.12515625000000002 0.1485590277777778
1 0.21591145833333333 0.5211429398148149 0.11953125 0.1414872685185186
0 0.16248263888888886 0.5254456018518519 0.13770833333333332 0.15099537037037045
0 0.08595486111111111 0.5275752314814814 0.12123263888888888 0.14774884259259266
0 0.8417274305555555 0.7114612268518519 0.08914930555555563 0.14516782407407405
0 0.84609375 0.8552025462962962 0.06859375000000015 0.09892939814814809
0 0.7867274305555556 0.8560329861111111 0.06717013888888879 0.10516782407407418
0 0.7301822916666667 0.8431684027777777 0.07097222222222221 0.10050925925925931
0 0.6772222222222222 0.8334027777777777 0.06720486111111121 0.10673032407407419
0 0.6228125 0.8287268518518518 0.061822916666666575 0.1105960648148148
0 0.565998263888889 0.8213339120370371 0.07958333333333342 0.10135416666666677
0 0.5163628472222223 0.820529513888889 0.055190972222222176 0.09336226851851848
0 0.46969618055555556 0.8126707175925926 0.06395833333333326 0.10123842592592602
0 0.420703125 0.8056105324074074 0.06383680555555564 0.09576967592592575
0 0.3729079861111111 0.7997135416666666 0.05902777777777786 0.09026620370370378
0 0.3237326388888889 0.80203125 0.06618055555555555 0.09578703703703714
0 0.2766753472222222 0.7941753472222223 0.05835069444444443 0.09494791666666665
0 0.2320920138888889 0.7921614583333334 0.05923611111111109 0.09964120370370359
0 0.19227430555555555 0.7936284722222222 0.056215277777777795 0.10430555555555543
0 0.14975694444444443 0.7966782407407408 0.06402777777777775 0.10436342592592603
0 0.7701041666666667 0.7057407407407407 0.08993055555555536 0.145173611111111
0 0.6933159722222222 0.6961516203703704 0.08335069444444443 0.13028356481481468
0 0.6208333333333333 0.6869212962962963 0.08555555555555543 0.12405092592592588
0 0.5498958333333334 0.6768981481481482 0.0832118055555556 0.12403356481481484
0 0.4908940972222222 0.6765538194444444 0.0863368055555556 0.12405671296296283
0 0.428203125 0.6684230324074074 0.09321180555555557 0.1170775462962963
0 0.36645833333333333 0.6677083333333333 0.09019097222222223 0.12174189814814813
0 0.3104166666666667 0.6599189814814814 0.08807291666666668 0.1318807870370371
0 0.2480121527777778 0.6646788194444444 0.10689236111111108 0.1351446759259259
0 0.18995659722222222 0.6541695601851851 0.09041666666666667 0.13189814814814813
0 0.1376388888888889 0.6557291666666666 0.08569444444444443 0.13030092592592588
0 0.08515625 0.6498668981481481 0.09498263888888889 0.1264641203703704
0 0.040998263888888886 0.6494126157407407 0.055781250000000004 0.11992476851851848
0 0.6973003472222222 0.9106105324074075 0.0718055555555555 0.06770833333333356
0 0.6476215277777777 0.9078530092592594 0.059357638888888786 0.0699594907407409
0 0.5983420138888889 0.9054832175925928 0.056111111111111 0.06446759259259238
0 0.552326388888889 0.8917592592592591 0.062274305555555645 0.06060763888888872
0 0.5080642361111111 0.8866174768518519 0.06006944444444447 0.06684027777777786
0 0.46739583333333334 0.8849652777777777 0.059357638888888786 0.0699594907407409
0 0.4230381944444444 0.8755266203703703 0.06329861111111117 0.07155092592592602
0 0.3756857638888889 0.8719704861111112 0.05458333333333334 0.06601851851851848
0 0.3353732638888889 0.8687528935185185 0.057048611111111126 0.0715046296296297
0 0.29507812499999997 0.866316550925926 0.07109375 0.07082754629629626
0 0.25427951388888886 0.858804976851852 0.0531944444444445 0.07381944444444458
0 0.20927083333333335 0.8552314814814814 0.060138888888888874 0.06996527777777786
0 0.260703125 0.9193142361111111 0.049097222222222216 0.0651967592592591
0 0.3043402777777778 0.9314930555555556 0.056371527777777784 0.07618634259259274
0 0.3406857638888889 0.9320052083333333 0.0546875 0.07070601851851847
0 0.37364583333333334 0.9384027777777778 0.05234375 0.07068865740740726
0 0.4042274305555555 0.9432552083333334 0.055364583333333384 0.06602430555555543
0 0.4438628472222222 0.9511660879629631 0.049097222222222216 0.0651967592592591
0 0.48339409722222226 0.9543894675925927 0.05223958333333343 0.06600115740740761
0 0.5211284722222222 0.9646585648148148 0.05062500000000014 0.06364583333333336
0 0.5578819444444445 0.9659490740740739 0.05524305555555564 0.06055555555555543
0 0.5970225694444444 0.9691753472222222 0.05039930555555561 0.053489583333333354
0 0.6314322916666667 0.9704832175925926 0.053454861111111106 0.050387731481481526
0 0.6717795138888889 0.9752633101851853 0.05244791666666657 0.04022569444444457
0 0.7120572916666668 0.976918402777778 0.05470486111111121 0.03633680555555543
0 0.8234375 0.9784375000000001 0.05381944444444429 0.031643518518518474
0 0.9105989583333333 0.9801359953703702 0.06230902777777771 0.02701967592592567
0 0.9581857638888888 0.9766579861111111 0.04526041666666671 0.03314236111111128
0 0.8704427083333333 0.9839496527777778 0.06293402777777786 0.019994212962962978
0 0.7785416666666667 0.9799421296296295 0.048298611111111 0.029259259259259096
0 0.029053819444444445 0.7799913194444444 0.024149305555555556 0.03220486111111107
0 0.037326388888888895 0.8006365740740741 0.03993055555555556 0.0393518518518519
0 0.05881076388888888 0.818058449074074 0.07958333333333334 0.031053240740740763
0 0.08664930555555556 0.8401215277777778 0.0672048611111111 0.03642939814814809
0 0.10228298611111111 0.8579774305555556 0.06720486111111112 0.03642939814814809
0 0.13789930555555557 0.8784201388888888 0.055312499999999966 0.02853009259259238