0 0.8625347222222223 0.15449652777777778 0.2141319444444445 0.30899305555555556
0 0.6883998842592594 0.21169270833333337 0.26728587962962963 0.33557291666666667
0 0.49460648148148145 0.26288194444444446 0.3244502314814815 0.3548090277777778
0 0.3487037037037037 0.3446527777777778 0.33694444444444444 0.3543055555555556
0 0.15603877314814812 0.3899565972222222 0.30865162037037036 0.33102430555555556
0 0.8461140046296297 0.405876736111111 0.22639467592592588 0.19328125000000002
1 0.7259172453703704 0.4241753472222222 0.1903877314814814 0.18310763888888887
0 0.6059114583333333 0.46825520833333334 0.1899131944444445 0.22449652777777782
0 0.47505787037037034 0.5246875 0.19200231481481483 0.1901736111111111
0 0.34293113425925925 0.5674739583333334 0.167650462962963 0.1716666666666667
0 0.21773148148148147 0.5960416666666667 0.1763310185185185 0.18357638888888878
0 0.0945486111111111 0.6331597222222222 0.16160300925925924 0.19887152777777786