1 0.79921875 0.548828125 0.167578125 0.1578125
0 0.76875 0.703515625 0.158203125 0.19765625
0 0.586328125 0.633984375 0.118359375 0.187890625
0 0.667578125 0.50546875 0.143359375 0.1421875
0 0.53671875 0.439453125 0.158984375 0.116796875
0 0.441796875 0.57890625 0.167578125 0.162109375
0 0.32109375 0.51484375 0.12421875 0.127734375
0 0.411328125 0.404296875 0.119921875 0.114453125
0 0.323828125 0.3671875 0.12578125 0.12109375
0 0.224609375 0.490625 0.1390625 0.151171875
0 0.105859375 0.45703125 0.141015625 0.13671875
0 0.23203125 0.36484375 0.105078125 0.1
0 0.138671875 0.318359375 0.12265625 0.087890625
0 0.074609375 0.29765625 0.141796875 0.114453125
0 0.854296875 0.35546875 0.11484375 0.1109375
0 0.7296875 0.322265625 0.118359375 0.104296875
0 0.633203125 0.275390625 0.09765625 0.095703125
0 0.5453125 0.26171875 0.09765625 0.0890625
0 0.4609375 0.23515625 0.106640625 0.083203125
0 0.3890625 0.21484375 0.091015625 0.08125
0 0.316015625 0.19765625 0.11015625 0.0890625
0 0.23984375 0.18125 0.09921875 0.08125
0 0.172265625 0.17109375 0.11328125 0.087890625
0 0.10234375 0.15703125 0.0859375 0.093359375
0 0.0515625 0.131640625 0.0890625 0.072265625
0 0.887109375 0.2859375 0.103515625 0.07890625
0 0.780078125 0.24296875 0.119921875 0.08125
0 0.668359375 0.216015625 0.11015625 0.083203125
0 0.586328125 0.19453125 0.083203125 0.07890625
0 0.5046875 0.177734375 0.0859375 0.091015625
0 0.436328125 0.15625 0.095703125 0.087890625
0 0.367578125 0.131640625 0.11171875 0.0765625
0 0.26640625 0.1171875 0.081640625 0.08125
0 0.2 0.095703125 0.092578125 0.08125
0 0.91875 0.18515625 0.09765625 0.0765625
0 0.936328125 0.12890625 0.0875 0.062109375
0 0.8515625 0.10546875 0.075 0.07890625
0 0.812109375 0.14765625 0.083984375 0.07890625
0 0.780859375 0.08828125 0.066796875 0.069921875
0 0.72421875 0.1328125 0.083984375 0.07890625
0 0.66484375 0.116015625 0.094140625 0.087890625
0 0.587109375 0.10546875 0.083984375 0.087890625
0 0.524609375 0.0859375 0.078515625 0.087890625
0 0.473828125 0.075390625 0.078515625 0.074609375
0 0.41796875 0.060546875 0.071484375 0.074609375
0 0.359765625 0.054296875 0.080078125 0.069921875
0 0.29765625 0.04375 0.083203125 0.074609375
0 0.25234375 0.033984375 0.0734375 0.06015625
0 0.2015625 0.031640625 0.069921875 0.06015625
0 0.1609375 0.019921875 0.075 0.03984375
1 0.7203125 0.090625 0.0609375 0.062109375
0 0.6359375 0.060546875 0.057421875 0.07890625
0 0.57265625 0.05546875 0.04921875 0.072265625
0 0.527734375 0.04296875 0.058984375 0.06015625
1 0.46875 0.0328125 0.05234375 0.053515625
0 0.940234375 0.075390625 0.0765625 0.0578125
0 0.862890625 0.054296875 0.075 0.062109375
0 0.7953125 0.039453125 0.066796875 0.0578125
0 0.738671875 0.037109375 0.068359375 0.048828125
0 0.683203125 0.02890625 0.054296875 0.0578125