0 0.348828125 0.871875 0.22265625 0.180078125
0 0.11875 0.877734375 0.205078125 0.1828125
0 0.1578125 0.710546875 0.17421875 0.134765625
0 0.358203125 0.578125 0.191796875 0.124609375
0 0.214453125 0.39140625 0.143359375 0.079296875
0 0.235546875 0.3125 0.133984375 0.066015625
0 0.379296875 0.251953125 0.141796875 0.066015625
0 0.383203125 0.184375 0.1359375 0.041796875
0 0.2578125 0.137890625 0.1125 0.05078125
0 0.387109375 0.09375 0.12265625 0.048046875
0 0.2765625 0.046484375 0.09921875 0.062890625
0 0.702734375 0.694921875 0.14921875 0.19921875
0 0.878515625 0.6859375 0.128515625 0.20234375
0 0.82734375 0.527734375 0.118359375 0.109375
0 0.666015625 0.527734375 0.157421875 0.103515625
0 0.651171875 0.417578125 0.145703125 0.08984375
0 0.796484375 0.415234375 0.12421875 0.09609375
0 0.77109375 0.327734375 0.11484375 0.075
0 0.748046875 0.25703125 0.118359375 0.066015625
0 0.62734375 0.270703125 0.125 0.0765625
0 0.607421875 0.191015625 0.1125 0.061328125
0 0.600390625 0.134375 0.105859375 0.05234375
0 0.722265625 0.18671875 0.116796875 0.05859375
0 0.706640625 0.137890625 0.09765625 0.05546875
0 0.591015625 0.09375 0.1109375 0.048046875
0 0.587890625 0.047265625 0.1015625 0.044921875
0 0.68359375 0.0515625 0.08984375 0.0375
0 0.6984375 0.09375 0.105078125 0.0375
1 0.346484375 0.70703125 0.19765625 0.137890625
1 0.187890625 0.584765625 0.155078125 0.1109375
1 0.202734375 0.484375 0.1515625 0.09609375
1 0.363671875 0.476171875 0.17578125 0.079296875
1 0.366015625 0.398828125 0.16484375 0.106640625
1 0.37265625 0.3125 0.157421875 0.0765625
1 0.2421875 0.2546875 0.108984375 0.061328125
1 0.2484375 0.197265625 0.125 0.062890625
1 0.38125 0.0515625 0.119140625 0.041796875
1 0.267578125 0.09296875 0.11328125 0.05546875
1 0.379296875 0.141796875 0.130078125 0.041796875
0 0.05078125 0.143359375 0.1015625 0.06015625
0 0.060546875 0.087890625 0.120703125 0.05078125
0 0.067578125 0.044140625 0.13515625 0.048046875
1 0.03984375 0.194140625 0.0796875 0.05234375
1 0.03203125 0.25703125 0.0640625 0.067578125
1 0.022265625 0.322265625 0.044140625 0.0734375