1 0.29854166666666665 0.8794444444444445 0.19489583333333335 0.13095486111111115
1 0.36398437499999997 0.8270486111111112 0.16807291666666674 0.1492361111111112
1 0.45440104166666667 0.7870572916666667 0.17593750000000002 0.15036458333333336
1 0.5236979166666667 0.7340538194444444 0.17515625000000004 0.1503298611111111
0 0.5994531249999999 0.6786111111111112 0.17515624999999985 0.1503298611111111
1 0.6723437499999999 0.6386197916666667 0.16531249999999992 0.1428819444444443
0 0.7403125 0.5890625 0.16651041666666674 0.14916666666666673
1 0.8206770833333333 0.5560243055555556 0.14187499999999992 0.14184027777777786
0 0.8706510416666667 0.5052777777777777 0.16515625000000006 0.12885416666666671
0 0.9318229166666667 0.46363715277777773 0.13635416666666664 0.15024305555555556
0 0.7862239583333335 0.37222222222222223 0.16958333333333328 0.1368402777777778
0 0.71484375 0.4056597222222223 0.17369791666666679 0.1401388888888889
1 0.6386979166666666 0.45524305555555555 0.1382291666666667 0.11052083333333336
0 0.5737760416666667 0.4920833333333333 0.16046875000000008 0.14032986111111115
1 0.52296875 0.536171875 0.1414583333333333 0.13559027777777785
0 0.44171875000000005 0.579296875 0.18015624999999996 0.12017361111111118
1 0.38010416666666663 0.6248524305555556 0.14661458333333338 0.142829861111111
0 0.306328125 0.6690885416666666 0.17515625000000004 0.1503298611111111
1 0.21781250000000002 0.7142274305555556 0.16244791666666664 0.11159722222222221
1 0.46078125 0.20508680555555556 0.1382291666666667 0.11052083333333336
1 0.3344270833333333 0.1324826388888889 0.1346354166666667 0.10335069444444445
1 0.25776041666666666 0.17425347222222223 0.1479166666666667 0.09225694444444446
0 0.20104166666666665 0.19393229166666667 0.12588541666666667 0.10062499999999996
0 0.12994791666666666 0.23750868055555557 0.14505208333333336 0.10770833333333334
0 0.079375 0.2734288194444444 0.13041666666666668 0.12185763888888887
0 0.05046874999999999 0.3013541666666667 0.06833333333333333 0.11364583333333336
0 0.07976562499999999 0.43702256944444445 0.11026041666666667 0.13498263888888892
0 0.13013020833333333 0.39797743055555557 0.15385416666666663 0.13458333333333333
0 0.20252604166666668 0.35640625000000004 0.13734374999999996 0.1322916666666666
0 0.272890625 0.3194184027777778 0.13963541666666668 0.11993055555555551
0 0.3322395833333333 0.28661458333333334 0.14286458333333343 0.12163194444444443
0 0.39445312499999996 0.2558854166666667 0.12755208333333332 0.11394097222222221
0 0.9528906249999999 0.23163194444444443 0.08296874999999986 0.09949652777777782
0 0.9208854166666667 0.195546875 0.14093750000000008 0.1394618055555555
0 0.8429427083333334 0.15391493055555555 0.15020833333333314 0.15
0 0.7769270833333334 0.12177083333333334 0.16505208333333315 0.12729166666666666
0 0.7071614583333334 0.091796875 0.1705729166666668 0.12831597222222224
0 0.6444791666666667 0.07460069444444445 0.14520833333333344 0.09836805555555557