0 0.033203125 0.783984375 0.06640625 0.35546875
0 0.101171875 0.784375 0.078125 0.366015625
0 0.173828125 0.79140625 0.0765625 0.3765625
0 0.0765625 0.1640625 0.053515625 0.30078125
1 0.13125 0.185546875 0.062109375 0.246484375
0 0.191796875 0.166796875 0.055859375 0.27109375
0 0.246484375 0.166796875 0.055859375 0.257421875
0 0.308203125 0.181640625 0.062109375 0.251953125
0 0.365625 0.170703125 0.05859375 0.2765625
0 0.4234375 0.166796875 0.05859375 0.28203125
0 0.478515625 0.19375 0.066796875 0.2765625
0 0.537109375 0.17890625 0.062109375 0.28203125
1 0.59375 0.18828125 0.071875 0.30078125
0 0.64609375 0.166796875 0.0765625 0.292578125
0 0.7578125 0.17890625 0.06484375 0.34140625
1 0.81640625 0.1734375 0.078125 0.3171875
0 0.8625 0.16953125 0.079296875 0.338671875
0 0.91171875 0.1640625 0.0765625 0.31171875
0 0.966796875 0.161328125 0.0546875 0.30625
1 0.251171875 0.80625 0.069140625 0.346875
1 0.319140625 0.83046875 0.071875 0.338671875
1 0.39375 0.827734375 0.06484375 0.344140625
0 0.466796875 0.812890625 0.069140625 0.373828125
0 0.6125 0.807421875 0.071875 0.384765625
0 0.68125 0.76953125 0.070703125 0.419921875
0 0.74765625 0.79140625 0.0765625 0.390234375
0 0.900390625 0.788671875 0.09609375 0.42265625
0 0.955859375 0.796875 0.073828125 0.366015625