0 0.66171875 0.9359375 0.128125 0.128125
0 0.539453125 0.9078125 0.154296875 0.171484375
0 0.45859375 0.836328125 0.155859375 0.175390625
0 0.380078125 0.783984375 0.152734375 0.15625
0 0.30078125 0.7390625 0.15 0.167578125
1 0.236328125 0.689453125 0.144140625 0.16171875
0 0.175 0.653515625 0.15859375 0.13515625
0 0.114453125 0.610546875 0.154296875 0.13125
0 0.06796875 0.56953125 0.135546875 0.121875
0 0.959765625 0.669921875 0.08046875 0.14453125
0 0.894140625 0.62578125 0.0984375 0.119921875
0 0.812109375 0.593359375 0.1 0.127734375
1 0.73125 0.562890625 0.105859375 0.12578125
0 0.664453125 0.53984375 0.105859375 0.13125
1 0.597265625 0.506640625 0.1015625 0.119921875
0 0.527734375 0.478125 0.097265625 0.12578125
0 0.47421875 0.4515625 0.1015625 0.110546875
1 0.419921875 0.43046875 0.085546875 0.1046875
1 0.373046875 0.410546875 0.09140625 0.097265625
0 0.327734375 0.378125 0.095703125 0.1046875
0 0.28125 0.350390625 0.085546875 0.1125
0 0.23203125 0.33515625 0.09296875 0.1046875
0 0.19375 0.310546875 0.0828125 0.093359375
0 0.14921875 0.2921875 0.09296875 0.10859375
0 0.945703125 0.50859375 0.094140625 0.13125
0 0.861328125 0.471484375 0.09140625 0.121875
0 0.797265625 0.45234375 0.076953125 0.10078125
0 0.729296875 0.4296875 0.087109375 0.106640625
1 0.67421875 0.419140625 0.0828125 0.089453125
1 0.60859375 0.394140625 0.09296875 0.0953125
1 0.559375 0.3734375 0.0828125 0.0953125
0 0.511328125 0.358203125 0.08984375 0.0953125
0 0.45625 0.336328125 0.084375 0.089453125
1 0.415625 0.32109375 0.0828125 0.106640625
1 0.3765625 0.29140625 0.09140625 0.097265625
1 0.33359375 0.2703125 0.097265625 0.102734375
1 0.303515625 0.26171875 0.085546875 0.080078125
1 0.269140625 0.2515625 0.087109375 0.089453125
0 0.544921875 0.21796875 0.069921875 0.0875
0 0.494921875 0.202734375 0.069921875 0.0875
1 0.4578125 0.205859375 0.071484375 0.083984375
1 0.40859375 0.1875 0.078515625 0.080078125
0 0.376953125 0.1609375 0.080078125 0.0703125
0 0.334375 0.14375 0.076953125 0.066796875