0 0.73671875 0.23591435185185183 0.18515625 0.35274305555555563
0 0.59375 0.21621817129629628 0.17734375 0.34637731481481476
0 0.45703125 0.20950520833333336 0.1703125 0.3454918981481481
0 0.317578125 0.1882986111111111 0.16171875 0.3500520833333333
0 0.173046875 0.17717303240740742 0.17734375 0.35184606481481484
0 0.1140625 0.7493460648148148 0.14921875 0.2654918981481481
0 0.0328125 0.7415017361111111 0.065625 0.2595659722222223
0 0.35703125 0.7623206018518518 0.14453125 0.2521412037037038
0 0.4734375 0.778107638888889 0.1453125 0.2576215277777777
0 0.5953125 0.7963194444444446 0.1453125 0.2576215277777777
0 0.821875 0.829754050925926 0.1390625 0.27315393518518516
1 0.709375 0.8089467592592593 0.14921875 0.26080439814814793
1 0.2359375 0.7601359953703704 0.1421875 0.25991898148148157
0 0.0796875 0.15821180555555553 0.1234375 0.3158912037037037