1 0.78828125 0.659765625 0.25234375 0.1515625
1 0.590625 0.626953125 0.1578125 0.2390625
1 0.323828125 0.527734375 0.1109375 0.165234375
1 0.36796875 0.42421875 0.1578125 0.06796875
1 0.364453125 0.27421875 0.06484375 0.079296875
1 0.43515625 0.2828125 0.07109375 0.0734375
1 0.517578125 0.301953125 0.0828125 0.070703125
1 0.794140625 0.39921875 0.08671875 0.1125
1 0.860546875 0.3390625 0.0546875 0.0765625
0 0.93203125 0.3921875 0.11171875 0.109765625
0 0.757421875 0.5234375 0.22265625 0.1265625
0 0.59375 0.48203125 0.178125 0.120703125
0 0.4734375 0.421484375 0.17734375 0.120703125
0 0.233203125 0.46171875 0.08828125 0.14453125
0 0.4453125 0.558984375 0.1 0.21796875
0 0.151953125 0.41328125 0.1 0.1359375
0 0.1046875 0.379296875 0.07109375 0.115234375
0 0.019921875 0.346484375 0.03984375 0.097265625
1 0.0421875 0.371484375 0.0546875 0.10546875
1 0.308984375 0.37421875 0.11328125 0.052734375
0 0.22109375 0.321484375 0.1328125 0.058203125
0 0.059765625 0.2640625 0.08984375 0.0734375
0 0.1546875 0.20625 0.03828125 0.1
0 0.24765625 0.220703125 0.04453125 0.097265625
0 0.30234375 0.24453125 0.05625 0.1125
1 0.084765625 0.316796875 0.08125 0.052734375
1 0.7890625 0.316796875 0.11484375 0.0625
1 0.59453125 0.260546875 0.103125 0.05546875
1 0.6875 0.278515625 0.11796875 0.065234375
0 0.6078125 0.296484375 0.09140625 0.1390625
0 0.692578125 0.334765625 0.078125 0.120703125
1 0.519921875 0.251953125 0.09609375 0.059765625
1 0.453515625 0.2296875 0.1015625 0.041796875
1 0.38125 0.216796875 0.1046875 0.047265625
0 0.32890625 0.189453125 0.10625 0.065234375
1 0.19921875 0.215234375 0.05 0.059765625
1 0.11953125 0.21796875 0.03828125 0.05546875
1 0.934375 0.25078125 0.09609375 0.041796875
1 0.90859375 0.210546875 0.10625 0.0390625
1 0.836328125 0.235546875 0.07109375 0.052734375
1 0.823828125 0.1984375 0.09296875 0.0359375
1 0.75 0.175 0.08671875 0.03203125
1 0.6859375 0.160546875 0.103125 0.0390625
1 0.62890625 0.152734375 0.09296875 0.034765625
1 0.56328125 0.13671875 0.08828125 0.034765625
1 0.306640625 0.1421875 0.04453125 0.05
1 0.350390625 0.14296875 0.04296875 0.0359375
1 0.39375 0.147265625 0.046875 0.034765625
1 0.440234375 0.15625 0.0546875 0.047265625
1 0.496875 0.16953125 0.059375 0.058203125
1 0.555859375 0.175 0.0734375 0.047265625
1 0.622265625 0.183984375 0.06171875 0.0390625
1 0.687890625 0.2015625 0.078125 0.041796875
1 0.7640625 0.2234375 0.06796875 0.065234375