0 0.03673321759259259 0.760390625 0.07346643518518518 0.23442708333333329
1 0.10747974537037037 0.7695052083333334 0.12881944444444446 0.22781249999999992
0 0.20122974537037036 0.7757552083333333 0.12569444444444447 0.22760416666666677
0 0.29396701388888885 0.7850781250000001 0.11626157407407404 0.22619791666666664
1 0.3867476851851852 0.7991145833333333 0.1307002314814815 0.22171874999999996
1 0.47850115740740745 0.8111197916666667 0.11918402777777785 0.21317708333333343
1 0.5741319444444445 0.8237760416666667 0.11423611111111107 0.19885416666666664
0 0.6628472222222223 0.8344010416666666 0.11467013888888893 0.21520833333333336
0 0.7442563657407408 0.84296875 0.11860532407407405 0.20536458333333343
0 0.8338831018518519 0.8465885416666667 0.12722800925925917 0.21682291666666664
1 0.8919560185185185 0.8575260416666666 0.09401041666666679 0.20916666666666678
0 0.09496527777777777 0.148828125 0.15381944444444445 0.2924479166666667
0 0.2040364583333333 0.16552083333333334 0.1475983796296296 0.30291666666666667
1 0.31671006944444446 0.18127604166666664 0.16140046296296298 0.28984375
0 0.4299479166666667 0.19471354166666666 0.1479166666666666 0.2757291666666667
1 0.5273582175925926 0.20984374999999997 0.14916087962962976 0.30302083333333335
1 0.6285734953703704 0.23190104166666664 0.14962384259259273 0.28828125
0 0.7368634259259259 0.24854166666666666 0.14618055555555537 0.29427083333333337
0 0.8298466435185186 0.2704427083333333 0.14131944444444428 0.29161458333333334
0 0.9269820601851851 0.29458333333333336 0.13110532407407405 0.26916666666666667