0 0.87578125 0.5515625 0.122265625 0.4
0 0.760546875 0.495703125 0.13203125 0.317578125
0 0.626953125 0.416015625 0.133203125 0.341015625
0 0.498046875 0.3765625 0.122265625 0.282421875
0 0.3859375 0.3234375 0.147265625 0.332421875
0 0.272265625 0.246875 0.1609375 0.308984375
0 0.0546875 0.798046875 0.109375 0.35546875
0 0.176953125 0.845703125 0.16796875 0.3
0 0.328515625 0.870703125 0.166796875 0.255859375
0 0.47421875 0.892578125 0.15546875 0.21484375
0 0.93671875 0.267578125 0.1234375 0.28828125
0 0.8015625 0.21171875 0.116796875 0.282421875
0 0.69296875 0.155859375 0.141796875 0.279296875
0 0.567578125 0.129296875 0.14765625 0.25859375
0 0.448046875 0.11171875 0.140234375 0.2234375
0 0.3390625 0.091015625 0.141796875 0.179296875
0 0.04453125 0.155859375 0.0890625 0.28515625