1 0.7802951388888889 0.4647916666666667 0.06187499999999986 0.15026041666666673
1 0.7269878472222222 0.4530381944444445 0.0672569444444445 0.14659722222222218
0 0.8042274305555555 0.3203993055555555 0.06559027777777793 0.14184027777777786
0 0.7490364583333333 0.3054340277777778 0.0668055555555556 0.16140625000000003
0 0.677734375 0.4524131944444445 0.06651041666666675 0.14812499999999998
0 0.6301302083333333 0.44795138888888886 0.06553819444444428 0.13949652777777782
1 0.7011024305555555 0.2982204861111111 0.06128472222222214 0.15881944444444446
1 0.5832378472222223 0.44664930555555554 0.06026041666666657 0.1478472222222223
1 0.5378993055555557 0.42821180555555555 0.05874999999999986 0.1501215277777778
0 0.6490625 0.2998177083333333 0.064704861111111 0.17223958333333336
0 0.4863628472222222 0.4247482638888889 0.05916666666666668 0.13375000000000004
1 0.6007118055555556 0.29375868055555554 0.06381944444444443 0.1675173611111111
1 0.5543663194444445 0.28544270833333335 0.06656249999999986 0.15046875
1 0.4999131944444445 0.2724652777777778 0.06758680555555543 0.1614409722222222
1 0.4527430555555556 0.2660677083333333 0.06592013888888885 0.15668402777777776
1 0.43984375 0.4242447916666666 0.06489583333333329 0.1457118055555556
0 0.3874913194444444 0.4047135416666666 0.06182291666666666 0.14791666666666675
0 0.4059548611111111 0.26007812500000005 0.06623263888888889 0.17074652777777777
1 0.355078125 0.26211805555555556 0.06906249999999999 0.15760416666666668
0 0.30105902777777777 0.24720486111111112 0.07008680555555555 0.16857638888888893
1 0.34144097222222225 0.4007118055555556 0.06906250000000007 0.15760416666666668
1 0.29260416666666667 0.39893229166666666 0.06328125 0.1432986111111111
1 0.2433506944444445 0.3983072916666667 0.06401041666666671 0.14098958333333336
1 0.1977170138888889 0.3931510416666667 0.05515625000000002 0.12888888888888878
1 0.20901909722222226 0.23646701388888886 0.0715972222222222 0.16630208333333335
0 0.25614583333333335 0.24481770833333333 0.05897569444444439 0.1602777777777778
0 0.146640625 0.3865798611111111 0.07501736111111112 0.1446006944444445
0 0.1536111111111111 0.23126736111111112 0.08031249999999997 0.1721527777777778
1 0.10612847222222221 0.22133680555555557 0.07164930555555556 0.16864583333333333
1 0.10234375 0.37405381944444444 0.05869791666666666 0.14777777777777779
1 0.054809027777777776 0.20810763888888886 0.07713541666666665 0.16967013888888885
0 0.055798611111111104 0.3747222222222222 0.0643576388888889 0.15661458333333336
0 0.8044965277777777 0.7833680555555556 0.06328125 0.1432986111111111
1 0.756640625 0.7726388888888889 0.05770833333333325 0.13836805555555554
1 0.019578993055555556 0.3729513888888889 0.03915798611111111 0.15659722222222222
1 0.7119357638888889 0.7608767361111111 0.06020833333333329 0.1455034722222223
1 0.6683506944444444 0.7515104166666667 0.06581597222222228 0.15199652777777786
0 0.6239756944444445 0.7425 0.05875000000000004 0.1501215277777778
0 0.5782638888888889 0.740859375 0.05706597222222225 0.14458333333333329
0 0.529921875 0.7344097222222222 0.05550347222222207 0.14451388888888878
1 0.48825520833333336 0.7266927083333334 0.06088541666666671 0.14085069444444437
1 0.44072048611111114 0.7191059027777778 0.06387152777777771 0.13473958333333336
1 0.3970572916666667 0.7132552083333333 0.06230902777777771 0.13467013888888885
0 0.3513628472222222 0.7108333333333333 0.06137152777777786 0.1276041666666666
0 0.3044965277777778 0.708359375 0.05986111111111114 0.1298784722222223
1 0.2618142361111111 0.6935590277777778 0.06395833333333334 0.13864583333333336
0 0.21651909722222223 0.690763888888889 0.06333333333333338 0.14564236111111112
1 0.17224826388888886 0.6770659722222222 0.06965277777777779 0.14904513888888893
0 0.13047743055555555 0.6740364583333334 0.0645486111111111 0.1300868055555556
1 0.08577256944444445 0.6622743055555556 0.06303819444444443 0.1323611111111111
0 0.035798611111111114 0.6588802083333334 0.06993055555555557 0.12642361111111117
1 0.012196180555555556 0.6574739583333333 0.02439236111111111 0.13526041666666658