0 0.7689322916666667 0.8323350694444445 0.06944444444444428 0.12204282407407412
1 0.7103038194444444 0.8306857638888889 0.07927083333333336 0.13233796296296285
0 0.6615190972222222 0.8221556712962963 0.07133680555555558 0.14705439814814802
0 0.608576388888889 0.8166869212962963 0.06659722222222228 0.12824652777777779
0 0.574045138888889 0.6194299768518519 0.05515624999999993 0.09918981481481488
0 0.4873697916666666 0.6103385416666667 0.05295138888888893 0.10228009259259263
0 0.8024652777777778 0.6470167824074075 0.06904513888888886 0.09549189814814803
0 0.5069357638888888 0.5411429398148149 0.06767361111111114 0.08219907407407412
1 0.30105034722222224 0.7746556712962962 0.07756944444444444 0.12918981481481479
1 0.3565277777777778 0.7844560185185185 0.07657986111111112 0.1244907407407407
1 0.40743055555555563 0.7879427083333334 0.08385416666666674 0.13006365740740744
1 0.455703125 0.7937326388888889 0.07770833333333335 0.13231481481481477
1 0.5063888888888888 0.8011197916666667 0.072013888888889 0.14472222222222228
1 0.5634114583333334 0.8105526620370369 0.07465277777777786 0.13383101851851853
1 0.7537760416666667 0.6494184027777777 0.06961805555555553 0.09081597222222229
1 0.7081770833333334 0.6335185185185186 0.055625000000000036 0.09217013888888878
1 0.6643402777777778 0.6309172453703704 0.05569444444444436 0.09373263888888879
1 0.6219791666666666 0.6263859953703703 0.05963541666666661 0.0945717592592592
1 0.5320486111111111 0.6231018518518519 0.056788194444444426 0.10077546296296305
1 0.4443489583333333 0.6085300925925926 0.05928819444444446 0.08675925925925938
1 0.3588454861111111 0.5291898148148148 0.0585243055555555 0.06957175925925937
1 0.42867187500000004 0.5368605324074075 0.05784722222222212 0.07190393518518512
1 0.46953993055555554 0.5429311342592593 0.06661458333333332 0.07593750000000003
1 0.5494184027777778 0.5484085648148149 0.0522743055555555 0.06947916666666672
1 0.5789322916666666 0.5449421296296297 0.05991319444444443 0.06568865740740755
1 0.6269184027777778 0.5530700231481481 0.05746527777777786 0.06331018518518512
1 0.6662065972222223 0.5587268518518519 0.045503472222222285 0.057667824074074045
1 0.7091493055555556 0.567560763888889 0.057395833333333354 0.06174768518518512
1 0.755685763888889 0.5694212962962963 0.060850694444444284 0.05164930555555554