0 0.07244791666666667 0.24767361111111114 0.14489583333333333 0.31402777777777774
0 0.24232060185185186 0.26286458333333335 0.22863425925925931 0.3071527777777778
0 0.4418287037037037 0.2544675925925926 0.28607060185185185 0.31792245370370364
0 0.6001273148148148 0.2895023148148148 0.2999305555555555 0.31474537037037037
0 0.8129918981481481 0.27145254629629634 0.30644675925925924 0.29015046296296293
0 0.12269965277777779 0.49618923611111115 0.20798032407407407 0.16427662037037044
1 0.2444212962962963 0.47780092592592593 0.17266203703703703 0.15932870370370367
0 0.3699045138888889 0.48453993055555555 0.16559606481481487 0.20337384259259253
0 0.5085734953703703 0.49994502314814815 0.1730671296296297 0.16714120370370367
0 0.6463888888888889 0.5017592592592592 0.15046296296296297 0.15194444444444458
0 0.7746556712962963 0.49238136574074076 0.15649884259259253 0.16316550925925916
0 0.9021064814814814 0.4912268518518518 0.1387615740740742 0.1817245370370369