1 0.1887008101851852 0.5773668981481481 0.1949363425925926 0.1908449074074074
0 0.2347366898148148 0.7235300925925926 0.19244791666666664 0.2288946759259259
0 0.40933159722222223 0.6188599537037037 0.15046296296296297 0.2108159722222222
0 0.31517650462962965 0.5090682870370371 0.1676793981481482 0.17052083333333332
0 0.4385850694444445 0.41834490740740743 0.17853009259259256 0.14777777777777779
0 0.5476417824074075 0.5362181712962963 0.1950810185185185 0.1947511574074074
0 0.6611545138888889 0.4495891203703703 0.14594907407407404 0.15208333333333326
0 0.5600549768518519 0.3589178240740741 0.13917824074074084 0.1376504629629629
0 0.6431134259259259 0.3052748842592593 0.14649884259259274 0.14587962962962964
0 0.7547309027777779 0.40662615740740743 0.16484375 0.17814814814814817
0 0.8694589120370371 0.35032696759259263 0.1643229166666668 0.16408564814814816
0 0.734302662037037 0.28467013888888887 0.1221643518518519 0.1202719907407408
0 0.8224247685185185 0.2205931712962963 0.13744212962962976 0.11182291666666666
0 0.8840711805555557 0.18731770833333333 0.16116898148148168 0.14207175925925924
0 0.11385995370370369 0.3986111111111111 0.13356481481481483 0.13342013888888893
0 0.23447627314814815 0.34118344907407405 0.1364583333333333 0.12735532407407407
0 0.3257523148148148 0.2761400462962963 0.11417824074074065 0.11512152777777782
0 0.41186342592592595 0.2453125 0.11313657407407404 0.10804398148148149
0 0.49334490740740744 0.20267650462962963 0.12077546296296297 0.10381944444444446
0 0.5628182870370371 0.16854745370370372 0.10500578703703703 0.09898726851851851
0 0.6337528935185185 0.1370601851851852 0.12494212962962958 0.11108217592592591
0 0.7077980324074075 0.10577835648148148 0.11287615740740727 0.10101273148148149
0 0.774146412037037 0.08235821759259258 0.12803819444444464 0.1104861111111111
0 0.8422019675925926 0.055099826388888884 0.10231481481481489 0.11019965277777777
0 0.8902777777777778 0.0322265625 0.10153356481481453 0.064453125
0 0.07405960648148148 0.3366579861111111 0.11669560185185184 0.09890046296296298
0 0.1761863425925926 0.2733101851851852 0.13327546296296297 0.10456018518518517
0 0.28478009259259257 0.2247800925925926 0.1239293981481481 0.10478587962962962
0 0.36412037037037037 0.18733796296296296 0.09707754629629628 0.09539930555555554
0 0.44366319444444446 0.15495081018518517 0.10144675925925921 0.10813078703703702
0 0.5096498842592593 0.12024884259259258 0.11073495370370363 0.10634259259259257
0 0.5753616898148148 0.08244502314814815 0.12447916666666678 0.09858217592592593
0 0.674855324074074 0.04846064814814815 0.09560185185185191 0.0969212962962963
0 0.7384837962962962 0.03173177083333333 0.10656828703703702 0.06346354166666666
0 0.04353298611111111 0.24329282407407407 0.08706597222222222 0.09466435185185187
0 0.029137731481481483 0.19107060185185185 0.058275462962962966 0.0772337962962963
0 0.091015625 0.15246238425925926 0.08842592592592591 0.09332754629629632
0 0.1345920138888889 0.18612847222222223 0.09785879629629629 0.09544560185185183
0 0.15959201388888888 0.12150462962962964 0.07870370370370372 0.08339699074074075
0 0.22074652777777776 0.15412905092592594 0.09785879629629628 0.09544560185185187
0 0.2779224537037037 0.12579571759259262 0.10917245370370363 0.10625
0 0.3544849537037037 0.10021122685185184 0.0989583333333333 0.10408564814814811
0 0.4145109953703704 0.06859085648148147 0.09346064814814814 0.10298032407407406
0 0.463990162037037 0.04811921296296297 0.09143518518518512 0.09038773148148149
0 0.5179398148148149 0.03345486111111111 0.08434606481481488 0.06690972222222222
0 0.5751012731481481 0.023689236111111112 0.09198495370370381 0.047378472222222225
0 0.6351707175925926 0.013773148148148149 0.09528356481481488 0.027546296296296298
0 0.679759837962963 0.0001822916666666674 0.08266782407407405 0.0003645833333333348
1 0.22035590277777778 0.11205729166666667 0.07135416666666669 0.07438657407407408
0 0.3012008101851852 0.06556134259259258 0.07115162037037041 0.08996527777777778
0 0.36342592592592593 0.04823206018518518 0.06148726851851851 0.08159722222222222
0 0.4070891203703704 0.03144386574074074 0.06892361111111107 0.06288773148148148
1 0.4647858796296296 0.01871238425925926 0.06160300925925917 0.03742476851851852
0 0.021469907407407406 0.1388454861111111 0.04293981481481481 0.07074652777777776
0 0.07447916666666667 0.10433159722222222 0.08547453703703704 0.07678240740740741
0 0.14020543981481481 0.07666087962962963 0.07667824074074074 0.07080439814814816
0 0.19644097222222223 0.06319444444444444 0.07635995370370371 0.06221064814814814
0 0.2509403935185185 0.043984375 0.06412037037037041 0.0685011574074074