0 0.85 0.713671875 0.18671875 0.442578125
0 0.720703125 0.71171875 0.11328125 0.42734375
1 0.58828125 0.725 0.1234375 0.408203125
0 0.457421875 0.72890625 0.141796875 0.396875
0 0.329296875 0.7421875 0.16484375 0.450390625
0 0.205859375 0.740625 0.1734375 0.458203125
0 0.081640625 0.725 0.158203125 0.442578125
0 0.8890625 0.347265625 0.091796875 0.27109375
0 0.780078125 0.337890625 0.1265625 0.27109375
0 0.67734375 0.337890625 0.11015625 0.282421875
0 0.57421875 0.33984375 0.11015625 0.3015625
0 0.470703125 0.3453125 0.108203125 0.3015625
0 0.369921875 0.353125 0.103515625 0.3015625
0 0.255859375 0.347265625 0.119921875 0.29765625
0 0.144921875 0.343359375 0.131640625 0.3015625
0 0.0515625 0.3296875 0.103125 0.3546875