0 0.9721614583333335 0.26945891203703703 0.05567708333333314 0.058651620370370416
0 0.9676302083333332 0.3009837962962963 0.06473958333333343 0.04108796296296298
0 0.9574999999999999 0.34832175925925923 0.07057291666666643 0.04409722222222223
1 0.9644140625000001 0.32371238425925924 0.07117187499999993 0.04444444444444447
1 0.8720833333333333 0.651027199074074 0.06906250000000007 0.05642361111111107
1 0.8759114583333332 0.6260127314814815 0.08265625000000014 0.06209490740740744
1 0.8802343749999999 0.5966435185185185 0.08651041666666685 0.049942129629629586
1 0.8932291666666667 0.5736979166666666 0.07411458333333343 0.050578703703703806
1 0.8497135416666666 0.7217737268518519 0.08703124999999971 0.06941550925925917
1 0.9047916666666665 0.5410445601851851 0.07749999999999986 0.05471643518518512
1 0.9147135416666667 0.5132233796296296 0.07057291666666643 0.04409722222222214
1 0.9224479166666667 0.48203125 0.07651041666666672 0.05153356481481488
1 0.9320833333333333 0.4558015046296296 0.07020833333333343 0.050289351851851904
1 0.9393489583333334 0.42935474537037044 0.066822916666667 0.04615162037037024
1 0.9448958333333334 0.406568287037037 0.07411458333333343 0.050578703703703806
1 0.9511458333333334 0.37666377314814814 0.07661458333333329 0.04143518518518521
0 0.8598177083333333 0.6790219907407408 0.08755208333333328 0.05390625
0 0.9199479166666666 0.7448350694444444 0.07708333333333321 0.08344907407407405
0 0.9335416666666667 0.7073206018518519 0.08161458333333335 0.04646990740740744
0 0.9371875 0.6736834490740741 0.06796875 0.04001736111111107
0 0.94375 0.642578125 0.07020833333333343 0.050289351851851904
0 0.9549479166666666 0.6162326388888889 0.07651041666666672 0.05153356481481488
0 0.9634895833333333 0.5817997685185186 0.07302083333333335 0.050578703703703806
0 0.965546875 0.5554108796296295 0.06890624999999986 0.051707175925925955
0 0.9715885416666665 0.5259982638888889 0.056822916666666855 0.053761574074074045
0 0.9738151041666667 0.4941984953703704 0.052369791666666644 0.04534143518518512
0 0.98078125 0.46469907407407407 0.03843749999999986 0.05040509259259256
0 0.8877083333333333 0.850072337962963 0.08130208333333329 0.06510416666666678
0 0.880078125 0.894603587962963 0.08249999999999993 0.07141203703703702
0 0.8646354166666665 0.922048611111111 0.08687499999999986 0.04375
0 0.9839322916666667 0.43965567129629635 0.03213541666666657 0.046209490740740836
0 0.9869270833333333 0.41358506944444445 0.026145833333333358 0.04875578703703702
0 0.9920572916666668 0.3791377314814815 0.01588541666666643 0.04704861111111107
0 0.9934114583333333 0.35907118055555554 0.013177083333333428 0.04285300925925926
0 0.9980208333333334 0.332494212962963 0.003958333333333286 0.04126157407407405
0 0.9985677083333332 0.30347222222222225 0.0028645833333335704 0.04415509259259256
0 0.7907031250000001 0.43133680555555554 0.058385416666666676 0.04785879629629619
0 0.805859375 0.40548321759259254 0.0640625 0.05138888888888893
0 0.8176822916666666 0.38262442129629626 0.06270833333333323 0.0543981481481481
0 0.8248177083333333 0.36011284722222225 0.0627083333333335 0.0543981481481481
1 0.8314062499999999 0.3352864583333333 0.06666666666666651 0.05546875
0 0.8407552083333332 0.3106481481481481 0.060729166666666855 0.04803240740740744
0 0.8498958333333334 0.28288483796296293 0.064427083333333 0.045196759259259256
0 0.8593489583333334 0.25980902777777776 0.06052083333333336 0.04490740740740744
0 0.7903385416666666 0.26688368055555556 0.0651041666666666 0.055353009259259255
1 0.7790625 0.2979456018518518 0.07526041666666661 0.04444444444444447
1 0.773203125 0.3160445601851852 0.07901041666666657 0.04239004629629628
1 0.7540885416666667 0.36495949074074074 0.07776041666666664 0.03530092592592595
1 0.7354947916666668 0.41579861111111105 0.07562500000000014 0.038252314814814836
1 0.7122395833333334 0.6793547453703704 0.06906250000000007 0.05642361111111107
1 0.7189322916666667 0.644314236111111 0.08010416666666664 0.058796296296296194
1 0.7352343749999999 0.6120949074074075 0.07140625000000007 0.056597222222222146
1 0.7491927083333334 0.5859375 0.07140625000000007 0.056597222222222146
1 0.7559114583333333 0.5512876157407407 0.07880208333333343 0.07424768518518512
1 0.7683854166666666 0.5205295138888889 0.07734375 0.06403356481481488
1 0.7807552083333332 0.49409722222222213 0.08468750000000007 0.0692418981481481
1 0.7866927083333333 0.4712818287037037 0.08499999999999996 0.062268518518518515
1 0.6647135416666666 0.590625 0.08119791666666672 0.07520254629629619
0 0.6415625 0.6496527777777777 0.08828125 0.07650462962962959
0 0.7647395833333334 0.3421875 0.06895833333333332 0.043200231481481485
0 0.7388281250000001 0.38925057870370366 0.08010416666666664 0.05879629629629628
0 0.725703125 0.4337962962962963 0.08031249999999997 0.06192129629629637
0 0.7184895833333333 0.46691261574074067 0.08614583333333332 0.05613425925925917
0 0.705859375 0.48943865740740744 0.07973958333333328 0.06498842592592595
0 0.6947656249999999 0.5173466435185186 0.07536458333333336 0.057667824074074045
0 0.6823958333333333 0.5496672453703704 0.08130208333333329 0.06510416666666678
0 0.6734375 0.7803674768518519 0.08229166666666661 0.06828703703703702
0 0.6456510416666668 0.8523003472222221 0.08244791666666665 0.05896990740740762
1 0.6624479166666667 0.8216145833333334 0.08703125000000007 0.06941550925925917
1 0.8170833333333333 0.838816550925926 0.08947916666666664 0.0828125
1 0.8066927083333333 0.8713831018518519 0.08723958333333348 0.07254050925925952
1 0.7908593749999999 0.8988570601851851 0.09953125000000007 0.08200231481481453
1 0.7757031249999999 0.9247106481481481 0.10067708333333325 0.05254629629629619
1 0.6345052083333333 0.8970920138888889 0.08723958333333322 0.07254050925925952
1 0.61875 0.9257378472222222 0.08958333333333339 0.07271412037037024
1 0.46859375 0.704861111111111 0.0752083333333335 0.0669849537037038
1 0.4497395833333334 0.7459056712962963 0.08249999999999993 0.07141203703703702
0 0.5987239583333333 0.7490017361111111 0.08249999999999993 0.07141203703703702
0 0.5965104166666666 0.7805700231481482 0.08265625000000014 0.06209490740740744
0 0.5724218750000001 0.8137586805555556 0.08604166666666657 0.06623263888888893
0 0.5607552083333334 0.8566261574074072 0.08942708333333335 0.07037037037037024
0 0.5426822916666667 0.8858362268518519 0.09671874999999996 0.0747974537037038
0 0.5286979166666667 0.9233796296296296 0.10187500000000008 0.08217592592592596
0 0.4400260416666667 0.7650752314814815 0.07760416666666678 0.06793981481481488
0 0.42575520833333336 0.8042100694444445 0.07859374999999993 0.07112268518518512
0 0.3909375 0.8825520833333332 0.07979166666666675 0.07743055555555571
1 0.40580729166666674 0.8465133101851852 0.08489583333333325 0.07236689814814809
1 0.371171875 0.921701388888889 0.07744791666666666 0.07725694444444428
1 0.30028645833333334 0.882986111111111 0.08713541666666665 0.08263888888888893
0 0.28265625 0.9070601851851852 0.09442708333333334 0.08706597222222215
0 0.40145833333333336 0.6635127314814815 0.08010416666666664 0.058796296296296194
0 0.3809635416666667 0.7093894675925926 0.0785937500000001 0.07112268518518512
0 0.3540885416666667 0.7714409722222222 0.07880208333333334 0.07424768518518529
1 0.3654427083333333 0.741550925925926 0.08489583333333339 0.07236689814814809
0 0.3335677083333334 0.805150462962963 0.0799479166666666 0.06811342592592595
0 0.318515625 0.8443431712962962 0.08609375000000004 0.07867476851851833
0 0.5115885416666666 0.6019675925925926 0.07385416666666664 0.06999421296296297
0 0.5288020833333333 0.5716435185185185 0.08614583333333332 0.05613425925925917
0 0.6532031249999999 0.27664930555555556 0.06510416666666678 0.055353009259259255
0 0.64328125 0.30447048611111105 0.07536458333333336 0.057667824074074045
0 0.6349739583333334 0.32706886574074073 0.07140625000000007 0.05659722222222223
0 0.6228125 0.3566261574074074 0.07385416666666664 0.06999421296296297
1 0.6131510416666666 0.3824652777777778 0.07026041666666671 0.06273148148148149
1 0.6021354166666667 0.40565682870370373 0.07364583333333333 0.06686921296296297
1 0.586953125 0.4311197916666667 0.07635416666666668 0.060850694444444464
0 0.5761458333333334 0.4574363425925926 0.07619791666666664 0.07016782407407404
0 0.5630729166666667 0.4850983796296296 0.07364583333333333 0.06686921296296297
1 0.555078125 0.5182725694444444 0.07395833333333339 0.05989583333333322
1 0.54390625 0.5508969907407407 0.08718749999999993 0.060098379629629585
0 0.446484375 0.5793113425925925 0.07973958333333328 0.06498842592592595
0 0.4602083333333333 0.54375 0.07239583333333321 0.05978009259259256
0 0.47328125 0.516087962962963 0.06791666666666671 0.06255787037037042
0 0.49346354166666667 0.48907696759259256 0.07635416666666668 0.060850694444444464
0 0.5044531250000001 0.4596064814814815 0.0763541666666665 0.060850694444444464
1 0.51390625 0.4365306712962963 0.06666666666666679 0.05546875
0 0.5281510416666666 0.4087818287037037 0.07536458333333336 0.057667824074074045
1 0.5401041666666666 0.3878761574074074 0.07041666666666657 0.05341435185185182
1 0.5482812499999999 0.36332465277777776 0.07140625000000007 0.05659722222222223
0 0.561484375 0.33761574074074074 0.06765624999999993 0.058651620370370416
0 0.57203125 0.31328125 0.07140625000000007 0.05659722222222223
0 0.5827083333333334 0.2732349537037037 0.0723958333333334 0.05978009259259256
1 0.5913281250000001 0.26710069444444445 0.07510416666666657 0.053761574074074045
0 0.07536458333333333 0.9008246527777779 0.03395833333333333 0.054600694444444285
0 0.082890625 0.860619212962963 0.055052083333333314 0.06782407407407405
0 0.09776041666666666 0.8363570601851851 0.06875 0.07505787037037033
1 0.11156250000000001 0.8019675925925925 0.06531250000000001 0.05847800925925917
1 0.13583333333333333 0.9010561342592591 0.08479166666666665 0.05914351851851833
1 0.15395833333333334 0.8667390046296297 0.08479166666666664 0.05914351851851833
1 0.185078125 0.803587962962963 0.07395833333333335 0.05989583333333322
1 0.209375 0.7617476851851851 0.0776041666666667 0.06793981481481488
0 0.174140625 0.827951388888889 0.07973958333333334 0.06498842592592595
0 0.133046875 0.7650462962962963 0.07265625 0.06368634259259257
0 0.15046874999999998 0.7260706018518518 0.07026041666666667 0.06273148148148149
1 0.16247395833333333 0.7000578703703704 0.07265625 0.06368634259259273
0 0.18325520833333334 0.6643663194444445 0.07265625 0.06368634259259257
0 0.22065104166666666 0.730685763888889 0.08010416666666664 0.058796296296296194
0 0.24026041666666664 0.6950810185185186 0.07536458333333336 0.057667824074074045
0 0.258125 0.662745949074074 0.07296875000000007 0.05671296296296298
0 0.196953125 0.6284143518518518 0.07296874999999999 0.05671296296296298
0 0.21567708333333332 0.6030815972222222 0.0739583333333333 0.05989583333333339
1 0.2763802083333333 0.6303819444444445 0.08130208333333329 0.06510416666666678
1 0.32739583333333333 0.5418113425925926 0.08010416666666664 0.058796296296296194
1 0.3441927083333333 0.5111255787037037 0.07885416666666663 0.051707175925925955
1 0.35828125 0.48692129629629627 0.07395833333333339 0.05989583333333339
1 0.2818229166666667 0.48826678240740745 0.06906250000000007 0.05642361111111107
0 0.26765625000000004 0.5171875 0.08130208333333329 0.0651041666666666
0 0.37177083333333333 0.45373263888888893 0.07651041666666672 0.05153356481481488
1 0.2967708333333333 0.47106481481481477 0.06791666666666671 0.06255787037037042
1 0.3123697916666667 0.4400752314814815 0.06791666666666671 0.06255787037037042
1 0.32341145833333335 0.41727430555555556 0.07906250000000004 0.05483217592592595
1 0.33903645833333335 0.38667534722222224 0.06791666666666671 0.06255787037037042
1 0.3838020833333333 0.42811053240740743 0.07906250000000004 0.05483217592592595
1 0.39416666666666667 0.40692997685185184 0.08479166666666664 0.05914351851851851
1 0.4153645833333333 0.3833767361111111 0.07770833333333335 0.05784143518518521
0 0.3564322916666667 0.3590856481481482 0.0723958333333334 0.05978009259259256
0 0.3726302083333334 0.3370804398148148 0.06666666666666661 0.05546875
0 0.424140625 0.3501446759259259 0.06666666666666661 0.05546875
0 0.439296875 0.32429108796296297 0.06666666666666679 0.05546875
1 0.38026041666666666 0.3102141203703704 0.07411458333333325 0.05057870370370372
0 0.3940885416666667 0.2879918981481482 0.06546875000000005 0.04916087962962958
0 0.40828125000000004 0.26535011574074074 0.06307291666666667 0.04820601851851851
0 0.4219791666666667 0.24117476851851852 0.05812500000000007 0.04395254629629628
1 0.45203125 0.30332754629629627 0.06916666666666664 0.04632523148148149
0 0.4617708333333333 0.2786603009259259 0.07390624999999992 0.04745370370370372
0 0.473984375 0.24988425925925925 0.06036458333333332 0.05422453703703702
0 0.10911458333333335 0.5591579861111111 0.07041666666666667 0.05341435185185191
0 0.0884375 0.596412037037037 0.07130208333333335 0.0666956018518519
0 0.059244791666666664 0.5294849537037037 0.05119791666666666 0.05665509259259256
1 0.07088541666666667 0.6275462962962963 0.06208333333333334 0.06834490740740744
1 0.062109375 0.6548900462962963 0.04119791666666668 0.06990740740740745
1 0.057994791666666656 0.6932725694444445 0.028072916666666663 0.07126736111111107