0 0.8453616898148149 0.15783275462962962 0.06664930555555557 0.1387673611111111
0 0.8069936342592593 0.16926793981481483 0.06287615740740726 0.15670717592592592
1 0.8607320601851853 0.2977980324074074 0.0634432870370368 0.12780671296296298
1 0.8131018518518518 0.29392939814814817 0.06344328703703717 0.12780671296296298
1 0.7616377314814814 0.17479166666666668 0.055758101851851906 0.14493634259259255
0 0.7688802083333334 0.30453993055555556 0.06039351851851862 0.13793981481481482
0 0.7278703703703704 0.3034548611111111 0.06037037037037045 0.1348148148148148
0 0.7140075231481482 0.17092303240740742 0.06748263888888886 0.1458043981481482
0 0.668611111111111 0.18191550925925926 0.05340856481481478 0.1441377314814815
1 0.6805468749999999 0.3109172453703704 0.05093171296296291 0.1261516203703703
1 0.6283420138888889 0.18630497685185182 0.06039351851851862 0.13793981481481482
1 0.5810474537037037 0.18986111111111112 0.06357638888888886 0.14577546296296298
1 0.5357349537037037 0.18952546296296297 0.05567708333333332 0.13399884259259257
0 0.6371325231481482 0.3180179398148148 0.059531250000000036 0.12699652777777776
1 0.5960792824074075 0.3227922453703703 0.06497685185185187 0.12391203703703706
1 0.5499739583333334 0.32401331018518514 0.05718750000000004 0.12697916666666664
1 0.5097019675925927 0.3287934027777778 0.059531249999999855 0.12699652777777776
1 0.4697916666666666 0.33748263888888885 0.057187499999999857 0.12697916666666664
0 0.4961747685185186 0.2036863425925926 0.05729166666666678 0.14104166666666665
0 0.4504600694444445 0.20491030092592594 0.06193287037037045 0.1348263888888889
0 0.40433449074074074 0.20886574074074074 0.06039351851851862 0.13793981481481482
0 0.42596354166666667 0.34770543981481483 0.060393518518518444 0.13793981481481482
1 0.38146122685185185 0.3434693287037037 0.06039351851851853 0.13793981481481482
1 0.36444444444444446 0.21482060185185184 0.06190393518518515 0.1309201388888889
1 0.3194502314814815 0.2242534722222222 0.06120370370370374 0.14185185185185184
1 0.276484375 0.22354456018518518 0.05729166666666661 0.14104166666666665
1 0.23504050925925926 0.22831597222222225 0.05732060185185182 0.14494791666666665
1 0.19437789351851853 0.2330931712962963 0.062008101851851814 0.1449826388888889
0 0.34111979166666667 0.35762442129629635 0.05090277777777778 0.1222453703703704
0 0.30009548611111114 0.3584924768518518 0.053275462962962906 0.12616898148148153
0 0.2582465277777778 0.3652141203703704 0.052442129629629616 0.11913194444444439
0 0.21568576388888888 0.36255497685185184 0.054947916666666693 0.14102430555555562
0 0.17147569444444444 0.3716030092592592 0.051736111111111115 0.12928240740740743
0 0.1525318287037037 0.23942418981481478 0.06193287037037036 0.1348263888888889
1 0.13274305555555554 0.37951967592592595 0.054947916666666693 0.1410243055555555
1 0.09327835648148149 0.38078993055555554 0.05802083333333332 0.13401620370370368
1 0.04912905092592593 0.38163483796296294 0.054114583333333334 0.13398726851851847
0 0.018784722222222223 0.3833506944444444 0.03756944444444445 0.15263888888888885
0 0.14923900462962963 0.6312181712962962 0.059531249999999994 0.12699652777777787
1 0.03430266203703704 0.6428674768518519 0.05090277777777778 0.12224537037037031
1 0.0565306712962963 0.7535850694444444 0.049282407407407414 0.11442129629629623
1 0.06989872685185186 0.636490162037037 0.055648148148148155 0.13009259259259273
1 0.10981770833333333 0.6266290509259259 0.04858796296296295 0.12613425925925928
0 0.09439814814814815 0.7569907407407408 0.05082175925925925 0.11130787037037031
0 0.13000578703703702 0.7490509259259259 0.05788773148148145 0.11604745370370377
0 0.16907696759259258 0.7481684027777777 0.05481481481481483 0.12305555555555543
0 0.21052083333333332 0.7433969907407407 0.05872106481481483 0.1230844907407409
0 0.24918692129629633 0.7444646990740742 0.06344328703703699 0.12780671296296298
0 0.2883101851851852 0.7365509259259259 0.056348379629629616 0.11916087962962969
1 0.1894386574074074 0.6362037037037037 0.05090277777777778 0.12224537037037031
0 0.22894097222222226 0.6298553240740741 0.052442129629629616 0.11913194444444457
0 0.26883680555555556 0.623119212962963 0.05483796296296291 0.1261805555555556
0 0.3106423611111111 0.6222569444444443 0.05090277777777778 0.12224537037037031
1 0.32546875000000003 0.7301851851851853 0.05872106481481474 0.1230844907407409
1 0.3680700231481482 0.7273755787037037 0.0579918981481482 0.1301099537037036
1 0.34976851851851853 0.6139525462962963 0.0516319444444445 0.11521990740740744
0 0.3923726851851852 0.6107523148148148 0.045376157407407455 0.1143923611111111
0 0.40712673611111116 0.7284461805555555 0.05093171296296291 0.1261516203703703
0 0.4450520833333334 0.7240393518518518 0.05564814814814802 0.13009259259259273
0 0.4841782407407408 0.7157349537037037 0.048559027777777784 0.12222800925925928
1 0.42798032407407405 0.6028125 0.05411458333333332 0.13398726851851847
0 0.4643836805555555 0.5929253472222221 0.059531249999999855 0.12699652777777787
1 0.5069299768518519 0.5975376157407407 0.053275462962962906 0.12616898148148153
1 0.5186140046296297 0.7077864583333333 0.05788773148148145 0.11604745370370359
1 0.5456770833333333 0.5876678240740741 0.05718750000000004 0.12697916666666664
0 0.564302662037037 0.710078125 0.0555381944444445 0.11524884259259256
0 0.6045717592592592 0.7056886574074074 0.05718750000000004 0.12697916666666664
0 0.5874855324074074 0.5864149305555555 0.05411458333333332 0.13398726851851847
0 0.630787037037037 0.5945486111111111 0.05411458333333332 0.13398726851851847
0 0.6444126157407407 0.7063744212962962 0.05093171296296291 0.1261516203703703
1 0.6684172453703704 0.5772482638888888 0.05788773148148145 0.11604745370370359
1 0.6780613425925927 0.6992013888888889 0.061093749999999857 0.12700810185185177
0 0.7249537037037037 0.6972048611111111 0.05411458333333332 0.13398726851851847
0 0.7086892361111111 0.5724681712962962 0.05715856481481474 0.12307291666666664
0 0.7509143518518518 0.5677025462962962 0.053275462962962906 0.12616898148148153
0 0.792734375 0.5648871527777778 0.05411458333333315 0.13398726851851847
0 0.7601533564814815 0.6916059027777777 0.0541145833333335 0.13398726851851847
1 0.8039322916666667 0.6880237268518519 0.056348379629629616 0.11916087962962969
1 0.834123263888889 0.5675376157407407 0.060370370370370095 0.1348148148148148
1 0.8740885416666668 0.5514265046296296 0.058721064814815094 0.12308449074074072
0 0.8422887731481481 0.6781510416666666 0.05400462962962962 0.11914351851851848
0 0.8802401620370371 0.6702285879629629 0.061093749999999857 0.12700810185185177
0 0.9036747685185185 0.8817418981481481 0.05799189814814802 0.13010995370370396
1 0.8657349537037037 0.888101851851852 0.0516319444444445 0.11521990740740762
1 0.8254513888888889 0.8944444444444443 0.048559027777777784 0.1222280092592591
0 0.7875115740740741 0.9008043981481482 0.059531249999999855 0.12699652777777787
0 0.7499218750000001 0.9126359953703703 0.053304398148148024 0.13007523148148153
0 0.7127662037037037 0.918611111111111 0.059560185185185334 0.13090277777777787
0 0.674464699074074 0.9210619212962964 0.059560185185185154 0.13090277777777787
0 0.6338715277777778 0.9164641203703704 0.0541145833333335 0.13398726851851847
0 0.6022019675925926 0.9201359953703705 0.05413773148148149 0.1371122685185185
0 0.55953125 0.932320601851852 0.059531249999999855 0.12699652777777787
0 0.5239612268518519 0.9331090856481481 0.058831018518518616 0.1337818287037038
0 0.4887847222222222 0.9357060185185185 0.06269675925925924 0.128587962962963
1 0.4492997685185186 0.9416608796296296 0.05470486111111121 0.10821180555555543
1 0.41098379629629633 0.9444270833333335 0.04928240740740737 0.11114583333333314
0 0.37310763888888887 0.9423148148148147 0.05946759259259267 0.11537037037037053
0 0.3391001157407407 0.9453211805555555 0.05551504629629633 0.10935763888888914
1 0.3008159722222222 0.9455555555555556 0.0633217592592592 0.10888888888888885
0 0.2625173611111111 0.9477633101851852 0.06016203703703704 0.10447337962962955
1 0.22305266203703705 0.9491811342592593 0.059357638888888876 0.10163773148148145
0 0.19021122685185185 0.9529658564814815 0.0592997685185185 0.09406828703703703
1 0.1538454861111111 0.9579166666666665 0.055318287037037006 0.08416666666666686
0 0.11480613425925926 0.9546412037037036 0.05848958333333334 0.09071759259259267
0 0.07767939814814814 0.9568431712962961 0.06079861111111109 0.08631365740740762
0 0.9859085648148149 0.9077430555555555 0.015474537037037096 0.08526620370370352
0 0.9855931712962963 0.8448466435185186 0.017054398148147954 0.08762152777777779