0 0.9001649305555557 0.3551446759259259 0.120590277777778 0.22047453703703698
0 0.9477517361111112 0.2961255787037037 0.10449652777777771 0.2146122685185185
0 0.8422916666666665 0.41350694444444447 0.12784722222222208 0.20820601851851847
0 0.7797743055555555 0.46392939814814815 0.11770833333333322 0.19074074074074082
0 0.7279600694444445 0.5181799768518518 0.13105902777777773 0.1926967592592593
1 0.6529427083333333 0.5331221064814814 0.12418402777777775 0.17844907407407398
1 0.6083506944444445 0.5743229166666667 0.12010416666666668 0.17442708333333332
0 0.5716666666666667 0.6266811342592592 0.14309027777777777 0.16496527777777778
0 0.5245920138888889 0.6646875 0.11993055555555561 0.17052083333333332
0 0.48410590277777776 0.7017187500000001 0.13611111111111107 0.1834837962962963
0 0.44085069444444447 0.7378877314814816 0.12079861111111115 0.15494212962962947
1 0.3979861111111111 0.7565133101851853 0.11057291666666665 0.15307870370370366
0 0.36668402777777775 0.789525462962963 0.11149305555555555 0.15622685185185184
0 0.3344270833333333 0.8186082175925925 0.12189236111111112 0.1619965277777779
0 0.30537326388888886 0.840763888888889 0.12328124999999997 0.15813657407407425
0 0.2734375 0.8858506944444444 0.12328124999999997 0.15813657407407397
0 0.24519097222222222 0.899837962962963 0.1135590277777778 0.15004629629629634
0 0.20541666666666666 0.9177748842592592 0.11043402777777774 0.14995370370370367
0 0.1822829861111111 0.9313802083333332 0.11232638888888888 0.13723958333333358
0 0.16743923611111114 0.9471701388888889 0.11026041666666667 0.10565972222222228
0 0.14333333333333334 0.9582320601851851 0.09597222222222221 0.08353587962962976
0 0.5421440972222222 0.12919560185185183 0.18897569444444445 0.23186342592592593
0 0.48414062500000005 0.17585069444444446 0.2034548611111111 0.2767650462962963
0 0.42236979166666666 0.24307002314814813 0.21503472222222228 0.30909722222222225
1 0.37417534722222223 0.3173234953703704 0.1894618055555556 0.2779108796296296
0 0.3330642361111111 0.37540219907407407 0.16925347222222217 0.24454282407407407
0 0.27163194444444444 0.42390625000000004 0.1571875 0.23638310185185177
1 0.23827256944444447 0.47207175925925926 0.14371527777777776 0.21413773148148146
0 0.21316840277777777 0.5216521990740741 0.15673611111111113 0.22622685185185176
0 0.17068576388888887 0.5664265046296297 0.17614583333333336 0.20651620370370374
0 0.13469618055555554 0.6168547453703704 0.1537152777777778 0.19336805555555542
0 0.10230902777777777 0.6517853009259259 0.1504513888888889 0.2252604166666668
1 0.29660590277777776 0.09929398148148148 0.16994791666666664 0.15483796296296298
0 0.21812499999999999 0.15041377314814816 0.20562500000000003 0.23781828703703703
0 0.16366319444444447 0.18898148148148147 0.20776041666666667 0.2683101851851852
0 0.1124392361111111 0.2565133101851852 0.18328125 0.24417824074074074
0 0.09189236111111111 0.3296354166666667 0.1653125 0.24364583333333334
0 0.07251736111111111 0.3852372685185185 0.12170138888888889 0.2454745370370371
0 0.9649479166666666 0.5509664351851852 0.07010416666666686 0.19482638888888887
0 0.9264409722222222 0.6040335648148148 0.10524305555555565 0.19115162037037034
0 0.8677343750000001 0.6436458333333333 0.11032986111111107 0.18271990740740734
0 0.8136892361111112 0.6740335648148148 0.10923611111111109 0.17566550925925917
0 0.7555121527777777 0.7167824074074074 0.09593749999999997 0.15732638888888886
0 0.7153385416666667 0.7432899305555555 0.11258680555555553 0.16328125
0 0.6743489583333334 0.7689930555555555 0.09892361111111114 0.15429398148148152
0 0.6316840277777778 0.8008883101851852 0.09704861111111107 0.14721643518518518
0 0.5973003472222222 0.8260069444444443 0.09989583333333343 0.14105902777777785
1 0.5551302083333333 0.8427025462962963 0.09397569444444435 0.13074074074074069
0 0.5175954861111112 0.875920138888889 0.10098958333333333 0.14811342592592566
0 0.4873697916666666 0.9155960648148149 0.10034722222222214 0.15121527777777785
0 0.4570833333333333 0.940619212962963 0.09930555555555572 0.11876157407407391
0 0.42040798611111113 0.9474739583333334 0.10119791666666664 0.10505208333333335
0 0.9973263888888889 0.7947222222222222 0.005347222222222214 0.15575231481481477
0 0.9690364583333334 0.8145804398148148 0.06192708333333315 0.1785358796296297
0 0.9442013888888889 0.8456481481481483 0.1025520833333335 0.1481597222222221
1 0.8901736111111112 0.8588715277777779 0.09512152777777771 0.12141203703703703
1 0.848298611111111 0.8822077546296295 0.095034722222222 0.13701388888888885
0 0.8176996527777778 0.9047077546296297 0.09145833333333328 0.1267650462962962
0 0.7798958333333333 0.9406481481481481 0.09881944444444457 0.11684027777777786
0 0.7348697916666667 0.952828414351852 0.08626736111111111 0.09434317129629619
0 0.9471093749999999 0.919855324074074 0.0844444444444445 0.10939236111111086
0 0.8948003472222222 0.9366406250000001 0.07760416666666678 0.09592592592592623
0 0.6972135416666667 0.9638888888888889 0.07140625000000007 0.07222222222222215
0 0.3835763888888889 0.9532031249999999 0.09673611111111118 0.09359375000000014
0 0.34829861111111116 0.9676186342592594 0.08135416666666666 0.06476273148148123