1 0.790625 0.844921875 0.178125 0.1078125
1 0.716796875 0.795703125 0.148046875 0.130078125
1 0.619921875 0.759765625 0.155859375 0.130078125
1 0.5421875 0.71015625 0.1546875 0.130078125
0 0.4578125 0.658203125 0.1546875 0.130078125
1 0.378515625 0.621484375 0.14609375 0.123828125
0 0.302734375 0.575390625 0.14609375 0.130078125
1 0.2171875 0.54609375 0.12265625 0.12578125
0 0.158984375 0.49765625 0.148046875 0.109765625
0 0.081640625 0.459375 0.134765625 0.1328125
0 0.223046875 0.36171875 0.151171875 0.116796875
0 0.3 0.3921875 0.1546875 0.11953125
1 0.383984375 0.437890625 0.123828125 0.09453125
0 0.4546875 0.471875 0.14140625 0.121484375
1 0.5125 0.51328125 0.12265625 0.11953125
0 0.60078125 0.552734375 0.16484375 0.098828125
1 0.66953125 0.5953125 0.12734375 0.12578125
0 0.750390625 0.6359375 0.1546875 0.130078125
1 0.84609375 0.67734375 0.148046875 0.091796875
1 0.523828125 0.18203125 0.123828125 0.09453125
1 0.639453125 0.104296875 0.120703125 0.0875
1 0.72265625 0.142578125 0.1359375 0.07421875
0 0.7828125 0.159765625 0.1125 0.085546875
0 0.8609375 0.2 0.130859375 0.090234375
0 0.92578125 0.232421875 0.1328125 0.105078125
0 0.962109375 0.259375 0.07578125 0.1046875
0 0.948046875 0.3953125 0.10390625 0.121875
0 0.88515625 0.359375 0.1359375 0.116796875
0 0.80625 0.32109375 0.119140625 0.116796875
0 0.730078125 0.2875 0.123828125 0.103515625
0 0.665234375 0.257421875 0.126171875 0.105078125
0 0.5984375 0.229296875 0.1125 0.098828125
0 0.034375 0.229296875 0.06875 0.090234375
0 0.0609375 0.1921875 0.121875 0.123828125
0 0.1328125 0.147265625 0.129296875 0.1328125
0 0.194140625 0.1125 0.148046875 0.1078125
0 0.258984375 0.076171875 0.152734375 0.116796875
0 0.31875 0.050390625 0.130859375 0.10078125