0 0.9459027777777778 0.21205729166666668 0.10819444444444457 0.24026041666666664
1 0.8594184027777778 0.20872395833333335 0.1315798611111112 0.23421875000000006
0 0.7655121527777777 0.20794270833333334 0.1284548611111111 0.23401041666666664
0 0.6727256944444445 0.20473958333333334 0.11904513888888886 0.23182291666666668
1 0.5802170138888888 0.19643229166666668 0.1337847222222223 0.228125
1 0.4881510416666666 0.19044270833333335 0.12267361111111122 0.21958333333333332
1 0.39256076388888894 0.18429687499999997 0.11687500000000002 0.20437500000000003
0 0.3036458333333333 0.17927083333333332 0.11802083333333328 0.22083333333333335
0 0.2221961805555556 0.17570312500000002 0.12093749999999999 0.21166666666666667
0 0.133046875 0.177734375 0.12977430555555552 0.2231770833333333
1 0.07459201388888889 0.17028645833333333 0.09756944444444444 0.21322916666666666
0 0.8869010416666665 0.8116927083333334 0.1581423611111113 0.27109375
0 0.7784635416666666 0.808359375 0.15157986111111105 0.2917187500000001
1 0.6661979166666667 0.8088020833333334 0.164982638888889 0.29807291666666663
0 0.5529947916666667 0.8022656250000001 0.15138888888888893 0.2831249999999998
1 0.455390625 0.7935156250000001 0.15355902777777786 0.31057291666666664
1 0.3537239583333333 0.7779947916666666 0.15322916666666675 0.29572916666666665
0 0.24514756944444444 0.7684114583333332 0.15024305555555556 0.3017708333333335
0 0.1524565972222222 0.7519010416666666 0.14548611111111107 0.29833333333333323
0 0.06751736111111112 0.7321354166666667 0.10829861111111112 0.27479166666666666