0 0.93203125 0.850390625 0.1359375 0.1234375
0 0.88359375 0.739453125 0.146875 0.152734375
0 0.8296875 0.655078125 0.13203125 0.1640625
0 0.775 0.573046875 0.133203125 0.16171875
0 0.710546875 0.488671875 0.115625 0.128125
0 0.651953125 0.41796875 0.121484375 0.12578125
0 0.60625 0.3359375 0.1140625 0.14140625
0 0.559765625 0.26953125 0.12890625 0.13046875
0 0.512890625 0.2 0.118359375 0.112109375
0 0.473828125 0.14140625 0.115625 0.112109375
0 0.4296875 0.08671875 0.1109375 0.096484375
0 0.38046875 0.034765625 0.109375 0.06953125
0 0.59609375 0.9359375 0.15859375 0.119140625
0 0.529296875 0.855078125 0.169140625 0.155078125
0 0.48515625 0.7359375 0.134765625 0.1328125
0 0.4484375 0.65625 0.1453125 0.12578125
0 0.37734375 0.5671875 0.146875 0.1328125
0 0.33125 0.495703125 0.139453125 0.1234375
0 0.296484375 0.406640625 0.13203125 0.121484375
0 0.255859375 0.33359375 0.137890625 0.096484375
0 0.216796875 0.2640625 0.149609375 0.0875
0 0.179296875 0.195703125 0.13203125 0.09453125
0 0.146484375 0.13046875 0.137890625 0.09453125
0 0.1 0.073046875 0.12578125 0.07421875
0 0.330078125 0.830078125 0.154296875 0.18203125
1 0.375 0.921484375 0.1484375 0.152734375
0 0.273828125 0.728125 0.1765625 0.112109375
0 0.2296875 0.64375 0.151171875 0.109765625
0 0.1765625 0.548046875 0.149609375 0.112109375
0 0.146484375 0.458203125 0.155859375 0.098828125
0 0.107421875 0.383203125 0.13203125 0.0875
0 0.068359375 0.329296875 0.12578125 0.109765625
0 0.05390625 0.250390625 0.107421875 0.109765625
0 0.640234375 0.13828125 0.121484375 0.096484375
0 0.58984375 0.070703125 0.116796875 0.083203125
0 0.54609375 0.032421875 0.1171875 0.06484375