0 0.06931712962962963 0.42198784722222216 0.13863425925925926 0.3685243055555556
0 0.14373263888888888 0.40151909722222223 0.21761574074074072 0.35875
0 0.2643315972222222 0.37161458333333336 0.220462962962963 0.35420138888888897
0 0.3795486111111111 0.3536371527777778 0.21881365740740738 0.3658159722222223
0 0.4987760416666666 0.30743055555555554 0.2212037037037037 0.3667013888888889
0 0.614134837962963 0.2804861111111111 0.21251736111111122 0.36475694444444445
0 0.7378587962962964 0.2504427083333333 0.21412615740740737 0.36560763888888886
0 0.8534548611111111 0.2063454861111111 0.2132118055555555 0.37647569444444445
0 0.8901822916666667 0.5530121527777778 0.1703761574074072 0.3636631944444445
0 0.7861053240740741 0.5802343750000001 0.2206539351851852 0.37057291666666675
0 0.6639467592592593 0.6035850694444445 0.21095486111111103 0.36468750000000016
0 0.5439409722222223 0.643203125 0.22359953703703717 0.38083333333333336
0 0.4140104166666667 0.6793663194444445 0.2258969907407408 0.3801562499999999
0 0.29766493055555554 0.7032378472222222 0.21968750000000004 0.36741319444444437
0 0.1792476851851852 0.7357725694444445 0.22097800925925926 0.3760416666666666
0 0.0841550925925926 0.7650954861111112 0.1683101851851852 0.3732465277777777