0 0.4427864583333333 0.8306105324074075 0.12133101851851862 0.18125578703703696
0 0.46087094907407405 0.681423611111111 0.1106770833333334 0.14706018518518532
0 0.3351678240740741 0.8109635416666666 0.12156250000000002 0.19688078703703696
0 0.2084953703703704 0.7960416666666668 0.1396701388888889 0.20732060185185192
0 0.08912905092592593 0.7737471064814815 0.15160879629629628 0.22285879629629637
1 0.06503472222222222 0.5963020833333333 0.11474537037037039 0.15822916666666664
1 0.16302662037037038 0.6247453703703704 0.1436400462962963 0.15916087962962955
1 0.2595283564814815 0.631634837962963 0.13984953703703704 0.16674189814814824
1 0.36289641203703704 0.6541521990740741 0.11475694444444447 0.15901041666666665
1 0.3352256944444444 0.39336516203703703 0.09681712962962959 0.10721064814814821
0 0.4943373842592592 0.4113802083333333 0.086076388888889 0.11984375000000003
0 0.41960648148148144 0.398755787037037 0.08423611111111118 0.10100115740740741
0 0.2674855324074074 0.37842303240740743 0.0874305555555555 0.10587384259259255
0 0.18725694444444446 0.36352141203703703 0.08512152777777779 0.10807870370370373
1 0.11061342592592593 0.353515625 0.10328703703703704 0.12242476851851851
0 0.05083622685185185 0.3491927083333333 0.07811342592592592 0.10922453703703701
0 0.6917708333333333 0.43439814814814814 0.07887152777777776 0.10770833333333325
0 0.766478587962963 0.44546006944444444 0.09301504629629634 0.11401041666666671
0 0.8436747685185185 0.4664265046296297 0.09387731481481473 0.11952546296296304
1 0.9207494212962963 0.47918981481481476 0.10236689814814817 0.11300347222222236
1 0.6794849537037037 0.342734375 0.08562499999999992 0.08937499999999998
1 0.757427662037037 0.3614033564814815 0.07317129629629626 0.09175925925925928
1 0.8203877314814815 0.36981770833333333 0.0662442129629631 0.09837384259259263
1 0.8857320601851854 0.3811053240740741 0.07093171296296319 0.09865162037037037
1 0.9536371527777778 0.38083622685185187 0.08263888888888893 0.09856481481481483
0 0.9686140046296297 0.47247974537037035 0.06277199074074069 0.1329340277777778
0 0.7290162037037037 0.6828732638888889 0.11956018518518512 0.16710069444444448
0 0.7557262731481481 0.8774537037037037 0.16446759259259275 0.24509259259259258
0 0.8596354166666667 0.9029832175925925 0.15065393518518527 0.19403356481481496
1 0.8373408564814815 0.6974884259259259 0.1251331018518517 0.1744560185185186
1 0.931712962962963 0.7186921296296296 0.11503472222222229 0.17776041666666664
0 0.7162123842592593 0.21377604166666667 0.07409143518518527 0.1011805555555556
0 0.7741116898148148 0.22306134259259255 0.06461226851851869 0.09359374999999999
1 0.8289033564814815 0.2333333333333333 0.06617476851851842 0.0936863425925926
0 0.8785995370370371 0.24213252314814815 0.07346064814814816 0.11129050925925928
1 0.9368778935185185 0.2506597222222222 0.07637731481481466 0.09741319444444443
1 0.9772887731481482 0.2605815972222222 0.04542245370370353 0.1067303240740741