0 0.9362934027777777 0.25604166666666667 0.07222222222222215 0.14892361111111113
0 0.8753819444444446 0.24828703703703706 0.11017361111111086 0.15935763888888888
0 0.8029340277777777 0.23592881944444444 0.09491319444444457 0.14987268518518518
0 0.7416666666666666 0.22895833333333332 0.08838541666666658 0.14357638888888893
0 0.6847048611111111 0.21335937500000002 0.08883680555555565 0.1537326388888889
0 0.6302517361111111 0.2102459490740741 0.08999999999999986 0.16233217592592591
0 0.5734114583333334 0.19738136574074075 0.09404513888888885 0.16548611111111108
0 0.5109027777777777 0.18885706018518517 0.08692708333333332 0.1459085648148148
0 0.4462934027777778 0.18581886574074075 0.08133680555555553 0.1607060185185185
0 0.3948524305555556 0.17135127314814816 0.07829861111111107 0.14506365740740743
0 0.33723958333333337 0.1674797453703704 0.08595486111111113 0.15917824074074077
0 0.28401041666666665 0.1655295138888889 0.07932291666666665 0.15053819444444444
0 0.2331076388888889 0.1631712962962963 0.07312500000000002 0.13409143518518524
0 0.17846354166666667 0.1557609953703704 0.07670138888888892 0.1442708333333333
0 0.12895833333333334 0.1584722222222222 0.07873263888888889 0.13725694444444442
0 0.0772829861111111 0.14752314814814815 0.0635763888888889 0.13011574074074078
0 0.10973090277777778 0.4028356481481481 0.054027777777777786 0.12614004629629635
1 0.06330729166666667 0.39575520833333333 0.058940972222222235 0.11368055555555552
1 0.07680555555555554 0.49725115740740744 0.049826388888888885 0.10189814814814824
1 0.04359375 0.488509837962963 0.0484375 0.10579282407407398
0 0.12327256944444445 0.5141001157407408 0.06267361111111111 0.10980324074074073
0 0.152421875 0.4138512731481481 0.058940972222222235 0.1136805555555556
0 0.16264756944444445 0.5208420138888888 0.06647569444444446 0.10748842592592603
0 0.2051475694444444 0.527560763888889 0.06399305555555553 0.10434606481481482
0 0.19391493055555556 0.41549768518518515 0.059531250000000036 0.1269618055555556
0 0.24335069444444443 0.4288078703703704 0.06107638888888891 0.10901041666666664
0 0.2489583333333333 0.5373958333333333 0.0655555555555555 0.1043576388888889
0 0.2967361111111111 0.5397771990740741 0.06340277777777778 0.0910648148148148
0 0.29473958333333333 0.44210358796296295 0.07151041666666665 0.11533564814814815
0 0.34672743055555555 0.4425 0.057482638888888896 0.11601273148148153
0 0.35097222222222224 0.5467997685185185 0.056927083333333336 0.10351273148148152
0 0.3974392361111111 0.5636487268518519 0.061406250000000016 0.0988599537037036
0 0.3930295138888889 0.44684606481481487 0.05861111111111104 0.12383101851851852
0 0.4432899305555555 0.45233506944444446 0.06454861111111114 0.11684606481481481
0 0.4454340277777778 0.5621209490740741 0.0639930555555555 0.10434606481481482
0 0.49469618055555553 0.5715248842592593 0.06409722222222225 0.1066898148148148
0 0.49978298611111105 0.45738715277777775 0.07062500000000008 0.11298611111111115
0 0.5512413194444444 0.4722453703703703 0.07208333333333332 0.11065393518518504
0 0.5410850694444445 0.577824074074074 0.0696006944444445 0.10751157407407419
0 0.5930815972222222 0.5872077546296296 0.06366319444444457 0.11449652777777786
0 0.6045052083333333 0.47497685185185184 0.0731076388888889 0.11612847222222218
0 0.6568142361111111 0.49139178240740744 0.06409722222222207 0.1066898148148148
0 0.6387760416666667 0.5954658564814814 0.0731076388888889 0.11612847222222218
0 0.6942708333333334 0.6044328703703703 0.06746527777777764 0.11218171296296298
0 0.7104861111111112 0.4945109953703704 0.0762326388888889 0.11615162037037034
0 0.7607465277777777 0.5 0.061076388888889 0.10901041666666664
0 0.7448524305555555 0.6083564814814815 0.05746527777777786 0.09804976851851847
0 0.7060590277777778 0.7993315972222221 0.056909722222222216 0.08554976851851848
0 0.7045399305555555 0.8794473379629629 0.055885416666666646 0.08007523148148152
0 0.6533246527777778 0.8700578703703705 0.05744791666666664 0.08008680555555543
0 0.6614149305555556 0.7883304398148148 0.058333333333333216 0.08243634259259273
0 0.6106076388888889 0.8672482638888889 0.05847222222222222 0.08556134259259274
0 0.618967013888889 0.7827835648148148 0.06286458333333336 0.09652777777777768
0 0.5751302083333334 0.7811545138888889 0.05980902777777786 0.09806712962962968
0 0.5676996527777778 0.8601417824074075 0.053749999999999964 0.0847453703703703
0 0.5215277777777778 0.849933449074074 0.06026041666666657 0.07307870370370395
0 0.5311979166666667 0.7685850694444445 0.06802083333333328 0.08953703703703705
0 0.4845659722222223 0.7568171296296297 0.061406249999999926 0.09885995370370378
0 0.48015625 0.8510214120370371 0.04725694444444439 0.07923032407407433
0 0.4368489583333333 0.8349305555555556 0.056909722222222216 0.08554976851851848
0 0.4372916666666667 0.7481799768518519 0.061406249999999926 0.0988599537037036
0 0.3955208333333333 0.8282031249999999 0.052430555555555536 0.0902025462962964
0 0.3961631944444445 0.7371527777777778 0.053750000000000055 0.0847453703703703
0 0.35724826388888886 0.7319704861111112 0.058819444444444445 0.09337384259259256
1 0.3550520833333334 0.8144357638888889 0.04935763888888882 0.07377893518518519
0 0.3120486111111111 0.7260532407407407 0.0696006944444445 0.10751157407407419
0 0.31906249999999997 0.8135300925925926 0.048246527777777715 0.0839236111111112
1 0.27444444444444444 0.7943229166666667 0.04769097222222225 0.07142361111111092
0 0.22866319444444444 0.7137760416666666 0.05833333333333337 0.08243634259259255
0 0.23856770833333335 0.787164351851852 0.050277777777777824 0.07690972222222214
0 0.1990625 0.7862847222222221 0.04833333333333334 0.06830439814814823
0 0.18855034722222222 0.699224537037037 0.057361111111111106 0.09570601851851848
0 0.14893229166666666 0.7045978009259259 0.059809027777777767 0.09806712962962968
0 0.105390625 0.692025462962963 0.06916666666666668 0.11531828703703688
0 0.059921875 0.6888454861111111 0.06296874999999999 0.09887152777777786
1 0.15934895833333335 0.7807175925925927 0.06699652777777776 0.08406250000000011