0 0.16311921296296297 0.7530902777777777 0.23883680555555556 0.46453124999999995
0 0.29186631944444447 0.7403211805555555 0.1635011574074074 0.44020833333333337
1 0.4246903935185185 0.7424913194444445 0.17182870370370368 0.42243055555555564
0 0.5556944444444445 0.7356336805555556 0.18887731481481485 0.41343750000000024
0 0.6842100694444444 0.7384895833333334 0.21782407407407406 0.46953125
0 0.8070804398148148 0.7267621527777778 0.2273263888888888 0.47833333333333333
0 0.9086747685185184 0.7004947916666666 0.16927083333333356 0.4606423611111111
0 0.09150752314814814 0.3908333333333333 0.12366319444444444 0.28156250000000005
0 0.1992361111111111 0.3725173611111111 0.1580960648148148 0.28623263888888884
0 0.3013454861111111 0.36423611111111115 0.14339120370370367 0.29527777777777775
0 0.40421296296296294 0.3575347222222222 0.14602430555555554 0.31486111111111115
0 0.5078096064814815 0.35436631944444447 0.1436689814814816 0.31402777777777785
0 0.6090219907407407 0.35388020833333333 0.1389814814814816 0.3139236111111111
0 0.7221730324074074 0.3388107638888889 0.15457175925925917 0.3119270833333333
0 0.8321701388888888 0.32562499999999994 0.16714120370370367 0.31689236111111113
0 0.9239236111111111 0.30421875 0.14522569444444428 0.366388888888889