0 0.9036255787037037 0.8198350694444445 0.11293402777777786 0.16004050925925917
0 0.8064699074074074 0.8240162037037037 0.12511574074074083 0.1687210648148149
0 0.7059346064814814 0.8322627314814814 0.14022569444444458 0.14806134259259274
0 0.6044618055555555 0.8298466435185186 0.12303819444444439 0.14678819444444463
0 0.5080642361111111 0.8344762731481481 0.13328703703703706 0.14910300925925943
0 0.39696180555555555 0.8356626157407409 0.13668981481481488 0.15402199074074058
0 0.30187789351851857 0.8313657407407409 0.14243634259259252 0.15911458333333348
0 0.19414930555555557 0.8418258101851851 0.14730902777777777 0.16258680555555563
0 0.09888310185185185 0.833984375 0.13182291666666668 0.16377314814814808
0 0.048693576388888896 0.6948640046296296 0.09738715277777779 0.15277777777777785
1 0.13287905092592592 0.7038917824074075 0.13710069444444445 0.14782986111111107
0 0.21780960648148148 0.7007667824074074 0.12092592592592588 0.15052083333333321
0 0.31296585648148145 0.6972222222222222 0.11935763888888892 0.13718171296296297
0 0.40504340277777773 0.6926649305555556 0.1184895833333334 0.14878472222222214
1 0.5020833333333334 0.6904369212962964 0.12791087962962955 0.15026041666666679
0 0.599212962962963 0.6933159722222222 0.1227662037037037 0.15532407407407406
1 0.6969618055555555 0.6989872685185186 0.11416666666666657 0.14146412037037043
0 0.7855063657407407 0.6812210648148148 0.10773148148148141 0.13787615740740744
0 0.8829340277777777 0.6856915509259259 0.11835069444444457 0.14644097222222213
0 0.9217158564814815 0.4351128472222222 0.10515624999999992 0.13379629629629636
0 0.8365769675925925 0.4417534722222222 0.10046296296296298 0.12022569444444446
0 0.7506828703703704 0.4412760416666666 0.11043402777777764 0.1178530092592592
0 0.6683275462962963 0.44066840277777775 0.10730902777777782 0.11762152777777786
0 0.5833940972222222 0.45046296296296295 0.10717592592592595 0.12850115740740745
0 0.5045775462962963 0.44972511574074076 0.10482638888888882 0.1151041666666666
0 0.4240364583333333 0.4516059027777778 0.10220486111111118 0.11024305555555554
0 0.33988715277777776 0.4547887731481481 0.10730902777777782 0.11762152777777782
0 0.25962094907407407 0.45865162037037044 0.11360532407407406 0.11886574074074079
0 0.1776099537037037 0.4588541666666666 0.1189814814814815 0.11770833333333326
1 0.09607928240740742 0.46419270833333337 0.109375 0.11310763888888893
0 0.03569155092592593 0.45584490740740746 0.07138310185185186 0.13043981481481484
0 0.872589699074074 0.21804108796296298 0.09153935185185205 0.10089699074074074
0 0.7983449074074074 0.21960358796296298 0.10243634259259267 0.11414930555555554
0 0.7290393518518519 0.22388599537037038 0.09342592592592602 0.10648148148148148
0 0.6550289351851852 0.2148726851851852 0.08970486111111117 0.10931712962962961
0 0.5826880787037038 0.22403067129629628 0.09273726851851852 0.10798611111111109
0 0.5196122685185185 0.2224971064814815 0.0880497685185185 0.10763888888888892
0 0.4471354166666666 0.22732928240740743 0.09131365740740734 0.1102141203703704
0 0.37073206018518523 0.22559317129629627 0.09434606481481485 0.10888310185185188
0 0.30418113425925924 0.2363570601851852 0.08657986111111109 0.10908564814814811
0 0.23550347222222223 0.2234230324074074 0.09876157407407407 0.11776620370370372
0 0.1619704861111111 0.22621527777777778 0.10023148148148149 0.11631944444444446
0 0.08820601851851853 0.23291377314814818 0.0959085648148148 0.10899884259259258
0 0.03160590277777778 0.22651909722222224 0.06321180555555556 0.13428819444444445