0 0.7981510416666666 0.7719820601851852 0.16661458333333332 0.2683043981481482
0 0.6856510416666667 0.7711487268518519 0.17170717592592588 0.2488194444444444
0 0.5824334490740741 0.768822337962963 0.1832523148148148 0.272332175925926
0 0.48308449074074067 0.7856568287037037 0.18586805555555555 0.2637615740740742
0 0.384771412037037 0.8067939814814815 0.20011574074074065 0.26699074074074075
0 0.296556712962963 0.8006741898148148 0.18016203703703706 0.24653935185185177
0 0.21497106481481482 0.8207638888888888 0.1968055555555555 0.2638425925925926
0 0.152734375 0.7917997685185185 0.1623321759259259 0.24875000000000008
0 0.6966348379629629 0.4030324074074074 0.13072916666666679 0.1766724537037037
0 0.6263252314814814 0.40914930555555556 0.11937499999999997 0.16956018518518512
0 0.563142361111111 0.4235185185185185 0.12402199074074076 0.18208912037037042
0 0.4918055555555555 0.44524594907407405 0.12622106481481482 0.16648726851851858
0 0.4245109953703704 0.46270833333333333 0.12396990740740743 0.16803240740740738
0 0.3650260416666667 0.47359085648148147 0.12461226851851848 0.1656944444444445
0 0.3080671296296297 0.4809780092592592 0.11500578703703698 0.16171875
0 0.2484664351851852 0.48990740740740735 0.12240740740740745 0.16802083333333329
1 0.19261284722222222 0.5027690972222223 0.11748842592592594 0.16407986111111122
0 0.1384085648148148 0.5039293981481482 0.13776041666666666 0.176724537037037
0 0.08710069444444443 0.5078443287037037 0.12364583333333332 0.16256365740740736
0 0.659765625 0.26844328703703707 0.09550347222222229 0.12252893518518526
0 0.5904427083333333 0.27144386574074075 0.09945601851851862 0.12333912037037038
0 0.5290277777777778 0.2827025462962963 0.08585069444444446 0.11777199074074077
0 0.4875607638888889 0.3011371527777778 0.09642361111111111 0.12487847222222222
0 0.4381423611111111 0.3171701388888889 0.09412615740740744 0.12564236111111118
0 0.3894126157407407 0.33164641203703704 0.0991782407407408 0.11865162037037039
0 0.33445601851851847 0.3464670138888889 0.10009837962962961 0.12100115740740751
0 0.2878153935185185 0.3566637731481482 0.10791087962962961 0.12105902777777774
0 0.24115162037037036 0.36646990740740737 0.08713541666666666 0.11309606481481485
0 0.1967361111111111 0.36809317129629626 0.10262731481481482 0.12414351851851854
0 0.15055555555555555 0.3794646990740741 0.12032407407407408 0.13286458333333337
0 0.10977141203703704 0.38306712962962963 0.09458333333333332 0.12017939814814813
0 0.06616319444444443 0.391724537037037 0.09334490740740742 0.12563657407407405
0 0.044296875 0.41147569444444443 0.04729745370370371 0.12607638888888886
0 0.6304774305555556 0.13000578703703705 0.08106481481481467 0.10289930555555556
0 0.584230324074074 0.1468431712962963 0.07494791666666671 0.0919212962962963
0 0.5387384259259259 0.15665798611111112 0.07775462962962969 0.09975115740740739
0 0.4967158564814815 0.16571759259259258 0.08528935185185187 0.0951215277777778
0 0.4548350694444444 0.18375868055555555 0.07517361111111107 0.0825520833333333
0 0.41534143518518524 0.19596064814814812 0.08156828703703703 0.09821759259259259
0 0.3732494212962963 0.20384837962962962 0.08262731481481485 0.10291087962962964
0 0.3337818287037037 0.2230787037037037 0.06528935185185185 0.07388888888888889
0 0.29890625000000004 0.2341435185185185 0.0674074074074074 0.08327546296296298
0 0.25897569444444446 0.24556134259259257 0.08289930555555554 0.09432291666666667
0 0.2211574074074074 0.2530902777777778 0.06501157407407403 0.0692013888888889
0 0.1818923611111111 0.2625607638888889 0.0674074074074074 0.08327546296296298
0 0.14474247685185185 0.2747800925925926 0.06368055555555552 0.07309606481481482
0 0.11703414351851853 0.2816030092592593 0.05733796296296295 0.07148726851851847
0 0.0817650462962963 0.2860271990740741 0.061979166666666675 0.07074074074074073
0 0.5051475694444445 0.11033564814814815 0.0680497685185184 0.08093750000000001
0 0.46096354166666664 0.11586516203703703 0.06644097222222226 0.08014467592592593
0 0.4244589120370371 0.13238425925925926 0.07972800925925934 0.09351851851851851
0 0.3852141203703704 0.13560763888888888 0.07614004629629631 0.08568287037037035
0 0.3498119212962963 0.15096354166666667 0.06620949074074076 0.07623842592592593
0 0.32010706018518514 0.16362847222222224 0.06804976851851859 0.08093750000000002
0 0.2819907407407407 0.17271701388888888 0.0693807870370371 0.0770428240740741
0 0.2509780092592592 0.18966724537037036 0.06418402777777779 0.06841435185185185
0 0.22152199074074072 0.19335358796296295 0.06804976851851856 0.08093750000000002
0 0.18280960648148148 0.20556134259259257 0.08234374999999998 0.08494791666666668
0 0.1520891203703704 0.2076765046296296 0.06620949074074076 0.07623842592592593
0 0.1113773148148148 0.21908854166666666 0.07714699074074076 0.07631944444444443
1 0.7330295138888889 0.028857060185185184 0.08480902777777785 0.047482638888888894
1 0.7717910879629629 0.024068287037037037 0.08264467592592588 0.037314814814814815
0 0.8080960648148148 0.023946759259259258 0.08494212962962955 0.036550925925925924
0 0.8490451388888889 0.029716435185185186 0.08246527777777786 0.04746527777777778
0 0.7067187500000001 0.026319444444444444 0.09312500000000004 0.0428587962962963
0 0.6658854166666666 0.02250289351851852 0.06927083333333321 0.035653935185185184
0 0.6212876157407408 0.02763888888888889 0.07382523148148153 0.04662037037037037
0 0.5852604166666666 0.03244791666666667 0.08145833333333333 0.0568287037037037
0 0.5533449074074074 0.03416377314814815 0.0676273148148148 0.06063078703703704
0 0.49539930555555556 0.04466724537037037 0.06892361111111107 0.08250578703703704
0 0.4618287037037037 0.044809027777777774 0.053616898148148094 0.07458333333333333
0 0.4342853009259259 0.06100405092592592 0.06515046296296294 0.07154513888888889
0 0.40441550925925923 0.064296875 0.061290509259259274 0.0722974537037037
0 0.3690364583333333 0.08004340277777779 0.0606481481481481 0.07463541666666666
0 0.34296296296296297 0.09468750000000001 0.06804976851851849 0.0809375
0 0.3163107638888889 0.09956597222222223 0.07108217592592592 0.07939814814814813
0 0.2828125 0.10751736111111113 0.05439236111111114 0.06131365740740739
0 0.25765625000000003 0.1178732638888889 0.06754050925925928 0.07234375000000001
0 0.23495949074074077 0.13019965277777779 0.06685185185185186 0.07390046296296296
0 0.20263020833333334 0.13152199074074072 0.056921296296296296 0.06445601851851852
0 0.17499131944444443 0.13951678240740742 0.0628993055555556 0.07309027777777777
0 0.14544849537037036 0.15491608796296297 0.06262152777777778 0.06840277777777777