1 0.874609375 0.777734375 0.250390625 0.316796875
0 0.719140625 0.657421875 0.230078125 0.27265625
0 0.603125 0.5765625 0.196484375 0.251171875
0 0.487109375 0.5 0.198046875 0.2296875
0 0.39453125 0.4234375 0.182421875 0.195703125
0 0.313671875 0.377734375 0.190234375 0.17265625
0 0.238671875 0.339453125 0.1453125 0.15546875
1 0.448046875 0.251953125 0.1359375 0.121484375
1 0.524609375 0.295703125 0.1296875 0.127734375
1 0.597265625 0.3265625 0.185546875 0.125390625
1 0.686328125 0.3734375 0.2 0.1296875
1 0.78359375 0.43203125 0.21875 0.153125
1 0.898046875 0.495703125 0.194921875 0.187109375