0 0.5662934027777778 0.06622106481481481 0.15491319444444435 0.11788194444444444
0 0.4513715277777778 0.10320312499999999 0.19100694444444438 0.19573495370370372
0 0.38546006944444444 0.18545717592592595 0.19359374999999995 0.20670717592592594
0 0.3183333333333333 0.2520630787037037 0.1861284722222222 0.18707175925925928
0 0.24863715277777781 0.3112065972222222 0.18559027777777776 0.19799768518518518
1 0.19452256944444443 0.3725347222222222 0.1791840277777778 0.19087384259259252
0 0.1407204861111111 0.4198003472222222 0.18725694444444443 0.16756365740740745
0 0.09017795138888889 0.4733564814814815 0.18035590277777777 0.16279513888888886
0 0.06572916666666666 0.5225318287037037 0.13145833333333332 0.14975115740740746
0 0.9091579861111111 0.2518287037037037 0.11210069444444457 0.15942129629629634
0 0.8528211805555556 0.3076533564814815 0.1241493055555555 0.13929398148148148
0 0.7782986111111111 0.3553935185185185 0.12746527777777777 0.14793402777777773
1 0.7046093750000001 0.4008015046296297 0.13291666666666657 0.14723379629629635
0 0.6432465277777778 0.43662326388888884 0.13381944444444435 0.15271412037037035
1 0.5832291666666667 0.48223379629629626 0.12729166666666672 0.1401215277777778
0 0.5201822916666666 0.5235011574074073 0.12427083333333329 0.1447627314814815
0 0.4724826388888889 0.559916087962963 0.12552083333333322 0.13072337962962965
1 0.42294270833333336 0.5912239583333333 0.10814236111111111 0.121875
1 0.38088541666666664 0.6199074074074075 0.11190972222222229 0.11568287037037024
0 0.34247395833333333 0.6603674768518518 0.11835069444444439 0.12436921296296291
0 0.3018142361111111 0.6964959490740741 0.10987847222222218 0.12971064814814817
0 0.25633680555555555 0.7208304398148148 0.11520833333333336 0.12354166666666658
0 0.22320312500000003 0.7523813657407408 0.10319444444444448 0.1100868055555555
0 0.18275173611111112 0.7791348379629629 0.1160763888888889 0.12745949074074064
0 0.9251215277777778 0.41266493055555553 0.12281249999999985 0.14942708333333332
0 0.8493142361111111 0.4654658564814815 0.11791666666666671 0.13998263888888882
0 0.7900086805555555 0.49662905092592596 0.09864583333333332 0.116267361111111
0 0.7274826388888889 0.5320428240740741 0.10975694444444457 0.12424189814814816
1 0.6750434027777779 0.5531481481481482 0.10154513888888879 0.10615740740740734
1 0.6152170138888888 0.5901649305555555 0.11343750000000004 0.11414351851851841
1 0.5707899305555555 0.6199855324074074 0.10322916666666657 0.1116493055555555
0 0.5264843750000001 0.6443373842592592 0.110295138888889 0.11331597222222226
0 0.47653645833333336 0.6764207175925925 0.10310763888888878 0.1061805555555555
1 0.439296875 0.6993142361111111 0.10583333333333336 0.12340277777777793
1 0.4064409722222222 0.7359490740740741 0.11190972222222229 0.11568287037037042
1 0.36828125 0.7650810185185185 0.11909722222222223 0.12281828703703698
1 0.34022569444444445 0.7791232638888889 0.10213541666666667 0.09757523148148142
1 0.308203125 0.7958420138888889 0.10625 0.10700810185185183
0 0.585703125 0.7753356481481481 0.08894097222222222 0.10128472222222218
0 0.5394357638888889 0.8000491898148148 0.08894097222222222 0.10128472222222236
1 0.5022222222222222 0.8041869212962963 0.08965277777777772 0.09817129629629626
1 0.4570659722222222 0.8316521990740741 0.09585069444444443 0.09592013888888892
0 0.43094618055555556 0.8640885416666666 0.0948611111111111 0.08653356481481467
0 0.3924913194444445 0.888917824074074 0.09086805555555558 0.08256944444444443