0 0.22927662037037036 0.27440972222222226 0.2308101851851852 0.37601851851851853
0 0.3680613425925926 0.24515046296296297 0.2221643518518519 0.3684780092592592
0 0.5026504629629629 0.22930844907407405 0.21512152777777782 0.3664988425925926
0 0.6379774305555556 0.20765335648148148 0.20720486111111108 0.3519733796296296
0 0.7777199074074075 0.20226851851851854 0.22418981481481487 0.32564814814814813
0 0.9149450231481481 0.7458940972222222 0.1701099537037038 0.28454282407407394
0 0.9754340277777779 0.7283883101851851 0.049131944444444284 0.26642939814814814
0 0.6827864583333334 0.7749045138888888 0.1761516203703703 0.27126157407407414
0 0.5697280092592593 0.7982696759259259 0.1785358796296297 0.27686921296296313
0 0.45122106481481483 0.824045138888889 0.1785358796296297 0.27686921296296285
0 0.23214409722222223 0.8635069444444443 0.17473379629629626 0.2729861111111112
1 0.3404832175925926 0.8444241898148148 0.18168402777777776 0.2801793981481481
1 0.8025781249999999 0.7644328703703703 0.1754224537037036 0.2782465277777778
0 0.8677633101851852 0.18183449074074073 0.1683391203703703 0.2707986111111111