0 0.2460590277777778 0.8796585648148149 0.3130902777777778 0.2264641203703704
0 0.22913194444444446 0.7096672453703704 0.28218750000000004 0.16375578703703705
0 0.22647569444444446 0.5796122685185185 0.2780034722222222 0.15747685185185176
0 0.2267795138888889 0.4722280092592593 0.23895833333333333 0.14000578703703698
0 0.20935763888888886 0.37017939814814815 0.23895833333333333 0.14000578703703698
0 0.20960937500000001 0.2791956018518519 0.2455729166666667 0.13068287037037035
0 0.18465277777777778 0.2009114583333333 0.23480902777777776 0.13450810185185186
0 0.18222222222222223 0.11107928240740741 0.22361111111111112 0.11099537037037037
0 0.786484375 0.887957175925926 0.26993055555555545 0.2042766203703703
0 0.7549305555555555 0.7315248842592592 0.26291666666666663 0.18704282407407416
1 0.7185416666666666 0.6156684027777779 0.2461631944444445 0.1791087962962962
0 0.6790190972222222 0.4908072916666667 0.22703124999999993 0.17037615740740736
0 0.6554340277777777 0.37309317129629627 0.22638888888888892 0.13835069444444442
0 0.61921875 0.29628761574074075 0.2022916666666667 0.12333333333333325
0 0.8334288194444444 0.2924074074074074 0.20506944444444447 0.15068865740740742
0 0.8675260416666667 0.3918460648148148 0.2346354166666665 0.1657465277777778
0 0.892131076388889 0.5049739583333334 0.21573784722222208 0.17750578703703698
0 0.9098177083333333 0.6183709490740741 0.18036458333333344 0.1655729166666667
0 0.939626736111111 0.7373234953703705 0.12074652777777786 0.180792824074074
0 0.9596701388888889 0.8671354166666667 0.08065972222222229 0.14773148148148146