0 0.94921875 0.894921875 0.08671875 0.152734375
0 0.899609375 0.851171875 0.091796875 0.15390625
0 0.85625 0.792578125 0.09921875 0.15703125
0 0.81875 0.750390625 0.09765625 0.136328125
0 0.77578125 0.70234375 0.1125 0.149609375
0 0.730078125 0.65859375 0.1 0.1421875
0 0.69609375 0.619140625 0.103515625 0.15703125
0 0.64296875 0.580078125 0.105859375 0.146484375
0 0.60234375 0.549609375 0.105078125 0.14375
0 0.556640625 0.494921875 0.105078125 0.123046875
0 0.507421875 0.447265625 0.09765625 0.1125
0 0.46640625 0.396484375 0.091796875 0.115625
0 0.426953125 0.346484375 0.093359375 0.13046875
0 0.38515625 0.309765625 0.105859375 0.119921875
0 0.3421875 0.265234375 0.1 0.115625
0 0.298828125 0.22578125 0.093359375 0.109765625
1 0.272265625 0.1984375 0.08984375 0.12890625
1 0.819921875 0.932421875 0.1125 0.108203125
0 0.77109375 0.905078125 0.080078125 0.12578125
0 0.725 0.859375 0.083984375 0.123046875
0 0.680859375 0.810546875 0.080859375 0.12578125
0 0.2328125 0.15390625 0.0859375 0.139453125
0 0.188671875 0.108203125 0.09765625 0.13046875
0 0.158984375 0.07265625 0.0859375 0.12890625
0 0.094921875 0.050390625 0.08671875 0.10078125
0 0.06875 0.177734375 0.078515625 0.149609375
0 0.1015625 0.2140625 0.082421875 0.14375
0 0.14453125 0.251953125 0.0734375 0.15703125
0 0.180078125 0.291796875 0.0765625 0.162890625
0 0.21953125 0.33125 0.094140625 0.1421875
0 0.26328125 0.3703125 0.093359375 0.136328125
0 0.306640625 0.41328125 0.08828125 0.118359375
0 0.349609375 0.45390625 0.08828125 0.136328125
0 0.383203125 0.4984375 0.082421875 0.119921875
0 0.428515625 0.535546875 0.093359375 0.146484375
0 0.479296875 0.580078125 0.091796875 0.136328125
1 0.51328125 0.628125 0.0765625 0.14375
1 0.55546875 0.680859375 0.080859375 0.133203125
1 0.5921875 0.719140625 0.093359375 0.13046875
1 0.63515625 0.76875 0.093359375 0.119921875
1 0.4875 0.94375 0.1015625 0.1125
0 0.442578125 0.9 0.08828125 0.13046875
1 0.399609375 0.851171875 0.091796875 0.133203125
0 0.348828125 0.804296875 0.11328125 0.123046875
0 0.30625 0.75703125 0.083984375 0.133203125
0 0.27109375 0.703125 0.082421875 0.13046875
0 0.231640625 0.6546875 0.08828125 0.118359375
0 0.183984375 0.6140625 0.080078125 0.146484375
1 0.13984375 0.58828125 0.080078125 0.146484375
0 0.1015625 0.54453125 0.08828125 0.12890625
1 0.061328125 0.508203125 0.083984375 0.139453125
0 0.1984375 0.84375 0.11328125 0.149609375
0 0.307421875 0.935546875 0.116796875 0.123046875
0 0.09296875 0.719921875 0.11484375 0.139453125
0 0.95859375 0.428125 0.082421875 0.146484375
0 0.916015625 0.384375 0.0859375 0.14375
0 0.8765625 0.336328125 0.08671875 0.13046875
0 0.83515625 0.303515625 0.0859375 0.123046875
0 0.79140625 0.251171875 0.07265625 0.133203125
0 0.7578125 0.2171875 0.082421875 0.1125
0 0.72109375 0.152734375 0.0734375 0.119921875
0 0.68671875 0.1421875 0.075 0.13046875
0 0.633203125 0.1015625 0.07265625 0.118359375
0 0.582421875 0.07109375 0.0859375 0.119921875
0 0.547265625 0.04375 0.0765625 0.0875