1 0.70546875 0.179296875 0.098828125 0.225
1 0.626953125 0.18046875 0.067578125 0.235546875
1 0.554296875 0.184375 0.080078125 0.225
0 0.473828125 0.1765625 0.080078125 0.227734375
0 0.39453125 0.179296875 0.075 0.243359375
0 0.31328125 0.18203125 0.092578125 0.23046875
0 0.23359375 0.191015625 0.08984375 0.225
0 0.15 0.183203125 0.08984375 0.2171875
1 0.069921875 0.198828125 0.08359375 0.17265625
1 0.476171875 0.725 0.10859375 0.355859375
1 0.07265625 0.702734375 0.094921875 0.340234375
0 0.175 0.692578125 0.08984375 0.38203125
0 0.27734375 0.71484375 0.10625 0.353515625
0 0.385546875 0.72265625 0.08984375 0.337890625