0 0.076171875 0.22109375 0.10625 0.221484375
1 0.177734375 0.22421875 0.101171875 0.215234375
0 0.271484375 0.22890625 0.098046875 0.215234375
0 0.364453125 0.230859375 0.088671875 0.215234375
1 0.4578125 0.227734375 0.104296875 0.20859375
1 0.550390625 0.226953125 0.09375 0.201953125
1 0.646484375 0.22578125 0.090625 0.1875
0 0.7359375 0.22578125 0.088671875 0.204296875
0 0.817578125 0.226953125 0.09375 0.19375
0 0.906640625 0.233984375 0.101171875 0.204296875
1 0.965625 0.2296875 0.06875 0.200390625
0 0.087109375 0.84375 0.117578125 0.29140625
0 0.197265625 0.83359375 0.110546875 0.2890625
1 0.3109375 0.83125 0.126171875 0.27421875
0 0.424609375 0.83125 0.114453125 0.261328125
1 0.523046875 0.827734375 0.1125 0.2890625
1 0.626171875 0.81796875 0.114453125 0.27421875
0 0.735546875 0.814453125 0.110546875 0.280859375
0 0.830078125 0.803515625 0.10625 0.278515625
0 0.938671875 0.79140625 0.117578125 0.255859375