0 0.82484375 0.8905381944444445 0.3273958333333333 0.21892361111111108
0 0.8356770833333333 0.7343460648148149 0.29229166666666656 0.17942129629629627
0 0.8328906249999999 0.6047019675925925 0.2871875000000002 0.17313657407407418
0 0.8280729166666667 0.49729745370370376 0.246875 0.15409722222222227
0 0.8416666666666666 0.39666666666666667 0.246875 0.15409722222222227
0 0.8371614583333333 0.3056626157407408 0.2533333333333335 0.14555555555555558
0 0.8594010416666666 0.22930266203703703 0.24255208333333336 0.14781828703703698
0 0.8580989583333333 0.13949363425925926 0.23005208333333335 0.12429976851851854
0 0.2841927083333333 0.8661313657407408 0.28317708333333336 0.21839699074074082
0 0.309453125 0.7120978009259259 0.27578125 0.20116319444444458
1 0.34096354166666665 0.5991059027777779 0.25796875 0.19166087962962947
0 0.3754166666666666 0.4775462962962963 0.23781250000000007 0.1821412037037037
0 0.3946354166666667 0.36173032407407407 0.23494791666666667 0.15088541666666658
0 0.427578125 0.2877922453703704 0.20968750000000003 0.13508101851851856
0 0.21294270833333334 0.26589988425925926 0.2145833333333333 0.1616666666666667
0 0.18229166666666669 0.3625 0.24536458333333333 0.17829282407407412
0 0.15057291666666667 0.4723668981481481 0.25083333333333335 0.19004629629629624
0 0.13885416666666667 0.5835532407407408 0.21177083333333332 0.1780439814814816
0 0.11570312500000002 0.6989496527777778 0.15088541666666666 0.19008680555555557
0 0.10190104166666666 0.8257378472222221 0.10421874999999999 0.15772569444444437