0 0.9292187500000001 0.6272106481481481 0.14156249999999987 0.30118055555555545
0 0.83203125 0.555552662037037 0.24474537037037045 0.24704282407407413
0 0.6930034722222222 0.4588686342592593 0.20418981481481496 0.25521412037037033
0 0.5784027777777778 0.38959201388888887 0.19302662037037024 0.22442129629629629
0 0.5080439814814814 0.3326793981481481 0.19041087962962955 0.18763310185185186
0 0.44751157407407405 0.2836805555555556 0.19260995370370376 0.1681712962962963
0 0.37731481481481477 0.2486429398148148 0.16425925925925924 0.136869212962963
0 0.32783564814814814 0.21494502314814817 0.16493634259259257 0.12282986111111109
1 0.2834375 0.18148726851851854 0.1250115740740741 0.11071180555555556
0 0.25744502314814816 0.1537355324074074 0.1483796296296296 0.10203125000000002
0 0.21858506944444445 0.12949074074074074 0.14837962962962958 0.10203125000000002
0 0.18874421296296298 0.10966724537037036 0.15547453703703704 0.11083333333333334
0 0.17100983796296296 0.0890943287037037 0.15707175925925926 0.11556712962962963
0 0.14197627314814815 0.0727633101851852 0.1523032407407407 0.10449074074074075
0 0.17219618055555555 0.7767100694444444 0.3357002314814815 0.39970486111111114
0 0.14610243055555555 0.5770486111111112 0.2857465277777778 0.2990277777777777
0 0.11368634259259258 0.4732986111111111 0.22190972222222222 0.2221527777777778