1 0.817740162037037 0.5959288194444444 0.27802083333333344 0.19892361111111115
1 0.6177806712962963 0.602879050925926 0.2027430555555556 0.26633101851851854
1 0.3365769675925926 0.5584751157407407 0.14198495370370362 0.18463541666666677
1 0.35919849537037035 0.4481452546296296 0.16868634259259263 0.09811921296296297
1 0.3260821759259259 0.30189814814814814 0.07957175925925926 0.09042824074074077
1 0.3971383101851852 0.2962934027777778 0.08423032407407405 0.08655671296296301
1 0.48153645833333336 0.2987934027777778 0.0951620370370371 0.08585648148148142
1 0.7720862268518518 0.3392216435185185 0.10719328703703716 0.12813078703703712
1 0.8250694444444445 0.26695023148148145 0.06860532407407405 0.08644097222222218
0 0.9058246527777778 0.3050260416666667 0.13142361111111106 0.12987268518518516
0 0.7605410879629629 0.46822048611111117 0.2442013888888889 0.16820601851851857
0 0.5921122685185185 0.4600925925925926 0.19878472222222215 0.1538078703703704
0 0.4621556712962963 0.42472511574074073 0.1980034722222222 0.15380208333333326
0 0.23466145833333335 0.5115711805555556 0.11523726851851848 0.15943865740740737
0 0.46163194444444444 0.5649710648148148 0.141568287037037 0.23384837962962965
0 0.14536168981481482 0.48019965277777776 0.12534722222222222 0.1532638888888888
0 0.09244791666666667 0.4563715277777778 0.09234374999999999 0.12723958333333324
0 0.017326388888888888 0.44052083333333336 0.028888888888888888 0.10333333333333332
1 0.034664351851851856 0.4607060185185185 0.0633449074074074 0.11452546296296298
1 0.29173032407407407 0.41075231481481483 0.12163773148148146 0.07433449074074079
0 0.19498842592592594 0.37670138888888893 0.14201967592592588 0.08385995370370374
0 0.039328703703703706 0.35207175925925926 0.07409722222222222 0.08960648148148147
0 0.10713252314814814 0.2765653935185185 0.0578125 0.10589120370370368
0 0.2008564814814815 0.2723553240740741 0.06326967592592592 0.10436921296296298
0 0.2595486111111111 0.28520254629629627 0.07745949074074074 0.12166087962962964
1 0.06037905092592592 0.3987934027777778 0.09034143518518518 0.06785300925925926
1 0.7507899305555557 0.259296875 0.12561921296296283 0.08451967592592595
1 0.5490943287037038 0.24282118055555557 0.11226851851851852 0.07504629629629633
1 0.6436255787037037 0.24212094907407405 0.128767361111111 0.08766782407407411
0 0.5692592592592594 0.27548611111111115 0.1175462962962964 0.15476851851851856
0 0.6596527777777779 0.2963020833333333 0.1009895833333335 0.1343344907407408
1 0.47413773148148153 0.24923611111111113 0.10604166666666667 0.078125
1 0.4045370370370371 0.2403761574074074 0.1082581018518518 0.060954861111111036
1 0.3311082175925926 0.24209201388888885 0.1122106481481481 0.06723379629629633
0 0.27434317129629626 0.22571469907407407 0.11703124999999996 0.0852372685185185
1 0.15244791666666666 0.27662037037037035 0.060659722222222226 0.06841435185185185
1 0.07484664351851852 0.2951649305555556 0.04889467592592593 0.06207754629629623
1 0.8801851851851852 0.16614583333333335 0.1027835648148148 0.06013310185185183
1 0.8467245370370371 0.1316261574074074 0.11215277777777777 0.05942129629629633
1 0.7809924768518519 0.17039641203703704 0.08017361111111114 0.06621527777777776
1 0.7612094907407407 0.13655671296296296 0.09883101851851847 0.05385416666666667
1 0.6841898148148149 0.12814236111111113 0.09175925925925928 0.04833333333333334
1 0.6185503472222222 0.12667534722222223 0.10902199074074073 0.05861689814814817
1 0.5611516203703704 0.13022569444444446 0.0980381944444444 0.05228587962962963
1 0.4939409722222222 0.12759837962962964 0.09334490740740745 0.05146990740740742
1 0.24317129629629627 0.18375578703703704 0.05355324074074073 0.05820601851851857
1 0.28647569444444443 0.1760127314814815 0.049542824074074066 0.04411458333333336
1 0.32980324074074074 0.17139467592592592 0.05266203703703702 0.04335648148148148
1 0.3770688657407407 0.17104456018518518 0.06292245370370378 0.057494212962962976
1 0.43528935185185186 0.1729571759259259 0.07004050925925931 0.0692650462962963
1 0.494230324074074 0.16666087962962964 0.08169560185185176 0.06075810185185184
1 0.5609982638888888 0.16225983796296298 0.06833912037037031 0.05050347222222222
1 0.6286111111111111 0.16644675925925925 0.08479166666666664 0.05687499999999997
1 0.7075694444444445 0.17289351851851853 0.07947916666666668 0.07792824074074076