0 0.6672743055555556 0.22192708333333333 0.16788194444444446 0.13192708333333333
0 0.6934809027777777 0.344375 0.18227430555555557 0.1578125
0 0.7124131944444445 0.46182291666666664 0.18744791666666671 0.16906250000000006
0 0.7379253472222222 0.5862760416666667 0.19333333333333336 0.17880208333333342
0 0.7658159722222223 0.7113541666666666 0.18010416666666665 0.16156250000000014
1 0.7865190972222222 0.8510156250000002 0.19177083333333336 0.17869791666666676
0 0.4249913194444444 0.27999999999999997 0.17815972222222226 0.11781249999999996
0 0.43827256944444437 0.3848958333333333 0.1715798611111111 0.12750000000000003
0 0.4600000000000001 0.51234375 0.17520833333333333 0.15656250000000008
0 0.4900954861111111 0.7751822916666666 0.18996527777777777 0.1380729166666665
0 0.5002083333333334 0.9057552083333335 0.1869097222222223 0.139427083333333
0 0.334609375 0.9261979166666666 0.1712326388888889 0.11968749999999986
0 0.3114670138888889 0.793359375 0.18987847222222226 0.1536458333333332
0 0.3031857638888889 0.659921875 0.18677083333333327 0.13630208333333335
0 0.2875520833333333 0.5285416666666667 0.18145833333333333 0.12192708333333328
1 0.28055555555555556 0.42401041666666667 0.16611111111111113 0.12713541666666667
1 0.47717013888888893 0.6342187499999999 0.18977430555555555 0.15130208333333323
1 0.2656336805555556 0.3086458333333334 0.16984375 0.12348958333333329