0 0.05761284722222222 0.22731770833333337 0.09894097222222223 0.1500520833333333
0 0.09996817129629629 0.32656539351851854 0.17473958333333334 0.18436921296296296
0 0.1694212962962963 0.39699074074074076 0.16815393518518515 0.1925983796296297
0 0.24107638888888888 0.4645601851851852 0.16881365740740736 0.19029513888888888
0 0.3229282407407407 0.5323842592592593 0.14351273148148147 0.1531423611111112
0 0.39592881944444447 0.5881336805555556 0.1489409722222222 0.15264467592592582
0 0.45909143518518525 0.6581018518518519 0.1449826388888889 0.16646412037037023
0 0.5194907407407408 0.7125462962962963 0.15703703703703695 0.15851851851851856
0 0.5808130787037037 0.7696846064814815 0.14274305555555564 0.13829861111111103
0 0.6318836805555555 0.8179542824074074 0.14035879629629627 0.13739583333333344
0 0.6874189814814814 0.8616840277777778 0.13169560185185175 0.1205844907407407
0 0.7470486111111111 0.9012847222222222 0.1240682870370371 0.09369791666666671
0 0.33422453703703703 0.07362413194444445 0.18405671296296297 0.1472482638888889
0 0.4174363425925926 0.13424189814814813 0.20318865740740738 0.1920775462962963
0 0.4875810185185186 0.24066550925925925 0.1634490740740741 0.1619675925925926
0 0.5413078703703704 0.30994791666666666 0.17258101851851854 0.15776620370370367
0 0.6303732638888888 0.38092303240740744 0.17607060185185192 0.16495949074074073
0 0.6914265046296297 0.4404253472222222 0.16616898148148138 0.15431712962962968
0 0.7456597222222221 0.5194733796296296 0.1581539351851852 0.15000578703703696
0 0.8013657407407407 0.5816030092592592 0.15850115740740733 0.12664930555555554
0 0.8553472222222223 0.6406886574074073 0.16833333333333336 0.12092592592592588
0 0.9073350694444444 0.6990943287037037 0.15212962962962956 0.12398148148148139
0 0.9374464699074074 0.7550289351851852 0.12510706018518505 0.1250868055555557
0 0.9704311342592593 0.8015422453703703 0.05913773148148138 0.10053819444444442
0 0.6176909722222221 0.11367476851851852 0.19428819444444442 0.21576967592592594
1 0.5535387731481481 0.06377025462962962 0.18051504629629633 0.12754050925925925
0 0.6954369212962963 0.20051215277777779 0.2003009259259258 0.151412037037037
0 0.7575491898148148 0.272884837962963 0.17493634259259264 0.14308449074074076
0 0.830714699074074 0.35447627314814817 0.17427662037037034 0.14538773148148154
0 0.8803414351851853 0.43532986111111105 0.1767534722222222 0.13304976851851857
0 0.9299479166666668 0.49984375 0.14010416666666642 0.11690972222222236
0 0.9550983796296297 0.5441550925925925 0.08980324074074061 0.13576388888888893
0 0.9758333333333333 0.6181828703703703 0.04833333333333343 0.13069444444444453
0 0.4702633101851852 0.8584519675925926 0.14275462962962954 0.12349537037037032
0 0.5345891203703703 0.9130844907407407 0.13499421296296302 0.10906828703703723
0 0.585865162037037 0.9351012731481483 0.13041087962962977 0.08078124999999972