1 0.61640625 0.70703125 0.0828125 0.2515625
1 0.166015625 0.6390625 0.08125 0.2359375
1 0.09375 0.626953125 0.1015625 0.26953125
0 0.23984375 0.648046875 0.078125 0.233203125
0 0.31640625 0.66796875 0.06328125 0.26796875
0 0.384375 0.671484375 0.07265625 0.265234375
0 0.4625 0.691796875 0.08125 0.272265625
0 0.540625 0.696484375 0.075 0.25703125
0 0.6984375 0.7203125 0.08671875 0.283203125
0 0.7875 0.74375 0.09140625 0.283203125
0 0.86875 0.7421875 0.09140625 0.28046875
0 0.954296875 0.74921875 0.0828125 0.25703125
0 0.9328125 0.527734375 0.08125 0.2015625
0 0.851953125 0.510546875 0.08984375 0.204296875
0 0.778125 0.4921875 0.1015625 0.215234375
0 0.701171875 0.48671875 0.08671875 0.1890625
0 0.625390625 0.477734375 0.0796875 0.21796875
0 0.55078125 0.45546875 0.07265625 0.204296875
0 0.480078125 0.45703125 0.06953125 0.197265625
0 0.412109375 0.446484375 0.075 0.197265625
0 0.34375 0.439453125 0.0765625 0.1984375
0 0.269140625 0.43671875 0.075 0.1984375
0 0.201953125 0.42421875 0.08515625 0.209765625
0 0.13046875 0.41328125 0.084375 0.19453125
0 0.069140625 0.4015625 0.0828125 0.15
0 0.032421875 0.39921875 0.06484375 0.170703125