1 0.9078125 0.676953125 0.1640625 0.1390625
0 0.725 0.603515625 0.11953125 0.18046875
0 0.877734375 0.5296875 0.1625 0.10703125
1 0.717578125 0.46328125 0.14296875 0.0734375
1 0.5953125 0.49453125 0.0984375 0.141796875
1 0.6046875 0.3875 0.1296875 0.0625
0 0.490234375 0.423046875 0.1015625 0.154296875
1 0.496875 0.321484375 0.12421875 0.052734375
1 0.390234375 0.359765625 0.09609375 0.10703125
1 0.424609375 0.28125 0.12421875 0.04453125
0 0.309765625 0.315234375 0.0828125 0.102734375
1 0.334765625 0.2390625 0.09765625 0.029296875
0 0.123046875 0.6703125 0.24609375 0.1625
1 0.11796875 0.866015625 0.2359375 0.175
1 0.2515625 0.2828125 0.06328125 0.10546875
1 0.204296875 0.2375 0.06328125 0.0734375
1 0.246484375 0.183984375 0.08515625 0.034765625
1 0.29140625 0.21328125 0.0984375 0.0390625
1 0.652734375 0.258984375 0.07265625 0.10546875
1 0.7265625 0.29921875 0.06953125 0.10703125
0 0.82578125 0.3421875 0.09765625 0.115234375
1 0.916015625 0.398046875 0.06796875 0.109765625
1 0.966015625 0.37421875 0.059375 0.0625
1 0.89609375 0.31875 0.06953125 0.047265625
1 0.795703125 0.2640625 0.078125 0.058203125
1 0.715234375 0.228515625 0.0734375 0.05
1 0.646875 0.190234375 0.078125 0.0359375
0 0.574609375 0.197265625 0.0578125 0.0859375
1 0.508203125 0.18828125 0.0515625 0.0625
1 0.507421875 0.141015625 0.06171875 0.0359375
1 0.44765625 0.16328125 0.04609375 0.065234375
1 0.459375 0.1203125 0.06328125 0.03203125
1 0.39296875 0.13828125 0.0484375 0.047265625
1 0.403515625 0.104296875 0.06640625 0.0265625
1 0.348828125 0.1203125 0.04296875 0.041796875
1 0.362890625 0.085546875 0.07109375 0.03203125
1 0.306640625 0.10703125 0.03828125 0.052734375
0 0.337890625 0.06875 0.08515625 0.0390625
1 0.269140625 0.096484375 0.03984375 0.041796875
1 0.937890625 0.24296875 0.059375 0.0734375
0 0.862109375 0.201953125 0.06328125 0.0765625
1 0.796484375 0.1828125 0.046875 0.0734375
0 0.731640625 0.139453125 0.046875 0.0765625
1 0.677734375 0.127734375 0.04609375 0.0625
1 0.626171875 0.110546875 0.0484375 0.065234375
1 0.57890625 0.0953125 0.0484375 0.05546875
1 0.5296875 0.077734375 0.04140625 0.058203125
1 0.48515625 0.066015625 0.03828125 0.05546875
1 0.44453125 0.052734375 0.03359375 0.05
0 0.93203125 0.1734375 0.053125 0.065234375
1 0.824609375 0.1171875 0.053125 0.041796875
1 0.767578125 0.10546875 0.0484375 0.05
1 0.72578125 0.077734375 0.03828125 0.047265625
1 0.6828125 0.06328125 0.046875 0.05
1 0.637109375 0.05546875 0.03515625 0.04453125
0 0.597265625 0.02578125 0.03515625 0.0359375
0 0.15234375 0.197265625 0.096875 0.072265625