0 0.706640625 0.798046875 0.151171875 0.3359375
0 0.5625 0.80078125 0.14375 0.33046875
0 0.426171875 0.791015625 0.136328125 0.33046875
0 0.285546875 0.795703125 0.126953125 0.3359375
0 0.140625 0.796484375 0.141796875 0.35
0 0.1421875 0.21328125 0.123828125 0.2515625
0 0.040234375 0.208984375 0.080078125 0.2515625
0 0.384765625 0.229296875 0.119921875 0.2390625
0 0.501953125 0.227734375 0.120703125 0.24453125
0 0.625 0.22421875 0.120703125 0.24453125
0 0.853125 0.21796875 0.1125 0.2609375
1 0.739453125 0.225 0.123828125 0.247265625
1 0.2640625 0.2171875 0.116796875 0.247265625
0 0.044921875 0.808984375 0.089453125 0.33046875