0 0.126171875 0.897265625 0.116796875 0.20546875
1 0.22578125 0.87578125 0.1125 0.2484375
1 0.308984375 0.848046875 0.125 0.270703125
0 0.401171875 0.78515625 0.11484375 0.307421875
0 0.481640625 0.780078125 0.143359375 0.310546875
0 0.566015625 0.74375 0.169921875 0.310546875
0 0.641015625 0.703125 0.12265625 0.28984375
0 0.718359375 0.697265625 0.120703125 0.358203125
1 0.7921875 0.66640625 0.132421875 0.318359375
0 0.844921875 0.6171875 0.130078125 0.275390625
0 0.901953125 0.57734375 0.12265625 0.259375
1 0.95703125 0.5515625 0.0859375 0.253125