0 0.90546875 0.615625 0.0828125 0.207421875
0 0.965234375 0.668359375 0.06953125 0.204296875
0 0.837109375 0.564453125 0.09296875 0.19375
0 0.765625 0.521875 0.085546875 0.176953125
0 0.704296875 0.47421875 0.098828125 0.176953125
1 0.626953125 0.467578125 0.09453125 0.16328125
1 0.575 0.43203125 0.09140625 0.16015625
0 0.52890625 0.384375 0.116796875 0.146484375
0 0.475 0.351953125 0.09140625 0.15625
0 0.427734375 0.319921875 0.10625 0.16640625
0 0.378125 0.2890625 0.095703125 0.139453125
1 0.33203125 0.275390625 0.085546875 0.139453125
0 0.294921875 0.246484375 0.085546875 0.142578125
0 0.257421875 0.22109375 0.095703125 0.146484375
0 0.22421875 0.202734375 0.097265625 0.142578125
0 0.184375 0.16171875 0.097265625 0.142578125
0 0.153515625 0.151171875 0.088671875 0.1359375
0 0.110546875 0.137890625 0.085546875 0.1359375
0 0.084765625 0.12578125 0.08984375 0.12578125
0 0.065625 0.098828125 0.08984375 0.119140625
0 0.0375 0.076171875 0.075 0.12890625
0 0.5921875 0.88671875 0.148828125 0.2265625
0 0.52421875 0.83828125 0.1578125 0.2515625
0 0.450390625 0.77890625 0.1640625 0.2828125
1 0.388671875 0.7109375 0.14296875 0.25546875
0 0.337109375 0.658203125 0.128515625 0.22421875
0 0.2671875 0.6171875 0.11796875 0.21796875
1 0.225 0.5734375 0.1078125 0.196875
0 0.191015625 0.52734375 0.11953125 0.207421875
0 0.140625 0.487890625 0.14296875 0.183203125
0 0.0953125 0.4421875 0.12265625 0.173828125
0 0.056640625 0.411328125 0.11328125 0.20703125
1 0.3515625 0.934375 0.14609375 0.13125
0 0.2640625 0.892578125 0.16796875 0.210546875
0 0.202734375 0.860546875 0.1640625 0.241796875
0 0.139453125 0.799609375 0.14296875 0.22109375
0 0.095703125 0.73125 0.14453125 0.22109375
0 0.058203125 0.6796875 0.11640625 0.228125
0 0.955078125 0.41328125 0.078125 0.183203125
0 0.8859375 0.367578125 0.072265625 0.180078125
0 0.8203125 0.33515625 0.0796875 0.169921875
0 0.7609375 0.3109375 0.0796875 0.16328125
0 0.6953125 0.275390625 0.06953125 0.146484375
0 0.650390625 0.253515625 0.085546875 0.149609375
0 0.6046875 0.2328125 0.0734375 0.142578125
0 0.556640625 0.205859375 0.072265625 0.1359375
0 0.517578125 0.18515625 0.0765625 0.12890625
1 0.47265625 0.1734375 0.072265625 0.119140625
0 0.429296875 0.14453125 0.0765625 0.1359375
0 0.391796875 0.108984375 0.075390625 0.139453125
0 0.35625 0.083203125 0.078125 0.115234375
0 0.3171875 0.06796875 0.0796875 0.12578125
0 0.966015625 0.16640625 0.067578125 0.146484375
0 0.912890625 0.152734375 0.0765625 0.16640625
0 0.859375 0.127734375 0.078125 0.1359375
1 0.803125 0.120703125 0.075390625 0.108984375
1 0.757421875 0.101953125 0.072265625 0.12578125
0 0.72265625 0.083203125 0.070703125 0.115234375
0 0.678515625 0.051953125 0.0796875 0.10390625
0 0.63125 0.043359375 0.070703125 0.086328125
0 0.848828125 0.054296875 0.06640625 0.0984375
0 0.79375 0.043359375 0.06171875 0.086328125
0 0.59140625 0.034765625 0.058984375 0.06953125
0 0.27890625 0.06640625 0.0765625 0.115234375
0 0.240625 0.051171875 0.06484375 0.0984375