0 0.09661458333333332 0.8517621527777777 0.19322916666666665 0.21678819444444458
0 0.30822916666666667 0.8334346064814815 0.2455729166666667 0.2518923611111109
0 0.5315624999999999 0.8392650462962964 0.23375000000000004 0.237962962962963
0 0.7628385416666668 0.8426793981481481 0.26682291666666663 0.2321412037037036
0 0.17059895833333333 0.5050347222222222 0.17874999999999996 0.15999999999999998
0 0.043333333333333335 0.49305844907407403 0.08666666666666667 0.131070601851852
0 0.36635416666666665 0.5043287037037038 0.18343750000000006 0.13693287037037044
0 0.5645572916666667 0.5135937500000001 0.20979166666666665 0.14705439814814802
0 0.7489322916666666 0.5143402777777778 0.21343750000000003 0.131707175925926
0 0.9072656250000002 0.5146846064814815 0.11656249999999986 0.12596643518518516
0 0.9022135416666668 0.3978703703703704 0.14192708333333356 0.10957175925925924
1 0.7398177083333334 0.39426504629629633 0.17593749999999986 0.11781250000000006
1 0.5695833333333333 0.40902199074074075 0.18765624999999986 0.11850694444444443
1 0.3959114583333333 0.39363425925925927 0.17489583333333342 0.12553240740740748
1 0.20802083333333332 0.387259837962963 0.16161458333333334 0.12474537037037034
1 0.05463541666666667 0.3827372685185185 0.10927083333333334 0.09831018518518517
1 0.12106770833333333 0.17997395833333335 0.14890625000000002 0.09753472222222222
1 0.27307291666666667 0.1818605324074074 0.1421875 0.10180555555555557
1 0.42950520833333333 0.16986689814814815 0.1434895833333334 0.08631944444444448
1 0.5875520833333333 0.16867187499999997 0.15531250000000013 0.0769039351851852
1 0.740234375 0.16623842592592591 0.15234375 0.07906250000000004
1 0.9090885416666665 0.16634837962962962 0.15531250000000013 0.0769039351851852
1 0.8957552083333333 0.0920457175925926 0.13828125 0.07822916666666668
1 0.7441145833333334 0.09052662037037038 0.13359375 0.07795138888888889
1 0.5866666666666667 0.09440972222222223 0.1352083333333333 0.06715277777777777
1 0.4418489583333334 0.08976273148148148 0.13984375 0.07832175925925929
1 0.30302083333333335 0.09448784722222223 0.14343750000000002 0.09721064814814814
1 0.15403645833333335 0.09981481481481483 0.14833333333333334 0.08894097222222222