1 0.217578125 0.5953125 0.046484375 0.144140625
1 0.271484375 0.6 0.05234375 0.139453125
0 0.209375 0.741796875 0.05078125 0.134765625
0 0.265625 0.749609375 0.049609375 0.155078125
0 0.3203125 0.594140625 0.05078125 0.141796875
0 0.36796875 0.5921875 0.05078125 0.132421875
1 0.3140625 0.750390625 0.044921875 0.152734375
1 0.41484375 0.5875 0.044921875 0.141796875
1 0.46171875 0.6 0.043359375 0.144140625
0 0.365625 0.741796875 0.046484375 0.16640625
0 0.51328125 0.596484375 0.044921875 0.128125
1 0.4140625 0.741796875 0.046484375 0.16171875
1 0.4609375 0.74375 0.05078125 0.144140625
1 0.51640625 0.749609375 0.05078125 0.155078125
1 0.563671875 0.749609375 0.049609375 0.150390625
1 0.559375 0.591015625 0.049609375 0.139453125
0 0.61328125 0.603515625 0.046484375 0.141796875
0 0.6109375 0.749609375 0.048046875 0.1640625
1 0.6609375 0.740625 0.05234375 0.150390625
0 0.71640625 0.7484375 0.05234375 0.16171875
1 0.659375 0.601171875 0.05234375 0.150390625
1 0.708203125 0.596484375 0.048046875 0.137109375
1 0.75703125 0.591015625 0.049609375 0.134765625
1 0.802734375 0.58984375 0.041796875 0.1234375
1 0.80859375 0.747265625 0.05390625 0.159375
0 0.7609375 0.744921875 0.041796875 0.155078125
0 0.85390625 0.58984375 0.059765625 0.137109375
0 0.8640625 0.744921875 0.062890625 0.1640625
1 0.912109375 0.7484375 0.05390625 0.16171875
1 0.89921875 0.596484375 0.043359375 0.141796875
1 0.964453125 0.755078125 0.059765625 0.16171875
0 0.9453125 0.58984375 0.048046875 0.150390625
0 0.15859375 0.28203125 0.048046875 0.137109375
1 0.20703125 0.286328125 0.043359375 0.132421875
1 0.98515625 0.586328125 0.0296875 0.152734375
1 0.252734375 0.2921875 0.044921875 0.139453125
1 0.296875 0.295703125 0.049609375 0.145703125
0 0.3421875 0.298828125 0.043359375 0.144140625
0 0.3875 0.29453125 0.041796875 0.139453125
0 0.436328125 0.29453125 0.040625 0.139453125
1 0.478125 0.296875 0.046484375 0.134765625
1 0.526171875 0.298046875 0.049609375 0.128125
1 0.5703125 0.298046875 0.048046875 0.128125
0 0.615625 0.29453125 0.048046875 0.12109375
0 0.6625 0.291015625 0.046484375 0.1234375
1 0.70625 0.3 0.049609375 0.132421875
0 0.7515625 0.296875 0.048046875 0.139453125
1 0.796875 0.3046875 0.05390625 0.141796875
0 0.838671875 0.30234375 0.05078125 0.1234375
1 0.884375 0.3078125 0.049609375 0.12578125
0 0.934375 0.3046875 0.05703125 0.11875
1 0.975 0.301171875 0.044921875 0.130078125