0 0.087890625 0.42421875 0.078125 0.159765625
0 0.153515625 0.4015625 0.06484375 0.1625
0 0.2265625 0.3875 0.08671875 0.18046875
0 0.30234375 0.37421875 0.07109375 0.170703125
0 0.3671875 0.359765625 0.0796875 0.1734375
0 0.437890625 0.34375 0.06484375 0.16796875
0 0.5671875 0.3203125 0.075 0.1984375
1 0.4984375 0.35078125 0.0765625 0.191796875
1 0.06640625 0.779296875 0.10625 0.241796875
1 0.1609375 0.7625 0.09453125 0.259765625
0 0.254296875 0.7359375 0.1015625 0.254296875
0 0.337109375 0.73046875 0.08125 0.24453125
0 0.42109375 0.7109375 0.084375 0.25703125
0 0.507421875 0.698046875 0.0765625 0.241796875
0 0.582421875 0.69921875 0.07109375 0.227734375
0 0.675390625 0.67578125 0.0828125 0.233203125
1 0.76328125 0.67421875 0.1015625 0.241796875
0 0.6328125 0.303515625 0.07109375 0.159765625
0 0.69765625 0.296484375 0.059375 0.183203125
0 0.765625 0.28125 0.059375 0.177734375
0 0.834765625 0.276953125 0.06484375 0.18046875
0 0.90625 0.2546875 0.06328125 0.1734375
0 0.97109375 0.247265625 0.0578125 0.177734375
0 0.853125 0.64296875 0.09609375 0.2515625
0 0.946875 0.62578125 0.08828125 0.26953125
0 0.691015625 0.88671875 0.1015625 0.2265625
1 0.80390625 0.86328125 0.11171875 0.1984375
1 0.23828125 0.932421875 0.084375 0.13515625
1 0.1296875 0.95 0.1 0.1
1 0.0421875 0.9484375 0.078125 0.102734375
0 0.4203125 0.91796875 0.103125 0.15703125
0 0.323828125 0.920703125 0.08984375 0.158203125
1 0.909375 0.835546875 0.1015625 0.154296875