0 0.18080150462962963 0.9000144675925925 0.1343460648148148 0.19377893518518513
1 0.2779513888888889 0.8721643518518519 0.13379629629629627 0.24212962962962967
1 0.35910011574074074 0.8452980324074074 0.14930555555555552 0.281712962962963
0 0.4456597222222222 0.7744212962962964 0.14207175925925916 0.31811342592592595
0 0.525390625 0.7620804398148148 0.1711516203703704 0.32387152777777767
0 0.6059172453703704 0.7184172453703704 0.1977430555555557 0.32563657407407404
0 0.6773148148148149 0.6711805555555556 0.14846643518518512 0.30118634259259275
0 0.75390625 0.6585648148148149 0.15254629629629618 0.36921296296296297
1 0.8244936342592594 0.6211371527777778 0.16125578703703702 0.3305266203703704
0 0.8725694444444445 0.567332175925926 0.1549768518518519 0.28738425925925914
0 0.9260706018518519 0.5227141203703705 0.14577546296296298 0.2706597222222222
1 0.9620804398148148 0.49237557870370374 0.07583912037037024 0.2603877314814815