1 0.8670978009259258 0.9253125000000001 0.1931597222222222 0.14248263888888885
1 0.7646209490740741 0.8921961805555554 0.14417824074074073 0.17574652777777758
1 0.6730324074074074 0.8444878472222221 0.14900462962962954 0.1805381944444445
1 0.5950578703703704 0.7951302083333334 0.15479166666666658 0.1650520833333335
1 0.9017650462962962 0.7383159722222222 0.15804976851851862 0.14326388888888886
0 0.8013194444444445 0.6947048611111111 0.1720254629629629 0.1669965277777777
1 0.7143981481481482 0.6595920138888889 0.15354745370370376 0.1494097222222223
0 0.621958912037037 0.6095225694444444 0.1588310185185186 0.14328125000000008
1 0.5396006944444445 0.5834895833333333 0.1423090277777778 0.13901041666666672
0 0.4728182870370371 0.54296875 0.1431886574074074 0.16869791666666673
1 0.39092881944444446 0.5064062500000001 0.16145254629629627 0.15270833333333336
0 0.3288107638888889 0.46520833333333333 0.16400462962962967 0.15979166666666664
0 0.23284722222222226 0.4279427083333333 0.15798032407407409 0.14092013888888885
0 0.0940306712962963 0.5517274305555555 0.15024305555555556 0.16963541666666676
0 0.4881105324074074 0.7560590277777778 0.1533043981481482 0.19390625000000003
1 0.4037962962962963 0.7167100694444445 0.1422453703703704 0.1632118055555555
0 0.34888020833333333 0.6682552083333333 0.1604050925925926 0.19640625000000006
1 0.2582378472222222 0.6393055555555556 0.13994791666666667 0.16472222222222221
0 0.1866290509259259 0.5939930555555556 0.1363425925925926 0.17479166666666668
0 0.037146990740740744 0.3314670138888889 0.05799768518518519 0.11293402777777777
0 0.05938657407407407 0.2652083333333334 0.10687499999999998 0.12885416666666671
0 0.10418402777777777 0.2224826388888889 0.14161458333333332 0.11557291666666672
0 0.15180555555555558 0.1696701388888889 0.16898148148148148 0.11696180555555555
0 0.21030960648148148 0.1284201388888889 0.1758738425925926 0.11243055555555559
0 0.28218460648148147 0.07731770833333333 0.145474537037037 0.11409722222222221
1 0.4864207175925926 0.2247309027777778 0.13335069444444442 0.1528645833333333
0 0.5664930555555555 0.2526649305555556 0.13235532407407397 0.11927083333333337
0 0.6317332175925926 0.28065972222222224 0.14931712962962962 0.13838541666666665
0 0.7154050925925926 0.32467881944444443 0.13776620370370374 0.17013888888888892
0 0.7924247685185185 0.3681597222222222 0.1456944444444444 0.17421875
0 0.8696354166666665 0.3917361111111111 0.13611689814814837 0.19352430555555564
0 0.9296643518518518 0.43735243055555556 0.14067129629629632 0.2072395833333333
1 0.595474537037037 0.12409722222222222 0.12939236111111113 0.12467013888888889
1 0.681730324074074 0.16309895833333332 0.1613078703703703 0.12147569444444448
0 0.7585590277777777 0.17378472222222224 0.1423090277777778 0.13901041666666664
0 0.8191232638888888 0.20206597222222222 0.16576967592592595 0.1403125
0 0.9038020833333335 0.22736979166666668 0.1442650462962966 0.1523263888888889