0 0.8722048611111111 0.1221238425925926 0.114704861111111 0.13830439814814816
0 0.8217534722222222 0.1670775462962963 0.13057291666666657 0.1438888888888889
0 0.7674045138888889 0.2030150462962963 0.12328124999999997 0.15554976851851848
0 0.7084461805555555 0.2459519675925926 0.1387326388888889 0.15175925925925923
1 0.65578125 0.2791666666666667 0.1411284722222222 0.1353761574074074
0 0.5960243055555556 0.3224884259259259 0.1404166666666667 0.13693287037037036
0 0.5432812499999999 0.36625289351851853 0.13564236111111114 0.15251736111111108
0 0.48286458333333326 0.40683449074074074 0.14104166666666665 0.15099537037037042
0 0.44418402777777777 0.4507031250000001 0.13213541666666676 0.14390046296296294
0 0.3873697916666667 0.48935763888888884 0.12496527777777774 0.1407233796296296
0 0.3306597222222222 0.5256684027777778 0.12965277777777776 0.1407581018518517
0 0.2745746527777778 0.5655005787037037 0.13515625 0.14157986111111107
0 0.23309027777777777 0.6109114583333334 0.14053819444444446 0.15723958333333332
0 0.16950520833333332 0.6436545138888888 0.13781250000000003 0.14862847222222228
0 0.1249392361111111 0.6792737268518518 0.13710069444444445 0.15018518518518514
0 0.06704861111111111 0.7245630787037036 0.1340104166666667 0.15094328703703716
0 0.5276128472222222 0.059395254629629635 0.12289930555555557 0.1118113425925926
0 0.4696614583333334 0.07967592592592593 0.12942708333333322 0.1532523148148148
0 0.41811631944444444 0.11407118055555557 0.14590277777777777 0.15493634259259262
0 0.3612760416666667 0.16210358796296295 0.14383680555555553 0.16116898148148148
0 0.31171006944444446 0.20471932870370368 0.13663194444444446 0.15721064814814817
0 0.25851562499999997 0.24105613425925926 0.14875000000000005 0.14870949074074077
0 0.20489583333333333 0.2781712962962963 0.14373263888888888 0.15882523148148148
0 0.1482204861111111 0.3137008101851852 0.16442708333333336 0.16756944444444438
0 0.10450520833333335 0.3653472222222222 0.14559027777777778 0.1479050925925926
0 0.06186631944444444 0.40402777777777776 0.12373263888888889 0.15336805555555558
0 0.03550347222222222 0.4456365740740741 0.07100694444444444 0.14908564814814812
0 0.00703125 0.2950086805555555 0.0140625 0.16814236111111108
0 0.036258680555555554 0.2616261574074074 0.07251736111111111 0.16543981481481482
0 0.05961805555555556 0.20632233796296298 0.11923611111111113 0.15326967592592594
0 0.08949652777777778 0.16673321759259258 0.1343923611111111 0.1595370370370371
0 0.1643663194444444 0.1438425925925926 0.11977430555555557 0.14693287037037037
0 0.22598958333333333 0.12007233796296295 0.1161284722222222 0.13519097222222226
0 0.9099999999999999 0.29160011574074074 0.11928819444444443 0.17114004629629634
0 0.8528211805555556 0.3208738425925926 0.12010416666666686 0.17192708333333329
0 0.7958854166666667 0.36226273148148147 0.12434027777777779 0.16180555555555554
0 0.739453125 0.39232349537037037 0.11717013888888897 0.15862847222222226
0 0.6836805555555555 0.42512442129629624 0.1397743055555555 0.17519675925925923
0 0.6268402777777778 0.4731568287037037 0.12157986111111115 0.1524131944444445
0 0.5784635416666667 0.515390625 0.12348958333333329 0.1602372685185184
0 0.533828125 0.5701562499999999 0.12637152777777771 0.15479166666666658
0 0.477734375 0.6013917824074074 0.13836805555555554 0.1611284722222223
1 0.4260243055555556 0.6307060185185185 0.13407986111111114 0.152505787037037
0 0.3671788194444444 0.6623119212962962 0.1336631944444444 0.143130787037037
0 0.3271527777777778 0.710078125 0.11892361111111108 0.1453645833333333
0 0.2720572916666667 0.745228587962963 0.1229166666666666 0.12977430555555572
0 0.21389756944444444 0.7877806712962963 0.11645833333333329 0.12504050925925939
0 0.16690972222222222 0.8339322916666667 0.12475694444444443 0.13603587962962962
0 0.1143923611111111 0.8726186342592592 0.1268576388888889 0.13058449074074083
0 0.07893229166666667 0.905570023148148 0.09805555555555556 0.1327141203703704
0 0.9476128472222222 0.5618894675925926 0.061857638888889 0.1441608796296297
0 0.9176388888888889 0.5944907407407408 0.11902777777777765 0.14770833333333327
0 0.8766319444444445 0.6379513888888889 0.13100694444444444 0.13608217592592595
0 0.8212239583333334 0.6801331018518518 0.1210243055555555 0.1399131944444445
0 0.7594270833333334 0.7078096064814815 0.1307986111111111 0.13139467592592596
0 0.70984375 0.7508159722222223 0.12434027777777779 0.12666087962962963
0 0.6558680555555556 0.7871469907407407 0.13576388888888893 0.13767939814814803
0 0.6026388888888888 0.8242650462962964 0.12685763888888885 0.13058449074074083
0 0.5511371527777778 0.8664756944444445 0.12965277777777776 0.14075810185185195
0 0.5009982638888889 0.9043981481481481 0.13284722222222206 0.14234374999999985
0 0.44495659722222225 0.9324074074074075 0.14286458333333338 0.13518518518518513
0 0.4041579861111111 0.9537557870370371 0.1347048611111111 0.09248842592592581
0 0.340703125 0.9750462962962964 0.11248263888888896 0.04990740740740733
0 0.9353211805555557 0.7329484953703703 0.071232638888889 0.14423032407407418
0 0.9055555555555556 0.7784461805555556 0.12729166666666672 0.1579224537037037
1 0.8598437499999999 0.8222627314814815 0.14840277777777766 0.1408969907407407
0 0.8033420138888889 0.8538859953703704 0.14097222222222214 0.14943287037037045
1 0.7499479166666667 0.8859230324074074 0.13845486111111108 0.14550925925925923
0 0.6913541666666667 0.9206568287037037 0.10522569444444443 0.10074652777777757
0 0.6249739583333334 0.945954861111111 0.08706597222222215 0.07874421296296319