1 0.29467013888888893 0.11826388888888888 0.20721643518518515 0.23652777777777775
0 0.4265943287037037 0.14989583333333334 0.16324652777777776 0.21104166666666666
0 0.1633130787037037 0.10819444444444444 0.16723958333333333 0.21638888888888888
0 0.5483362268518519 0.18106192129629628 0.17596643518518534 0.24109953703703707
0 0.6782928240740741 0.2135474537037037 0.1688020833333333 0.22292245370370373
0 0.7969386574074073 0.24871238425925926 0.16484953703703695 0.216556712962963
0 0.9195515046296296 0.2923206018518519 0.16089699074074063 0.21104166666666666
0 0.9595717592592592 0.3395659722222223 0.08085648148148153 0.2102662037037037
0 0.8998408564814815 0.1182667824074074 0.20031828703703702 0.17079282407407406
0 0.9824016203703703 0.14434027777777778 0.03519675925925938 0.14793981481481483
0 0.30011574074074077 0.37595775462962966 0.10474537037037042 0.11635995370370367
0 0.3893605324074074 0.39792824074074074 0.10391203703703696 0.10930555555555559
0 0.4680468749999999 0.4186487268518519 0.10547453703703695 0.10935185185185184
1 0.5525665509259259 0.4356799768518519 0.11017361111111121 0.11105324074074066
1 0.22305844907407407 0.3641753472222223 0.1055497685185185 0.11950810185185183
1 0.14358796296296297 0.34308738425925933 0.11255787037037038 0.11659143518518515
0 0.06539062500000001 0.3356365740740741 0.0890798611111111 0.11042824074074069
0 0.6355208333333333 0.4523668981481482 0.11259259259259266 0.12127893518518515
0 0.7157581018518518 0.47147858796296294 0.09914351851851855 0.09822916666666667
0 0.7846846064814814 0.49326967592592597 0.10309606481481488 0.10459490740740733
0 0.8602748842592594 0.5179890046296297 0.11090277777777757 0.104045138888889
0 0.9377980324074073 0.539916087962963 0.1203125 0.10901041666666664
0 0.08483217592592593 0.42844039351851854 0.0906423611111111 0.11047453703703702
1 0.17002025462962964 0.4302141203703703 0.10318287037037037 0.11631365740740737
0 0.2412760416666667 0.4499826388888889 0.09449652777777777 0.10355902777777785
1 0.3093721064814815 0.46515625 0.09761574074074071 0.10287037037037035
0 0.3798813657407408 0.48963541666666666 0.08583912037037038 0.0947106481481482
1 0.4460416666666667 0.5072106481481482 0.09449652777777776 0.10355902777777785
0 0.5153732638888889 0.5309432870370371 0.10331018518518516 0.13350115740740734
0 0.5830931712962963 0.5480815972222223 0.10560185185185186 0.12653935185185183
1 0.04508391203703704 0.49525752314814814 0.07328124999999999 0.08652777777777772
1 0.09910300925925926 0.508894675925926 0.08181712962962964 0.07896990740740754
0 0.1481105324074074 0.5316666666666666 0.09444444444444447 0.09652777777777785
1 0.2047887731481482 0.535066550925926 0.0929224537037037 0.10195023148148152
0 0.25763599537037035 0.5487384259259259 0.08979166666666671 0.10107638888888885
1 0.3112210648148148 0.5565277777777778 0.0803587962962963 0.09298611111111121
0 0.3664438657407407 0.5744270833333334 0.0709143518518518 0.0833333333333334
0 0.4169039351851852 0.5823090277777778 0.0622743055555556 0.07682870370370373
0 0.469375 0.5979456018518519 0.06060185185185176 0.06193865740740741
1 0.5205642361111111 0.5987731481481482 0.05585069444444457 0.05320601851851858
0 0.5726475694444445 0.6148119212962964 0.06929976851851852 0.07625578703703706
1 0.6274074074074074 0.622957175925926 0.07399305555555565 0.07717592592592588
0 0.6736082175925926 0.6360445601851852 0.08108796296296301 0.08597800925925939
1 0.7345717592592592 0.6377546296296297 0.07870949074074077 0.08122106481481488
0 0.7765190972222223 0.6568287037037037 0.05989004629629626 0.07129050925925924
0 0.07368344907407408 0.5584866898148148 0.07162615740740741 0.07398148148148138
0 0.20913194444444444 0.5939351851851852 0.06148726851851851 0.07602430555555557
1 0.13191840277777778 0.5610590277777778 0.05908564814814814 0.06814236111111108
1 0.17723668981481483 0.5604976851851852 0.051990740740740726 0.05934027777777775
1 0.35423032407407407 0.6134693287037037 0.05186921296296294 0.04293402777777775
1 0.40197048611111114 0.6233854166666667 0.050260416666666606 0.0366377314814816
1 0.4493055555555555 0.6313599537037037 0.047112268518518616 0.03342013888888893
1 0.5012673611111111 0.6309924768518519 0.046365740740740694 0.03808449074074076
0 0.5389293981481481 0.6517563657407408 0.046516203703703594 0.05839699074074076
1 0.585474537037037 0.6585821759259259 0.05423032407407398 0.04534722222222225
1 0.6425925925925926 0.6686111111111112 0.04873842592592581 0.04206018518518526
1 0.6836805555555555 0.6771614583333333 0.05182870370370374 0.03746527777777775
0 0.7232696759259258 0.6943518518518518 0.04402199074074069 0.03801504629629626
1 0.6320572916666667 0.7232320601851852 0.035364583333333324 0.029166666666666785
1 0.6600491898148148 0.7044299768518518 0.03849537037037045 0.030040509259259274
1 0.6174103009259259 0.6974884259259259 0.0470833333333335 0.02951388888888893
1 0.597644675925926 0.7191724537037036 0.046348379629629656 0.03574074074074076
1 0.5837586805555556 0.6906712962962963 0.04238425925925924 0.027812499999999928
1 0.5643547453703703 0.7084374999999999 0.03850694444444436 0.031603009259259095
1 0.5453819444444444 0.6789149305555556 0.043188657407407405 0.030960648148148095
1 0.5287152777777778 0.6969907407407407 0.03692708333333332 0.02921296296296294
1 0.5121209490740741 0.6720862268518518 0.04005787037037045 0.03008680555555543
1 0.49699363425925924 0.6869907407407407 0.04398148148148149 0.03254629629629626
1 0.4686805555555555 0.6624334490740741 0.04554976851851862 0.033373842592592594
1 0.4354079861111112 0.6540422453703704 0.03849537037037045 0.030040509259259274
1 0.3974739583333333 0.6493055555555556 0.043188657407407405 0.030960648148148095
1 0.4594444444444445 0.6814612268518518 0.03850694444444436 0.031603009259259275
1 0.42580729166666664 0.6765972222222223 0.04083912037037045 0.030109953703703597
1 0.3882523148148148 0.6702864583333333 0.04398148148148149 0.03254629629629626
1 0.35598668981481485 0.6395949074074074 0.04398148148148149 0.03254629629629626
1 0.3203414351851852 0.6273668981481482 0.04949652777777782 0.03895833333333343
1 0.28162037037037035 0.6218721064814815 0.041631944444444444 0.03169560185185176
1 0.24326099537037038 0.6124594907407407 0.04560763888888886 0.041186342592592594
1 0.35378761574074075 0.6591956018518519 0.03773726851851853 0.03314236111111111
1 0.3181626157407408 0.6497019675925926 0.03773726851851844 0.03314236111111111
1 0.2856944444444444 0.6444126157407407 0.03850694444444445 0.031603009259259095
1 0.25242476851851847 0.6364120370370371 0.04399884259259253 0.03489004629629626
1 0.2160358796296296 0.6292853009259259 0.04399884259259255 0.03489004629629626
1 0.1798726851851852 0.5998813657407407 0.04631944444444445 0.03183449074074076
1 0.13205729166666666 0.5798090277777778 0.04869791666666665 0.03659143518518526
1 0.18117766203703703 0.6178153935185186 0.047974537037037024 0.044380787037037094
1 0.13968171296296297 0.6069328703703704 0.048790509259259277 0.04909143518518526
1 0.5324363425925925 0.724620949074074 0.03528356481481474 0.01822916666666661
1 0.5022858796296296 0.7157465277777778 0.03845486111111107 0.024571759259259272
1 0.49964409722222225 0.7283275462962964 0.03297453703703716 0.022847222222222286
1 0.4748697916666667 0.7067910879629629 0.04082175925925924 0.027766203703703595
1 0.4687152777777778 0.7198668981481482 0.04001736111111107 0.024618055555555608
1 0.4447395833333333 0.7006510416666667 0.03850694444444436 0.031603009259259275
1 0.43820601851851854 0.715300925925926 0.04082175925925924 0.027766203703703772
1 0.41382812500000005 0.6945341435185185 0.036122685185185154 0.02606481481481495
1 0.4076736111111111 0.7076099537037036 0.033796296296296366 0.028339120370370452
1 0.38481770833333334 0.6813281250000001 0.04005787037037036 0.030086805555555606
1 0.38025462962962964 0.6982638888888889 0.037690972222222195 0.026892361111111106
1 0.35161168981481483 0.6819212962962963 0.036122685185185154 0.026064814814814773
1 0.3513194444444444 0.6952141203703703 0.03456018518518515 0.026018518518518618
1 0.32538483796296297 0.6752748842592593 0.035364583333333324 0.029166666666666608
1 0.3231452546296296 0.6894068287037036 0.036122685185185154 0.02606481481481495
1 0.23383969907407404 0.6592332175925926 0.03297453703703699 0.022847222222222286
1 0.2060387731481481 0.651070601851852 0.03375578703703701 0.02287037037037045
1 0.17589988425925926 0.6437586805555556 0.03850694444444445 0.031603009259259095
1 0.14500868055555555 0.6403761574074075 0.028298611111111115 0.024270833333333287
1 0.24369212962962963 0.6706626157407408 0.033026620370370366 0.029878472222222285
1 0.21199652777777778 0.6641782407407407 0.035376157407407405 0.030729166666666606
1 0.18028645833333332 0.6557407407407407 0.031458333333333324 0.029050925925925952