0 0.9048350694444445 0.12157118055555556 0.19032986111111114 0.23752893518518517
0 0.7625028935185185 0.090625 0.1960127314814816 0.18125
0 0.48147280092592587 0.2759982638888889 0.162361111111111 0.19814814814814818
0 0.22610243055555554 0.08774594907407407 0.14342592592592593 0.17245370370370372
1 0.3445196759259259 0.14392361111111113 0.13940393518518518 0.15668402777777776
1 0.6148321759259259 0.3449074074074074 0.15615740740740733 0.2041666666666667
1 0.7349160879629629 0.41508969907407406 0.14061921296296304 0.21530671296296297
0 0.8544560185185185 0.517332175925926 0.12177083333333343 0.2013310185185185
0 0.8871932870370369 0.7169560185185185 0.1285532407407409 0.16799768518518512
0 0.18844039351851852 0.27825520833333334 0.13933449074074078 0.14730902777777777
0 0.08347800925925927 0.19227430555555555 0.11453703703703703 0.17372685185185185
1 0.31430555555555556 0.33767361111111105 0.11428819444444445 0.1401331018518519
1 0.4230497685185185 0.406712962962963 0.13290509259259262 0.12285879629629623
1 0.5419589120370369 0.47654803240740745 0.1385358796296295 0.14493634259259275
1 0.6612760416666668 0.5487123842592593 0.1502083333333335 0.13912037037037042
1 0.7625260416666666 0.6082609953703704 0.13221643518518533 0.13532986111111106
1 0.08312789351851851 0.04221643518518518 0.12719328703703703 0.08443287037037037
1 0.7386863425925926 0.818576388888889 0.09211226851851854 0.09869791666666652
1 0.5490104166666667 0.6900173611111111 0.09523726851851855 0.09881365740740726
0 0.6383651620370371 0.7789207175925925 0.11325231481481488 0.10572916666666679
0 0.8292505787037037 0.9125144675925926 0.12350115740740755 0.11860532407407405
0 0.36550347222222224 0.6030381944444445 0.12346064814814817 0.11313657407407404
1 0.45515046296296297 0.6258969907407407 0.1158043981481482 0.13394097222222215
1 0.27454282407407404 0.5083333333333333 0.10035879629629632 0.15758101851851852
1 0.16863425925925926 0.4528645833333333 0.08789930555555552 0.16258680555555555
1 0.07355613425925925 0.38253761574074074 0.10336805555555555 0.14207175925925916
1 0.07247685185185185 0.5005787037037037 0.10454282407407407 0.08978587962962958
0 0.15427372685185187 0.5713975694444444 0.09592592592592593 0.08634259259259255
0 0.2479976851851852 0.6171585648148149 0.1005902777777778 0.08339120370370381
1 0.32729745370370367 0.6673611111111111 0.0919270833333334 0.07369791666666678
0 0.4203327546296296 0.7256510416666666 0.10463541666666672 0.10228587962962976
0 0.5180787037037037 0.786892361111111 0.09990162037037038 0.09586226851851869
0 0.5999189814814815 0.8635706018518519 0.11229166666666668 0.08148148148148167
0 0.6698292824074074 0.9121672453703704 0.10622106481481489 0.10546875
0 0.21521122685185184 0.7273871527777778 0.0720428240740741 0.1307581018518519
1 0.14601273148148147 0.6693865740740741 0.0857465277777778 0.08284143518518512
1 0.061712962962962956 0.6299189814814815 0.0763425925925926 0.07858796296296297
1 0.2956539351851852 0.7736400462962963 0.07668402777777779 0.12468171296296297
0 0.3743431712962963 0.8469184027777779 0.08224537037037036 0.13738425925925918
0 0.4458420138888889 0.8989728009259259 0.07894097222222225 0.11304976851851833
0 0.5195630787037038 0.9345341435185185 0.08193865740740733 0.09597800925925917
0 0.1329976851851852 0.7585648148148149 0.0640219907407407 0.10234375
0 0.21149305555555556 0.8056712962962962 0.07797453703703701 0.08802083333333348
0 0.27269965277777775 0.8397424768518519 0.09121527777777771 0.08304398148148158
1 0.06291666666666666 0.7924189814814815 0.05687500000000001 0.08645833333333322
0 0.1247945601851852 0.8643663194444444 0.05984375000000001 0.06548032407407404
0 0.18674479166666666 0.8933304398148149 0.062418981481481464 0.09681712962962977
0 0.2518460648148148 0.9256944444444443 0.06620949074074076 0.08133680555555571
0 0.054429976851851844 0.8599392361111111 0.059265046296296295 0.09279513888888893
0 0.05380208333333333 0.933420138888889 0.048969907407407406 0.07366898148148167