0 0.27881944444444445 0.8675 0.41140046296296295 0.2503124999999998
1 0.46060474537037044 0.756796875 0.3340856481481481 0.37218750000000006
0 0.5719473379629629 0.591171875 0.3119791666666668 0.28031250000000013
0 0.6413628472222223 0.47393229166666667 0.25593171296296297 0.23994791666666676
1 0.70625 0.38427083333333334 0.20804398148148132 0.23052083333333329
1 0.2113425925925926 0.3747916666666667 0.14239004629629629 0.16223958333333338
1 0.0349609375 0.490859375 0.069921875 0.12833333333333333
0 0.09450231481481482 0.41531250000000003 0.1345486111111111 0.1609375
0 0.7377893518518519 0.31124999999999997 0.18287037037037024 0.16104166666666675
0 0.7600694444444445 0.26729166666666665 0.1895543981481481 0.13109374999999995
0 0.26371527777777776 0.30739583333333337 0.13321759259259258 0.1460416666666667
0 0.34729456018518523 0.26013020833333333 0.12126736111111107 0.1390104166666667
0 0.40571469907407404 0.218828125 0.10572916666666674 0.14031249999999995
0 0.03252314814814815 0.34164062500000003 0.0650462962962963 0.15578124999999998
0 0.11098090277777777 0.286015625 0.0913773148148148 0.11052083333333336
0 0.17080439814814813 0.24890625000000002 0.10564236111111117 0.11692708333333338
0 0.02938368055555556 0.22164062499999998 0.05876736111111112 0.08171875000000002
0 0.10564236111111111 0.19869791666666664 0.05303819444444445 0.08536458333333333
1 0.06232638888888888 0.2109375 0.053038194444444464 0.10640625000000004
0 0.15085358796296297 0.187890625 0.0651041666666667 0.0744791666666667
0 0.20653935185185185 0.1678125 0.06006944444444447 0.08583333333333334
0 0.2631510416666667 0.154296875 0.06655092592592596 0.09249999999999999
0 0.3285590277777778 0.12421875 0.06791087962962958 0.08713541666666665
0 0.8592447916666668 0.17768229166666666 0.06915509259259238 0.12072916666666664
0 0.9246527777777779 0.2107291666666667 0.06915509259259238 0.09968749999999996
0 0.9138310185185186 0.14520833333333333 0.06927083333333321 0.0817708333333333