0 0.9142274305555557 0.42518807870370373 0.119027777777778 0.25943287037037044
0 0.8951649305555556 0.7205931712962963 0.11434027777777764 0.25939814814814816
0 0.8129340277777779 0.4138310185185185 0.11649305555555563 0.2508217592592592
0 0.71796875 0.41648726851851847 0.11906250000000007 0.2609953703703704
0 0.608732638888889 0.4110474537037037 0.10793402777777779 0.25232060185185184
0 0.6909809027777778 0.7170283564814814 0.10270833333333336 0.2632175925925925
0 0.5938194444444445 0.7130613425925926 0.1030555555555555 0.24369212962962977
1 0.798064236111111 0.7314670138888889 0.11057291666666665 0.26561921296296304
1 0.5156597222222222 0.39884837962962966 0.11520833333333336 0.26331018518518523
1 0.5061631944444445 0.7031655092592592 0.1109375 0.246875
0 0.41541666666666666 0.39295138888888886 0.10725694444444436 0.2570023148148149
0 0.4002604166666667 0.7059027777777778 0.10942708333333329 0.24920717592592592
0 0.3006597222222222 0.70625 0.1158159722222222 0.2555034722222221
1 0.3195399305555556 0.40147280092592597 0.10234375 0.28196180555555556
0 0.19768229166666668 0.700373263888889 0.11107638888888886 0.253125
0 0.2186284722222222 0.3905034722222222 0.11902777777777782 0.25943287037037044
0 0.11363715277777778 0.4049508101851852 0.12244791666666668 0.2727372685185186
0 0.09838541666666667 0.6870486111111112 0.11732638888888887 0.2531712962962963
1 0.034192708333333335 0.39972511574074077 0.06838541666666667 0.27554976851851853
0 0.027751736111111112 0.6817795138888889 0.055503472222222225 0.2426909722222222