0 0.09921875 0.858984375 0.1984375 0.223828125
0 0.25234375 0.903125 0.1875 0.19375
0 0.527734375 0.70546875 0.154296875 0.187109375
0 0.788671875 0.894140625 0.13671875 0.1625
1 0.668359375 0.8375 0.133203125 0.147265625
1 0.392578125 0.636328125 0.148046875 0.193359375
1 0.270703125 0.566015625 0.131640625 0.20546875
0 0.148046875 0.46328125 0.113671875 0.193359375
0 0.109765625 0.263671875 0.121875 0.159375
0 0.82109375 0.70390625 0.133203125 0.137890625
0 0.928515625 0.78984375 0.107421875 0.165625
1 0.693359375 0.644140625 0.108984375 0.13203125
1 0.5828125 0.575 0.128515625 0.113671875
1 0.46171875 0.5046875 0.133203125 0.13515625
1 0.340625 0.432421875 0.14453125 0.12890625
1 0.2375 0.37265625 0.126953125 0.12578125
1 0.933203125 0.95078125 0.1234375 0.098046875
1 0.25546875 0.1625 0.087890625 0.0921875
1 0.448828125 0.29140625 0.091015625 0.0921875
0 0.35703125 0.20234375 0.108984375 0.098046875
0 0.1625 0.067578125 0.11875 0.110546875
0 0.634765625 0.37890625 0.11875 0.104296875
1 0.54453125 0.355859375 0.110546875 0.12578125
1 0.728515625 0.473828125 0.094140625 0.150390625
1 0.8359375 0.529296875 0.08125 0.15625
1 0.933203125 0.599609375 0.09765625 0.13515625
1 0.930859375 0.481640625 0.10078125 0.0828125
0 0.847265625 0.4109375 0.092578125 0.0796875
0 0.751953125 0.36484375 0.09765625 0.0765625
1 0.671484375 0.314453125 0.089453125 0.067578125
0 0.5765625 0.25625 0.10078125 0.094921875
0 0.47734375 0.194921875 0.09609375 0.0890625
0 0.393359375 0.11796875 0.108984375 0.0734375
0 0.321875 0.069140625 0.10234375 0.098046875
0 0.78203125 0.2546875 0.066796875 0.12578125
1 0.852734375 0.312890625 0.0828125 0.0765625
1 0.93828125 0.352734375 0.073046875 0.0734375
1 0.7 0.20859375 0.071484375 0.11953125
0 0.61953125 0.13515625 0.0765625 0.13203125
0 0.546484375 0.0828125 0.074609375 0.107421875
0 0.471484375 0.04609375 0.078125 0.0921875
0 0.86328125 0.223828125 0.06015625 0.098046875
0 0.78359375 0.1765625 0.074609375 0.0828125
0 0.72109375 0.142578125 0.087890625 0.0765625
1 0.932421875 0.190234375 0.053515625 0.0828125
0 0.868359375 0.11796875 0.05703125 0.061328125
0 0.805859375 0.0890625 0.05859375 0.0921875
0 0.73984375 0.056640625 0.06328125 0.0765625
0 0.9390625 0.12265625 0.05546875 0.0890625
0 0.9375 0.04921875 0.045703125 0.070703125