0 0.09977141203703704 0.12221932870370371 0.11794560185185185 0.21384837962962963
0 0.22982928240740738 0.11274016203703704 0.1265046296296296 0.20960648148148148
0 0.3810792824074074 0.11544849537037036 0.14759837962962957 0.21070023148148148
0 0.5099768518518518 0.1075925925925926 0.1319502314814816 0.20676504629629627
0 0.6275405092592592 0.10021267361111111 0.11082754629629629 0.20042534722222222
1 0.7599768518518518 0.09891493055555556 0.12491898148148159 0.19782986111111112
0 0.8822135416666665 0.08951533564814815 0.12635416666666685 0.1790306712962963
0 0.837607060185185 0.28755497685185183 0.10665509259259247 0.165625
0 0.950491898148148 0.27458912037037037 0.09901620370370381 0.17631944444444442
0 0.6926244212962963 0.2868663194444444 0.1137731481481481 0.17770833333333336
0 0.5875520833333333 0.2930960648148148 0.1034780092592591 0.15843171296296302
1 0.47423032407407406 0.2935011574074074 0.10277777777777786 0.16932870370370362
1 0.3684056712962963 0.30367766203703705 0.09105902777777777 0.1687210648148148
0 0.25591145833333334 0.31029224537037037 0.11754050925925927 0.15916087962962955
1 0.10902199074074073 0.3159548611111111 0.11535879629629626 0.18091435185185195
0 0.07073784722222222 0.6340769675925926 0.12039930555555556 0.12338541666666672
1 0.18712673611111114 0.6256973379629629 0.09220486111111112 0.11255208333333329
1 0.9648234953703703 0.5786689814814815 0.07035300925925939 0.11153935185185179
0 0.8847743055555556 0.5883506944444445 0.07900462962962962 0.12280092592592595
0 0.2758159722222222 0.623443287037037 0.06809027777777779 0.12535879629629623
0 0.7776880787037037 0.5864785879629629 0.10326967592592595 0.13030671296296284
0 0.6726099537037037 0.5919270833333333 0.09934027777777779 0.12697916666666664
0 0.5776938657407407 0.5976302083333334 0.09228587962962961 0.12348958333333329
1 0.48436053240740745 0.6059866898148148 0.11336805555555554 0.12302083333333336
1 0.36754629629629626 0.6096990740740741 0.09471064814814811 0.13454861111111108
1 0.06297743055555556 0.7470225694444445 0.07896412037037037 0.11733217592592596
0 0.14664930555555555 0.7532349537037037 0.09923611111111112 0.11291666666666664
1 0.2501157407407407 0.7412268518518518 0.10314236111111112 0.11311921296296283
1 0.34772858796296297 0.7303038194444443 0.09767361111111113 0.11283564814814824
0 0.4403356481481481 0.7294097222222222 0.08061342592592595 0.12913194444444437
0 0.5188454861111111 0.7245572916666667 0.09063078703703695 0.11090856481481488
0 0.6067274305555556 0.7188281249999999 0.08048611111111122 0.11194444444444436
1 0.6875231481481482 0.7060416666666667 0.08045717592592591 0.10803819444444436
1 0.7781481481481481 0.7013425925925926 0.10230324074074063 0.1052662037037038
1 0.8719328703703703 0.7011689814814815 0.08824074074074062 0.1045370370370371
0 0.960177951388889 0.6918836805555555 0.07964409722222214 0.10413194444444436
1 0.9673249421296297 0.8734490740740741 0.06535011574074048 0.08888310185185197
0 0.8994675925925926 0.8837962962962964 0.07644097222222221 0.09299189814814816
0 0.8186371527777778 0.8918952546296296 0.08034722222222221 0.09319444444444436
0 0.7401070601851851 0.8940133101851853 0.06790509259259263 0.10035879629629604
0 0.6690133101851852 0.8976996527777779 0.06475694444444446 0.09707175925925923
0 0.5994473379629629 0.8966174768518519 0.07878472222222221 0.09311342592592595
1 0.5224884259259259 0.8998263888888889 0.07639467592592589 0.08674189814814817
1 0.43386284722222224 0.9106741898148147 0.08339120370370363 0.08241898148148152
0 0.3588483796296297 0.9126099537037037 0.06780092592592588 0.0862962962962964
0 0.286646412037037 0.9249508101851852 0.08807870370370371 0.08266203703703709
1 0.2092390046296296 0.9203674768518517 0.08662037037037038 0.09664351851851834
1 0.12841145833333334 0.9288570601851852 0.0943923611111111 0.09157986111111108
1 0.04208912037037037 0.9341145833333332 0.07094328703703703 0.08880208333333357