0 0.07388020833333334 0.4430381944444445 0.11671875000000001 0.18763888888888897
1 0.1377951388888889 0.4688802083333334 0.11500000000000003 0.1665104166666666
0 0.21352430555555557 0.48861979166666664 0.1296875 0.1811979166666667
1 0.28623263888888884 0.5105642361111111 0.11232638888888893 0.17652777777777776
0 0.3559375 0.5351041666666667 0.1291145833333333 0.1858506944444443
0 0.4270312499999999 0.5558072916666668 0.10154513888888883 0.16201388888888885
0 0.49445312500000005 0.5728385416666667 0.10828124999999993 0.17322916666666668
1 0.5570486111111111 0.5865364583333333 0.11156249999999997 0.15934027777777776
0 0.6289409722222222 0.6076649305555556 0.10741319444444457 0.15369791666666668
0 0.6995052083333333 0.6252256944444444 0.10904513888888889 0.1553298611111112
0 0.7723263888888889 0.6584809027777778 0.11710069444444429 0.1611458333333335
0 0.8429600694444443 0.6776041666666666 0.11588541666666678 0.168888888888889
1 0.9156770833333333 0.6909722222222222 0.11652777777777779 0.16579861111111108