1 0.819140625 0.916015625 0.13984375 0.16796875
0 0.68515625 0.869921875 0.145703125 0.26015625
0 0.565625 0.833984375 0.1484375 0.33203125
0 0.480078125 0.766015625 0.15703125 0.33203125
0 0.384375 0.68984375 0.161328125 0.276171875
0 0.303515625 0.6640625 0.138671875 0.280078125
0 0.237890625 0.6 0.13125 0.3
0 0.194921875 0.537890625 0.130078125 0.2359375
0 0.13203125 0.523828125 0.10703125 0.212109375
0 0.07578125 0.45 0.13125 0.219921875
1 0.345703125 0.248046875 0.06015625 0.09609375
0 0.425 0.251953125 0.071484375 0.1359375
0 0.529296875 0.298046875 0.055859375 0.151953125
1 0.47578125 0.2921875 0.062890625 0.148046875
1 0.5828125 0.31015625 0.061328125 0.1359375
1 0.644140625 0.35390625 0.052734375 0.1078125
0 0.7015625 0.34609375 0.073046875 0.13984375
0 0.763671875 0.362109375 0.05703125 0.13203125
1 0.837109375 0.426171875 0.06015625 0.119921875
1 0.905078125 0.448046875 0.069921875 0.155859375
1 0.9765625 0.48984375 0.044140625 0.123828125
1 0.97265625 0.35 0.0546875 0.1078125
1 0.91640625 0.31796875 0.05703125 0.080078125
1 0.84921875 0.326171875 0.061328125 0.087890625
1 0.787890625 0.28203125 0.061328125 0.071875
1 0.680859375 0.262109375 0.0515625 0.083984375
1 0.73359375 0.262109375 0.045703125 0.055859375
1 0.628515625 0.2421875 0.052734375 0.0921875
0 0.576953125 0.216015625 0.062890625 0.087890625
0 0.50078125 0.176171875 0.073046875 0.0921875
0 0.4515625 0.162109375 0.071484375 0.071875
0 0.944140625 0.194140625 0.044140625 0.071875
1 0.894921875 0.194140625 0.04140625 0.051953125
0 0.8515625 0.16796875 0.03984375 0.083984375
0 0.803515625 0.162109375 0.044140625 0.080078125
1 0.760546875 0.1578125 0.038671875 0.051953125
1 0.7265625 0.148046875 0.037109375 0.044140625
0 0.694140625 0.133984375 0.037109375 0.055859375
1 0.655078125 0.13203125 0.044140625 0.06015625
0 0.613671875 0.116015625 0.038671875 0.080078125
0 0.571484375 0.112109375 0.04296875 0.06015625
0 0.53125 0.1 0.0515625 0.080078125