0 0.15518229166666667 0.7652922453703703 0.17838541666666669 0.2442997685185185
1 0.2655729166666666 0.7999710648148148 0.27479166666666666 0.24085648148148148
1 0.40302083333333333 0.7764756944444444 0.309375 0.26863425925925916
1 0.5588802083333333 0.7589554398148148 0.32281250000000006 0.25978009259259255
1 0.7120312500000001 0.7360532407407409 0.28671875 0.25610532407407405
1 0.8576822916666667 0.7277488425925925 0.2846354166666668 0.2563657407407408
1 0.9444531250000001 0.7126591435185186 0.11109374999999985 0.2618923611111111
0 0.08369791666666666 0.33914930555555556 0.13770833333333332 0.24201388888888892
0 0.17002604166666666 0.3242042824074074 0.17734375 0.2520543981481482
0 0.28492187500000005 0.2854890046296296 0.1803125 0.24982638888888883
0 0.40945312500000003 0.2914496527777778 0.19692708333333328 0.25355902777777783
1 0.5246875 0.26368634259259255 0.20447916666666668 0.24994212962962958
0 0.6383593750000001 0.24185474537037038 0.21192708333333332 0.27983217592592596
0 0.741171875 0.21572627314814813 0.20776041666666673 0.2991608796296297
0 0.8791145833333334 0.19965277777777776 0.21604166666666663 0.27141203703703703