0 0.558203125 0.925 0.2484375 0.15
0 0.478125 0.8296875 0.24453125 0.17109375
0 0.437890625 0.69375 0.218359375 0.142578125
0 0.373828125 0.570703125 0.20625 0.153125
0 0.341796875 0.4578125 0.168359375 0.115625
0 0.930859375 0.63671875 0.13828125 0.1890625
0 0.866796875 0.55703125 0.164453125 0.141015625
0 0.7859375 0.466796875 0.168359375 0.126171875
1 0.7390625 0.416796875 0.161328125 0.121484375
0 0.69296875 0.3484375 0.147265625 0.126171875
0 0.626171875 0.24921875 0.1453125 0.101953125
1 0.584765625 0.2265625 0.12109375 0.090234375
1 0.562109375 0.177734375 0.12421875 0.090234375
1 0.5265625 0.13046875 0.118359375 0.087109375
1 0.498828125 0.09453125 0.12421875 0.087109375
1 0.467578125 0.063671875 0.10625 0.083984375
1 0.445703125 0.027734375 0.118359375 0.05546875
0 0.273046875 0.3703125 0.176171875 0.115625
0 0.2546875 0.30625 0.15234375 0.0796875
0 0.2375 0.2484375 0.147265625 0.090234375
0 0.217578125 0.1953125 0.1453125 0.06015625
0 0.192578125 0.1515625 0.147265625 0.070703125
0 0.179296875 0.105078125 0.147265625 0.070703125
1 0.165234375 0.075 0.139453125 0.052734375
1 0.150390625 0.048828125 0.134375 0.052734375
1 0.773046875 0.223828125 0.11015625 0.075
1 0.73359375 0.164453125 0.12421875 0.072265625
1 0.700390625 0.1328125 0.11328125 0.072265625
1 0.663671875 0.0921875 0.12421875 0.072265625
1 0.634765625 0.05703125 0.134375 0.075
1 0.908984375 0.3640625 0.158203125 0.0796875
1 0.869140625 0.298046875 0.140234375 0.087109375
1 0.9453125 0.4203125 0.109375 0.090234375
1 0.958203125 0.091796875 0.08359375 0.09765625
1 0.9296875 0.05546875 0.100390625 0.078125
1 0.88359375 0.027734375 0.111328125 0.05546875
1 0.131640625 0.0203125 0.139453125 0.040625