0 0.11875 0.8949999999999999 0.12734375 0.21000000000000005
0 0.248828125 0.8982291666666666 0.13515625 0.20354166666666665
0 0.39921875 0.893515625 0.15625 0.21296874999999993
0 0.528125 0.8963151041666666 0.140625 0.20736979166666672
0 0.645703125 0.899609375 0.11953125 0.20078125
1 0.777734375 0.8981119791666666 0.13359375 0.2037760416666668
0 0.9 0.9052994791666666 0.134375 0.18940104166666671
0 0.843359375 0.7077864583333333 0.1140625 0.17322916666666668
0 0.9515625 0.715390625 0.096875 0.18223958333333332
0 0.69921875 0.7138020833333333 0.12109375 0.18541666666666662
0 0.594140625 0.7114843750000001 0.11015625 0.16593750000000007
1 0.48125 0.7152864583333333 0.109375 0.1760416666666668
1 0.375390625 0.7090104166666666 0.0984375 0.17531250000000007
0 0.26328125 0.7066145833333334 0.12421875 0.16765624999999992
1 0.11640625 0.7065885416666667 0.12265625 0.18864583333333335
0 0.0609375 0.38921875 0.121875 0.13156249999999997
1 0.17578125 0.393359375 0.096875 0.11895833333333332
1 0.95390625 0.41125000000000006 0.07734375 0.11687499999999998
0 0.87265625 0.40466145833333333 0.084375 0.1282812499999999
0 0.2640625 0.39221354166666667 0.07421875 0.1299479166666667
0 0.766015625 0.41044270833333335 0.10859375 0.13770833333333332
0 0.6609375 0.40890624999999997 0.1046875 0.13354166666666673
0 0.56640625 0.4069010416666667 0.09765625 0.1299479166666666
1 0.473046875 0.40184895833333334 0.11875 0.13057291666666657
1 0.35625 0.40265625000000005 0.10078125 0.14109374999999996
1 0.044921875 0.2764322916666667 0.084375 0.12281250000000003
0 0.127734375 0.267109375 0.10390625 0.11942708333333334
1 0.231640625 0.27520833333333333 0.1078125 0.12046875000000004
1 0.329296875 0.28250000000000003 0.10234375 0.11932291666666668
0 0.421484375 0.28005208333333337 0.08671875 0.13546875000000008
0 0.5 0.28177083333333336 0.0953125 0.11729166666666666
0 0.587890625 0.2841145833333333 0.0859375 0.11744791666666661
1 0.669140625 0.293828125 0.08515625 0.11348958333333332
1 0.759765625 0.2951822916666667 0.10625 0.11255208333333329
1 0.853125 0.29203125 0.0921875 0.11083333333333334
0 0.941796875 0.29794270833333336 0.08515625 0.10958333333333332
1 0.94140625 0.11549479166666665 0.07578125 0.09411458333333335
0 0.86953125 0.10796874999999999 0.08046875 0.09833333333333334
0 0.788671875 0.10296875000000001 0.084375 0.09937500000000002
0 0.71015625 0.10359375 0.07265625 0.105625
0 0.639453125 0.10278645833333333 0.06953125 0.10151041666666667
0 0.569921875 0.10635416666666667 0.0828125 0.09927083333333334
1 0.493359375 0.10593749999999999 0.0796875 0.09203125000000001
1 0.404296875 0.0984375 0.08671875 0.08859374999999999
0 0.3296875 0.09932291666666666 0.071875 0.09072916666666667
0 0.25703125 0.08979166666666667 0.09140625 0.08890625
1 0.180078125 0.09716145833333334 0.090625 0.10291666666666668
1 0.09921875 0.09177083333333333 0.0984375 0.09796874999999998
1 0.025 0.09072916666666667 0.05 0.09239583333333334