1 0.19944444444444445 0.08402777777777778 0.1535763888888889 0.1626041666666667
0 0.3339872685185185 0.13539930555555554 0.16797453703703705 0.2596875
0 0.45431134259259254 0.17592013888888888 0.17737268518518517 0.33559027777777783
0 0.5414699074074074 0.24652777777777776 0.18625000000000008 0.34124999999999994
0 0.6385706018518519 0.32828124999999997 0.18567708333333321 0.2850520833333333
0 0.7197366898148149 0.35856770833333335 0.16318287037037038 0.28767361111111106
0 0.7868518518518519 0.42638888888888893 0.15720486111111107 0.30782986111111116
0 0.830758101851852 0.4905729166666667 0.15075810185185184 0.24369791666666668
0 0.8941087962962962 0.5083680555555555 0.12524305555555557 0.2181597222222223
0 0.9381047453703705 0.5853385416666667 0.1237905092592591 0.22730902777777776
1 0.6845659722222223 0.7713715277777777 0.06838541666666664 0.09984374999999997
0 0.6053153935185185 0.7629774305555556 0.08373263888888882 0.139982638888889
0 0.5000086805555556 0.7110850694444444 0.06891782407407412 0.15526041666666668
1 0.5535387731481481 0.720078125 0.07574652777777775 0.1515104166666667
1 0.4461545138888889 0.6958420138888889 0.07357638888888882 0.13975694444444448
1 0.3840190972222222 0.6488107638888889 0.06192129629629628 0.11062499999999993
0 0.32690104166666667 0.6533940972222222 0.08549768518518519 0.14392361111111107
0 0.2642303240740741 0.6336631944444445 0.06864583333333334 0.13496527777777773
1 0.18969328703703706 0.5656770833333333 0.07038194444444441 0.123298611111111
1 0.12125 0.5399652777777778 0.08322337962962961 0.16026041666666657
1 0.04938946759259259 0.4934982638888889 0.05413773148148149 0.12605902777777783
1 0.05863425925925926 0.6341666666666667 0.0572337962962963 0.11052083333333336
1 0.11195891203703705 0.669296875 0.06440972222222222 0.08336805555555564
1 0.1792332175925926 0.6649392361111112 0.0687210648148148 0.091267361111111
1 0.24138888888888888 0.7123611111111112 0.06791087962962958 0.075642361111111
1 0.34885416666666663 0.7381597222222223 0.05914351851851851 0.08715277777777786
1 0.29603877314814814 0.7354253472222222 0.05061342592592588 0.058090277777777824
1 0.4015509259259259 0.7611805555555555 0.061111111111111074 0.09499999999999993
0 0.45379050925925923 0.7904340277777777 0.07028356481481488 0.09130208333333342
0 0.5305873842592593 0.8342795138888889 0.08146412037037046 0.096232638888889
0 0.5802459490740741 0.8513802083333335 0.07806712962962976 0.07586805555555572
0 0.08628761574074076 0.7912413194444444 0.05068287037037038 0.07447916666666661
1 0.13558738425925926 0.7938975694444445 0.04572337962962965 0.05407986111111107
0 0.17960358796296297 0.822578125 0.047384259259259265 0.08611111111111107
0 0.2276446759259259 0.8310590277777777 0.05108796296296294 0.08229166666666679
1 0.2709172453703704 0.8378732638888889 0.04337962962962969 0.054027777777777786
1 0.305078125 0.8495572916666667 0.04063078703703704 0.0461631944444445
0 0.3378993055555556 0.8655034722222222 0.04201967592592597 0.05789930555555571
1 0.3767534722222222 0.8698784722222221 0.04929398148148154 0.06274305555555557
0 0.4186603009259259 0.8879774305555556 0.04561921296296294 0.082170138888889
0 0.4607407407407408 0.8943749999999999 0.048512731481481455 0.06272569444444435
0 0.5012934027777778 0.9089322916666667 0.058940972222222145 0.08324652777777786