0 0.04793113425925925 0.3989091435185185 0.0958622685185185 0.24313078703703708
1 0.11705729166666667 0.32450231481481484 0.23411458333333335 0.24119212962962963
1 0.23140914351851852 0.29163483796296297 0.31805555555555554 0.26926504629629633
1 0.38457754629629626 0.24580439814814814 0.3307002314814815 0.2608680555555556
1 0.5373119212962962 0.20583333333333337 0.2944733796296296 0.2564293981481482
1 0.6818721064814814 0.1547916666666667 0.3015625 0.25731481481481483
1 0.8235243055555556 0.1271701388888889 0.24357638888888894 0.23304398148148148
0 0.08344907407407406 0.8222337962962962 0.16689814814814813 0.24326388888888886
0 0.17899305555555553 0.7933622685185184 0.18637152777777777 0.25092592592592594
0 0.30137442129629627 0.783052662037037 0.18859953703703702 0.24939814814814804
0 0.416478587962963 0.7284461805555555 0.2052372685185185 0.2527662037037038
1 0.5352864583333333 0.7083072916666667 0.21281828703703703 0.24975694444444443
0 0.650173611111111 0.6830266203703703 0.22120949074074084 0.2787557870370371
0 0.7566116898148149 0.6662239583333334 0.21875 0.2982291666666669
0 0.8718460648148149 0.6256973379629629 0.18547453703703703 0.2704224537037037