1 0.07578125 0.3828125 0.1515625 0.26953125
1 0.202734375 0.403125 0.1703125 0.238671875
1 0.3375 0.399609375 0.159375 0.2578125
1 0.469140625 0.404296875 0.153125 0.25078125
1 0.605078125 0.4078125 0.135546875 0.2765625
1 0.131640625 0.71875 0.214453125 0.392578125
1 0.296484375 0.7140625 0.1765625 0.397265625
1 0.470703125 0.71171875 0.194140625 0.3734375
1 0.633984375 0.73046875 0.194140625 0.411328125
1 0.8171875 0.731640625 0.23671875 0.4375
1 0.92421875 0.722265625 0.1515625 0.413671875
0 0.882421875 0.397265625 0.123046875 0.226953125
0 0.74453125 0.39375 0.135546875 0.27421875
1 0.103515625 0.063671875 0.10703125 0.12734375
1 0.196484375 0.06484375 0.09140625 0.1296875
1 0.278515625 0.066015625 0.09453125 0.13203125
1 0.373046875 0.063671875 0.09140625 0.12734375
1 0.458984375 0.06484375 0.09765625 0.1296875
1 0.556640625 0.066015625 0.08984375 0.123046875
1 0.637890625 0.066015625 0.09296875 0.13203125
1 0.734375 0.06875 0.108984375 0.132421875
1 0.8203125 0.0734375 0.09765625 0.146484375
1 0.907421875 0.066015625 0.10390625 0.13203125