0 0.57265625 0.72890625 0.255078125 0.0671875
0 0.316796875 0.73125 0.25078125 0.072265625
0 0.326953125 0.6546875 0.2359375 0.060546875
0 0.567578125 0.648828125 0.243359375 0.07734375
0 0.57265625 0.578515625 0.233203125 0.0671875
1 0.326953125 0.591796875 0.258203125 0.05546875
0 0.56875 0.51796875 0.22578125 0.05859375
0 0.3328125 0.527734375 0.22578125 0.05859375
0 0.340234375 0.4671875 0.22578125 0.05390625
0 0.563671875 0.4640625 0.206640625 0.0703125
0 0.56875 0.409375 0.20390625 0.05390625
0 0.33046875 0.409375 0.2140625 0.048828125
0 0.56171875 0.369140625 0.20390625 0.04609375
0 0.35859375 0.366796875 0.218359375 0.041015625
0 0.348828125 0.331640625 0.221484375 0.0390625
0 0.5578125 0.31484375 0.1890625 0.04375
0 0.36015625 0.284765625 0.19921875 0.04609375
0 0.362109375 0.246875 0.1890625 0.04375
1 0.552734375 0.278125 0.1921875 0.0390625
1 0.54921875 0.2421875 0.1921875 0.048828125
1 0.554296875 0.20625 0.181640625 0.04375
1 0.36015625 0.20625 0.184765625 0.029296875
1 0.544140625 0.17109375 0.181640625 0.03125
1 0.36015625 0.180078125 0.1921875 0.03125
1 0.53828125 0.1390625 0.17734375 0.0359375
1 0.363671875 0.14765625 0.17734375 0.034375
1 0.53671875 0.11015625 0.159765625 0.0359375
1 0.38359375 0.117578125 0.1453125 0.0265625
1 0.529296875 0.08359375 0.15234375 0.03125
1 0.372265625 0.08828125 0.159765625 0.0265625
1 0.534375 0.05234375 0.149609375 0.0359375
1 0.38203125 0.058203125 0.1421875 0.029296875
1 0.530859375 0.01953125 0.149609375 0.029296875
1 0.385546875 0.026953125 0.134765625 0.029296875
1 0.091015625 0.047265625 0.15703125 0.041015625
1 0.075390625 0.08203125 0.15078125 0.0296875
1 0.0703125 0.10390625 0.140625 0.029296875
1 0.0609375 0.134375 0.121875 0.03125
1 0.059375 0.1671875 0.11875 0.029296875
1 0.04609375 0.198828125 0.0921875 0.029296875
1 0.05 0.23828125 0.099609375 0.03125
1 0.0375 0.27109375 0.074609375 0.0390625
1 0.84375 0.015625 0.134765625 0.03125
1 0.8453125 0.0375 0.137890625 0.041015625
1 0.854296875 0.062890625 0.1203125 0.0390625
1 0.865234375 0.089453125 0.1203125 0.04375
1 0.876171875 0.11875 0.15703125 0.05390625
1 0.89453125 0.15 0.149609375 0.034375
0 0.89453125 0.179296875 0.1421875 0.05390625
0 0.908984375 0.2046875 0.171484375 0.05546875
0 0.92421875 0.253125 0.1515625 0.065625
0 0.928125 0.30390625 0.14375 0.041015625
0 0.935546875 0.396875 0.12890625 0.048828125
0 0.93671875 0.35078125 0.1265625 0.0484375
0 0.9390625 0.437109375 0.121875 0.05546875
0 0.9390625 0.4953125 0.121875 0.065625