0 0.609453125 0.283671875 0.2728125 0.13711805555555562
0 0.36752604166666664 0.22078993055555554 0.26989583333333333 0.1401736111111111
0 0.35265625 0.29756944444444444 0.25171875000000005 0.12494791666666671
0 0.578984375 0.3604079861111111 0.2646354166666667 0.14317708333333332
0 0.5610937500000001 0.42984375 0.2513020833333332 0.1303993055555555
1 0.33221354166666667 0.3584809027777778 0.27208333333333334 0.12618055555555552
0 0.537734375 0.4876996527777777 0.24125000000000013 0.12003472222222236
0 0.31703125 0.4223958333333334 0.24125000000000005 0.1200347222222223
0 0.30442708333333335 0.4827430555555555 0.23937499999999998 0.11531249999999993
0 0.5155989583333334 0.5388975694444444 0.22604166666666678 0.12593750000000004
0 0.5026041666666666 0.5934027777777777 0.21791666666666668 0.109375
0 0.27664062500000003 0.536796875 0.2263541666666667 0.10722222222222229
0 0.48296875000000006 0.6305034722222222 0.21510416666666674 0.10229166666666671
0 0.28942708333333333 0.5848784722222222 0.22828125000000005 0.10102430555555557
0 0.268984375 0.6165364583333334 0.23057291666666666 0.10029513888888886
0 0.4615625 0.6824652777777778 0.1998437500000001 0.09571180555555561
0 0.2645833333333333 0.665 0.21109375000000002 0.100642361111111
0 0.25390625 0.7022916666666668 0.19984374999999996 0.09571180555555543
1 0.44481770833333334 0.7171614583333333 0.20192708333333337 0.0918576388888889
1 0.430078125 0.7510329861111111 0.20489583333333333 0.10128472222222218
1 0.42338541666666674 0.7870659722222222 0.19265624999999997 0.09321180555555557
1 0.23921874999999998 0.7412326388888889 0.19098958333333335 0.07991319444444436
1 0.4021354166666667 0.8191319444444444 0.18874999999999992 0.08142361111111107
1 0.23052083333333337 0.7663888888888889 0.19906249999999998 0.08399305555555561
1 0.3865104166666667 0.8487326388888888 0.18583333333333324 0.08447916666666658
1 0.22328125000000001 0.7989236111111111 0.18572916666666667 0.08291666666666657
1 0.3753125 0.8762847222222223 0.16833333333333336 0.079409722222222
1 0.23270833333333335 0.8330381944444444 0.15109374999999997 0.06654513888888891
1 0.36005208333333333 0.9004166666666666 0.16010416666666671 0.07298611111111128
1 0.21229166666666668 0.858454861111111 0.16541666666666668 0.07076388888888871
1 0.3544270833333333 0.9321354166666665 0.15880208333333332 0.07685763888888886
1 0.21213541666666663 0.8900520833333333 0.14963541666666666 0.06807291666666657
1 0.34046875000000004 0.9601388888888888 0.1564583333333333 0.06510416666666644
1 0.20536458333333335 0.9214062500000001 0.14171874999999998 0.06633680555555585
1 0.007994791666666667 0.8308767361111112 0.015989583333333335 0.08199652777777766
1 0.003593750000000001 0.7927170138888889 0.007187500000000002 0.06925347222222218
1 0.002317708333333335 0.7708854166666667 0.00463541666666667 0.06604166666666664
1 0.002031250000000001 0.7064843749999999 0.004062500000000002 0.06046875000000007
1 0.0047395833333333335 0.6353819444444444 0.009479166666666667 0.057361111111111106
1 0.6629166666666666 0.9736458333333333 0.12791666666666668 0.02312499999999993
1 0.6813541666666667 0.9603645833333333 0.1304166666666667 0.04892361111111114
1 0.7008854166666667 0.9423784722222223 0.1710416666666667 0.08493055555555529
1 0.7279427083333333 0.9226649305555554 0.15791666666666657 0.075277777777778
0 0.737265625 0.8939843749999999 0.15749999999999992 0.09243055555555557
0 0.7593489583333334 0.8728211805555557 0.1861979166666668 0.10164930555555571
0 0.789140625 0.8296440972222221 0.17010416666666667 0.10597222222222209
0 0.80953125 0.7812152777777778 0.15432291666666664 0.07987847222222229
0 0.846640625 0.6926302083333333 0.14286458333333343 0.0835243055555555
0 0.832734375 0.7374045138888888 0.14046875000000006 0.08269097222222221
0 0.8628645833333334 0.6540451388888888 0.13770833333333315 0.08809027777777771
0 0.8818229166666667 0.5978472222222223 0.14072916666666657 0.098298611111111