0 0.4923611111111111 0.07337962962962963 0.2684027777777778 0.14675925925925926
0 0.5578211805555556 0.15458622685185183 0.26772569444444444 0.2097511574074074
0 0.5781510416666666 0.29356192129629627 0.23810763888888892 0.17664930555555552
0 0.6240885416666667 0.42183159722222224 0.22737847222222224 0.18561921296296297
0 0.6394791666666666 0.537181712962963 0.18425347222222221 0.14186921296296298
0 0.08224392361111112 0.30842013888888886 0.16448784722222223 0.210619212962963
0 0.13410590277777779 0.3935329861111111 0.18402777777777776 0.16684027777777777
0 0.20104166666666665 0.49019097222222224 0.18605902777777777 0.1528645833333334
1 0.24043402777777775 0.5441550925925925 0.178125 0.14710648148148148
0 0.2759114583333333 0.6162181712962963 0.1648958333333333 0.1489583333333334
0 0.32783854166666665 0.7208478009259259 0.15967013888888887 0.12456597222222214
1 0.36551215277777777 0.746773726851852 0.13357638888888887 0.10954861111111107
1 0.381171875 0.7973234953703704 0.13670138888888897 0.1096643518518519
1 0.4093229166666667 0.8478009259259259 0.1303645833333334 0.10552662037037024
1 0.4315017361111111 0.886009837962963 0.13585069444444448 0.10651041666666679
1 0.4580815972222222 0.9193721064814815 0.11776041666666667 0.10037615740740727
1 0.474921875 0.9519241898148149 0.12553819444444442 0.06397569444444429
0 0.6947916666666666 0.6299768518518519 0.19208333333333344 0.14293981481481488
0 0.7038715277777777 0.6956018518518519 0.16310763888888893 0.10361689814814809
0 0.7127083333333333 0.7546006944444444 0.15942708333333327 0.11362847222222214
0 0.7247656250000001 0.8091869212962962 0.15328124999999987 0.08295717592592596
0 0.742873263888889 0.8549623842592592 0.15664930555555562 0.09401041666666643
0 0.7496180555555556 0.9027199074074073 0.15664930555555542 0.09401041666666643
1 0.7590798611111111 0.93359375 0.1460763888888888 0.07488425925925916
1 0.7700694444444445 0.9484085648148148 0.1408333333333335 0.049710648148148094
1 0.17884548611111112 0.7337818287037037 0.12069444444444448 0.09189814814814809
1 0.20946180555555555 0.7962673611111112 0.13395833333333335 0.09160879629629637
1 0.23758680555555553 0.8303530092592591 0.1229861111111111 0.08964120370370372
1 0.2682291666666667 0.8741030092592592 0.13395833333333335 0.09160879629629619
1 0.2915885416666667 0.9118778935185186 0.1442013888888889 0.09589120370370381
1 0.07412326388888889 0.5821903935185185 0.14824652777777778 0.10436921296296298
1 0.09441840277777777 0.6514322916666667 0.1523090277777778 0.10946180555555554
1 0.04864583333333333 0.5230034722222222 0.09729166666666667 0.10711805555555554
1 0.012256944444444444 0.848046875 0.024513888888888887 0.10859375
1 0.027734375 0.8872974537037038 0.05546875 0.09259259259259238
1 0.05029513888888889 0.9195891203703704 0.10059027777777778 0.07309027777777785