0 0.901171875 0.87265625 0.11640625 0.2078125
0 0.77109375 0.875390625 0.125 0.202734375
0 0.619921875 0.86484375 0.14609375 0.202734375
0 0.491015625 0.866015625 0.13046875 0.2
0 0.3734375 0.86796875 0.109375 0.19609375
1 0.241015625 0.866015625 0.1234375 0.2
0 0.11875 0.869921875 0.125 0.1828125
0 0.16484375 0.669140625 0.10546875 0.16015625
0 0.050390625 0.676171875 0.10078125 0.17109375
0 0.309765625 0.67734375 0.1125 0.171875
0 0.41484375 0.6765625 0.10234375 0.153515625
1 0.528125 0.68203125 0.101171875 0.1640625
1 0.633984375 0.67734375 0.08984375 0.1640625
0 0.746484375 0.6765625 0.11640625 0.153515625
1 0.893359375 0.678515625 0.113671875 0.174609375
0 0.933984375 0.3625 0.11953125 0.1171875
1 0.817578125 0.36484375 0.09140625 0.1078125
1 0.038671875 0.371484375 0.071484375 0.1078125
0 0.119921875 0.366015625 0.078515625 0.11875
0 0.72890625 0.3625 0.067578125 0.121484375
0 0.226953125 0.3734375 0.10234375 0.125390625
0 0.33203125 0.3734375 0.0984375 0.121484375
0 0.426953125 0.37265625 0.09140625 0.11875
1 0.5203125 0.369140625 0.1125 0.1171875
1 0.637109375 0.371484375 0.094140625 0.129296875
1 0.942578125 0.25 0.078515625 0.11328125
0 0.858984375 0.239453125 0.0984375 0.1078125
1 0.75546875 0.24609375 0.10234375 0.1078125
1 0.6578125 0.251953125 0.096875 0.1078125
0 0.565234375 0.248046875 0.080078125 0.125390625
0 0.48671875 0.248828125 0.08984375 0.106640625
0 0.398828125 0.25 0.080078125 0.1078125
1 0.31796875 0.25859375 0.080078125 0.10390625
1 0.22734375 0.25859375 0.101171875 0.1
1 0.13359375 0.25390625 0.087109375 0.1
0 0.044921875 0.25859375 0.080078125 0.1
1 0.0359375 0.0765625 0.071484375 0.08515625
0 0.107421875 0.069921875 0.07578125 0.089453125
0 0.18828125 0.066015625 0.080078125 0.089453125
0 0.266796875 0.06796875 0.067578125 0.097265625
0 0.337890625 0.06796875 0.064453125 0.093359375
0 0.407421875 0.07265625 0.078515625 0.089453125
1 0.484375 0.0734375 0.07578125 0.0828125
1 0.573046875 0.0671875 0.0828125 0.078515625
0 0.648046875 0.069140625 0.067578125 0.0828125
0 0.7203125 0.060546875 0.087109375 0.078515625
1 0.79765625 0.069140625 0.085546875 0.0921875
1 0.878515625 0.06484375 0.094140625 0.08671875
1 0.96484375 0.0640625 0.0703125 0.08515625