1 0.8748090277777777 0.1777314814814815 0.16309606481481476 0.19432291666666668
0 0.7359461805555556 0.19747395833333334 0.18252893518518504 0.2874826388888889
0 0.612650462962963 0.21021412037037038 0.19555555555555557 0.359224537037037
0 0.5189207175925926 0.26080150462962964 0.20416087962962964 0.36123263888888885
0 0.41430266203703703 0.31746238425925927 0.2006307870370371 0.30638310185185186
0 0.33042245370370377 0.3271701388888889 0.17876157407407406 0.3060300925925926
0 0.2569965277777778 0.37763888888888886 0.17421296296296296 0.324537037037037
0 0.20623553240740744 0.43045428240740746 0.16358217592592597 0.25994791666666667
0 0.14221064814814816 0.4322106481481482 0.13682291666666666 0.23200810185185183
0 0.08019675925925926 0.49459490740740736 0.15487268518518518 0.24387731481481478
1 0.3175028935185185 0.7443084490740741 0.07342592592592592 0.107673611111111
0 0.3964612268518518 0.7554311342592592 0.0909143518518519 0.1491898148148149
0 0.5059953703703703 0.7298726851851851 0.07773726851851848 0.16256365740740755
1 0.45246817129629624 0.725535300925926 0.08396412037037031 0.1597627314814815
1 0.5606510416666667 0.7284114583333333 0.08074652777777783 0.14710069444444454
1 0.6271903935185186 0.6971093749999999 0.06803240740740737 0.1175462962962964
0 0.6831655092592592 0.7156307870370371 0.09328703703703703 0.15321759259259266
0 0.746785300925926 0.7119010416666667 0.07603009259259252 0.14295138888888878
1 0.8280295138888889 0.6626186342592593 0.07750578703703717 0.13131365740740755
1 0.8982523148148148 0.6541550925925926 0.09184027777777785 0.16876157407407408
1 0.9718171296296297 0.6264641203703704 0.05636574074074048 0.13202546296296305
1 0.9525578703703704 0.7635706018518518 0.07037615740740719 0.11766782407407402
1 0.892578125 0.784279513888889 0.06861689814814831 0.0910243055555556
1 0.8268229166666666 0.7632986111111111 0.07336226851851854 0.09907986111111118
1 0.7602864583333334 0.7949913194444445 0.07168402777777771 0.08337384259259259
1 0.651730324074074 0.7944386574074074 0.0631712962962963 0.09386574074074083
1 0.7037355324074074 0.8041637731481481 0.053582175925925846 0.06447337962962969
1 0.5971325231481481 0.8037123842592593 0.06557291666666672 0.10179976851851862
0 0.542583912037037 0.8196267361111111 0.0749305555555555 0.09994212962962967
0 0.4619386574074074 0.8443402777777778 0.08590856481481488 0.1059780092592593
0 0.41120949074074076 0.848738425925926 0.0810706018518518 0.08542245370370374
0 0.9036718749999999 0.9113686342592594 0.054479166666666856 0.08013888888888872
1 0.8547916666666666 0.9018055555555555 0.048859953703703954 0.059542824074074116
0 0.8084548611111112 0.9193171296296295 0.051440972222222214 0.09169560185185191
0 0.760011574074074 0.9160243055555556 0.055318287037037096 0.08799189814814809
1 0.7170283564814814 0.9118431712962962 0.04573495370370377 0.059380787037036954
1 0.6819097222222222 0.9150983796296297 0.043333333333333356 0.051446759259259164
0 0.6479947916666667 0.9227112268518518 0.04497685185185176 0.06246527777777757
1 0.60890625 0.9171701388888888 0.05282986111111114 0.06833912037037067
0 0.5656221064814815 0.925078125 0.049843750000000145 0.08692708333333314
0 0.5234201388888888 0.9209375 0.051267361111111145 0.06825810185185191
0 0.4820601851851851 0.9250405092592594 0.063142361111111 0.08995949074074047