0 0.03484375 0.4377777777777777 0.0696875 0.17646412037037038
1 0.091640625 0.4287847222222222 0.09130208333333334 0.15559606481481492
0 0.168359375 0.427740162037037 0.10463541666666672 0.16883680555555552
1 0.24252604166666666 0.4241232638888889 0.08661458333333334 0.16699074074074077
0 0.31460937499999997 0.4167390046296296 0.10260416666666669 0.17338541666666668
0 0.38679687500000004 0.4136284722222222 0.07869791666666667 0.15329282407407413
0 0.45489583333333333 0.4134837962962963 0.08328124999999993 0.1636805555555556
1 0.5174218749999999 0.4152256944444444 0.08932291666666678 0.14925347222222213
0 0.59078125 0.4120457175925926 0.08661458333333343 0.1436458333333334
0 0.6616145833333333 0.4117390046296297 0.0875 0.1452546296296297
0 0.7392708333333333 0.3966319444444445 0.09479166666666661 0.14957754629629633
0 0.8105989583333333 0.39473958333333337 0.09151041666666666 0.15872106481481482
1 0.8826302083333333 0.3998090277777778 0.09359375000000014 0.15495370370370373