1 0.910886863425926 0.2986284722222222 0.1782262731481481 0.2915451388888889
1 0.7883072916666667 0.33774305555555556 0.19642361111111128 0.26411458333333326
1 0.6540104166666667 0.35426215277777773 0.187181712962963 0.2816666666666666
1 0.5236776620370371 0.3784201388888889 0.18009259259259275 0.2735416666666667
1 0.3890422453703704 0.40198784722222225 0.16620370370370363 0.2963541666666666
1 0.8826099537037038 0.6397569444444444 0.23478009259259247 0.42309027777777786
1 0.7297337962962963 0.6595920138888889 0.22024884259259245 0.42293402777777767
1 0.556412037037037 0.6829253472222223 0.23493055555555564 0.40171875
1 0.39652199074074074 0.7259809027777778 0.23912037037037043 0.4401736111111111
1 0.21425057870370373 0.7544010416666668 0.2846585648148148 0.47265625
1 0.10684027777777778 0.7607378472222222 0.19691550925925924 0.43595486111111104
0 0.11222800925925927 0.43304687499999994 0.14785879629629628 0.24477430555555557
0 0.2488136574074074 0.4090017361111111 0.1654050925925926 0.2939756944444444
1 0.8491724537037036 0.02894965277777778 0.12021990740740733 0.05789930555555556
1 0.7566377314814815 0.03670138888888889 0.10546296296296305 0.07340277777777778
1 0.6754282407407407 0.04401041666666666 0.10866898148148145 0.08802083333333333
1 0.5805237268518518 0.04842013888888889 0.1047974537037037 0.09684027777777778
1 0.49580150462962963 0.05624131944444445 0.11191550925925924 0.1124826388888889
1 0.3989872685185185 0.06240017361111111 0.10332175925925924 0.12480034722222222
1 0.31819155092592594 0.07088107638888888 0.10729745370370374 0.14176215277777776
1 0.22258391203703703 0.08584201388888887 0.1229340277777778 0.14838541666666666
1 0.1375289351851852 0.10329861111111112 0.1136574074074074 0.16124999999999998
1 0.05472800925925926 0.10854166666666668 0.10886574074074076 0.14697916666666666