1 0.07190393518518519 0.4102199074074074 0.14380787037037038 0.28424768518518523
1 0.18116319444444445 0.4183854166666666 0.19597800925925926 0.25553240740740735
1 0.315625 0.40152488425925925 0.1872685185185185 0.27322337962962956
1 0.4474392361111111 0.3929369212962963 0.17997685185185192 0.2659837962962962
1 0.58359375 0.3830497685185185 0.16524884259259257 0.2897395833333333
1 0.12416811342592593 0.7393750000000001 0.24833622685185186 0.4134027777777778
1 0.284765625 0.7184982638888889 0.2190393518518518 0.4146354166666667
1 0.45912905092592593 0.6988946759259259 0.2338252314814815 0.39244212962962965
1 0.6229166666666667 0.7014554398148147 0.23836805555555554 0.4308159722222221
1 0.8061631944444445 0.6843200231481481 0.2831886574074073 0.4610185185185186
1 0.8985821759259259 0.6648032407407408 0.16724537037037024 0.42792824074074076
0 0.8604890046296296 0.3448003472222222 0.14699074074074084 0.2392534722222223
0 0.7227575231481481 0.3551244212962963 0.16516203703703702 0.28739583333333335
1 0.07078993055555556 0.09037905092592592 0.12060185185185186 0.1378009259259259
1 0.16357060185185185 0.08216724537037037 0.10503472222222224 0.13890046296296296
1 0.245775462962963 0.07504918981481482 0.10824652777777777 0.14133680555555556
1 0.3402488425925926 0.06577690972222222 0.10494791666666661 0.13155381944444444
1 0.4263599537037037 0.06279224537037037 0.11128472222222215 0.12558449074074074
1 0.5234230324074074 0.05661168981481481 0.10315393518518512 0.11322337962962963
1 0.6046875 0.05504050925925926 0.10625 0.11008101851851852
1 0.7012297453703704 0.052170138888888884 0.12254050925925916 0.10434027777777777
1 0.7874710648148149 0.053159722222222226 0.11255787037037024 0.10631944444444445
1 0.8737847222222221 0.0417650462962963 0.11649305555555571 0.0835300925925926