1 0.09296875 0.674609375 0.1125 0.197265625
0 0.11875 0.90625 0.133984375 0.1875
1 0.22109375 0.683984375 0.0859375 0.21171875
0 0.2578125 0.90234375 0.11484375 0.1953125
0 0.33046875 0.676953125 0.0859375 0.21484375
0 0.43203125 0.681640625 0.09765625 0.21796875
0 0.380078125 0.900390625 0.09921875 0.19921875
0 0.49765625 0.898828125 0.1015625 0.20234375
1 0.518359375 0.68984375 0.08984375 0.223046875
0 0.587890625 0.894921875 0.09921875 0.21015625
1 0.66484375 0.892578125 0.105859375 0.21484375
1 0.75078125 0.890234375 0.108984375 0.21796875
0 0.5890625 0.681640625 0.095703125 0.1890625
0 0.662890625 0.68984375 0.080859375 0.177734375
0 0.743359375 0.700390625 0.082421875 0.174609375
1 0.793359375 0.683984375 0.08828125 0.1375
0 0.84296875 0.878125 0.116796875 0.24375
0 0.91484375 0.894140625 0.1015625 0.197265625
0 0.849609375 0.6890625 0.09765625 0.16328125
0 0.92265625 0.702734375 0.078515625 0.151953125
0 0.06640625 0.38515625 0.09765625 0.140625
0 0.167578125 0.388671875 0.080859375 0.129296875
0 0.251953125 0.40546875 0.0859375 0.11796875
1 0.112890625 0.276953125 0.18984375 0.07109375
1 0.298828125 0.30546875 0.157421875 0.077734375
1 0.40625 0.42578125 0.066796875 0.11796875
0 0.328515625 0.395703125 0.069140625 0.130859375
0 0.465234375 0.434765625 0.07265625 0.12265625
0 0.53359375 0.441015625 0.06484375 0.126171875
1 0.4578125 0.347265625 0.131640625 0.056640625
1 0.582421875 0.368359375 0.11484375 0.0484375
1 0.59140625 0.461328125 0.058984375 0.11953125
0 0.642578125 0.458984375 0.066796875 0.11953125
1 0.69453125 0.469921875 0.06484375 0.108203125
0 0.7421875 0.47421875 0.080078125 0.11796875
1 0.723046875 0.397265625 0.1265625 0.06640625
1 0.79296875 0.483203125 0.083984375 0.133984375
1 0.82890625 0.490234375 0.0859375 0.11953125
0 0.044140625 0.12265625 0.070703125 0.12265625
1 0.1234375 0.151171875 0.069140625 0.1
1 0.192578125 0.175390625 0.075 0.103515625
0 0.259765625 0.18671875 0.06171875 0.108203125
1 0.426953125 0.229296875 0.06328125 0.082421875
1 0.473046875 0.2359375 0.0609375 0.09375
1 0.523046875 0.248046875 0.057421875 0.07421875
1 0.571484375 0.2671875 0.057421875 0.077734375
1 0.61015625 0.273046875 0.0609375 0.088671875