0 0.39955729166666665 0.11205729166666667 0.26630208333333333 0.18859374999999998
0 0.4908854166666667 0.20239583333333333 0.2652951388888889 0.21348958333333332
0 0.5480902777777777 0.33687500000000004 0.23569444444444443 0.18031249999999996
0 0.6272222222222222 0.4576041666666667 0.22496527777777775 0.18895833333333326
0 0.6733940972222222 0.5695052083333334 0.18263888888888893 0.1447916666666668
0 0.07666666666666667 0.4134895833333333 0.1396527777777778 0.21135416666666665
0 0.14 0.49026041666666664 0.18163194444444444 0.16968750000000005
0 0.23164930555555557 0.5775 0.18364583333333329 0.15500000000000008
1 0.28460069444444447 0.6258854166666666 0.17649305555555558 0.14906249999999996
0 0.3387413194444444 0.6926822916666666 0.1625 0.15124999999999994
0 0.4177256944444444 0.7892187500000001 0.15805555555555556 0.12677083333333314
1 0.46149305555555553 0.8104687500000001 0.1319618055555555 0.11098958333333328
1 0.4902517361111111 0.8584114583333333 0.1350868055555555 0.11119791666666679
1 0.5314496527777777 0.9044531249999999 0.128767361111111 0.10765625000000015
1 0.5634288194444445 0.9393489583333334 0.1350347222222222 0.10885416666666643
1 0.5984114583333333 0.9589583333333334 0.11616319444444442 0.08208333333333329
1 0.6249392361111111 0.9832942708333334 0.1249305555555555 0.033411458333333144
0 0.7528993055555555 0.654375 0.19046874999999996 0.14609375
0 0.7788888888888889 0.718125 0.16227430555555547 0.10598958333333322
0 0.8035590277777779 0.77515625 0.15859375 0.1158854166666666
0 0.830078125 0.8276302083333332 0.15244791666666657 0.08505208333333343
0 0.8602864583333334 0.8705989583333335 0.15581597222222215 0.09619791666666658
0 0.8792534722222222 0.91671875 0.15581597222222215 0.09619791666666658
1 0.8970659722222223 0.9459895833333334 0.14602430555555584 0.07682291666666644
1 0.9151909722222221 0.9669661458333334 0.1405381944444443 0.06606770833333328
1 0.2752690972222222 0.8202864583333334 0.11909722222222223 0.09375
1 0.32180555555555557 0.8783854166666668 0.1331423611111111 0.09390624999999986
1 0.35875 0.9085416666666667 0.12217013888888886 0.09161458333333314
1 0.4001909722222222 0.94796875 0.1331423611111111 0.09390624999999986
1 0.43332465277777776 0.9666536458333332 0.1433680555555556 0.06669270833333343
1 0.12249131944444444 0.6852864583333333 0.1677604166666667 0.10713541666666657
1 0.17033854166666668 0.7497135416666667 0.1506944444444444 0.1114583333333334
1 0.07953125 0.63015625 0.12022569444444445 0.10942708333333329
1 0.10822916666666667 0.9517447916666667 0.09517361111111114 0.09651041666666664
1 0.14033854166666665 0.9736458333333333 0.10907986111111115 0.05270833333333336
1 0.18953125 0.9915364583333333 0.11694444444444443 0.01692708333333357
1 0.9325868055555556 0.9838281249999999 0.1348263888888887 0.032343750000000074