1 0.0998900462962963 0.5649855324074073 0.15278935185185186 0.22372106481481477
0 0.09896990740740741 0.795462962962963 0.12680555555555556 0.21905092592592598
1 0.21420717592592595 0.6108854166666667 0.14924768518518514 0.23063657407407412
0 0.20492766203703705 0.8305844907407408 0.17306134259259257 0.22354166666666667
0 0.3231336805555555 0.635564236111111 0.15019097222222227 0.2337847222222223
0 0.4216087962962963 0.6692939814814814 0.16301504629629632 0.2404050925925926
0 0.32484664351851855 0.8641695601851852 0.15895833333333337 0.22234374999999992
0 0.4404079861111111 0.8916420717592592 0.1622858796296296 0.2167158564814816
1 0.5044386574074075 0.7021701388888889 0.15692708333333344 0.24334490740740727
0 0.5292158564814815 0.9009635416666667 0.1608969907407408 0.19807291666666665
1 0.6045804398148149 0.9090480324074074 0.1679803240740741 0.18190393518518527
1 0.6882494212962963 0.9192361111111111 0.1709548611111112 0.16152777777777771
0 0.5752777777777778 0.7144097222222222 0.15214120370370382 0.21122106481481479
0 0.6458159722222222 0.7434114583333333 0.1342245370370371 0.19664930555555565
0 0.7224363425925926 0.7768836805555555 0.13484374999999993 0.1935474537037038
1 0.7750086805555556 0.7753211805555555 0.12915509259259253 0.15905671296296298
0 0.7804166666666668 0.9201070601851852 0.1850578703703704 0.1597858796296297
0 0.8475405092592594 0.9501822916666667 0.1554976851851851 0.09963541666666664
0 0.8287557870370371 0.7964149305555555 0.14619791666666657 0.18686342592592595
0 0.8976041666666668 0.8304369212962964 0.12351273148148145 0.1705902777777779
0 0.12529803240740742 0.28024016203703705 0.1388136574074074 0.1648032407407407
0 0.22369212962962964 0.3124074074074074 0.11929398148148147 0.14940393518518516
0 0.3026302083333333 0.35296874999999994 0.12032986111111113 0.13929398148148148
1 0.1935445601851852 0.1898263888888889 0.20767939814814812 0.12394097222222222
1 0.3693489583333333 0.2707002314814815 0.17787037037037035 0.12071759259259256
1 0.4494589120370371 0.41660300925925925 0.1021180555555556 0.13407407407407415
0 0.3797193287037037 0.36539351851851853 0.10827546296296298 0.1475173611111112
0 0.505402199074074 0.44244212962962964 0.10869212962962962 0.14050925925925922
0 0.5710706018518519 0.4677893518518518 0.102482638888889 0.14110532407407414
1 0.5165306712962963 0.35618634259259263 0.1468055555555555 0.09327546296296294
1 0.6341087962962962 0.4123234953703704 0.12740740740740755 0.08021990740740748
1 0.6236545138888889 0.5040596064814815 0.09504629629629627 0.1330844907407407
0 0.6742216435185184 0.516478587962963 0.10219907407407405 0.1356365740740742
1 0.7227430555555555 0.5420978009259259 0.09690393518518511 0.1237789351851852
0 0.768515625 0.5598350694444445 0.11478009259259245 0.1375694444444445
1 0.7659664351851851 0.48058449074074067 0.14408564814814823 0.10099537037037046
1 0.8165248842592593 0.5830989583333334 0.12344328703703696 0.15420717592592598
1 0.8501678240740741 0.6000868055555555 0.12119212962962962 0.14087962962962966
0 0.15925925925925927 0.047621527777777777 0.10445601851851852 0.08890046296296296
1 0.22996527777777778 0.07233796296296297 0.09892361111111114 0.11759837962962963
1 0.2926591435185185 0.11553819444444444 0.10541666666666671 0.1224710648148148
0 0.3562268518518518 0.1455034722222222 0.09373842592592592 0.12290509259259257
1 0.5109924768518519 0.23433449074074075 0.08779513888888886 0.0985474537037037
1 0.5545225694444444 0.25395543981481483 0.0883217592592592 0.1087037037037037
1 0.6011111111111112 0.2799074074074074 0.07949652777777771 0.08894097222222222
1 0.6445283564814815 0.3123958333333333 0.08043981481481488 0.09208912037037038
1 0.6812760416666667 0.3290856481481481 0.08729745370370381 0.10399305555555553