0 0.06328125 0.696484375 0.1265625 0.219921875
1 0.1625 0.753125 0.22890625 0.194140625
1 0.30234375 0.758984375 0.258984375 0.216015625
1 0.45859375 0.774609375 0.275 0.20390625
1 0.613671875 0.784765625 0.237890625 0.2078125
1 0.762109375 0.8078125 0.244921875 0.206640625
1 0.908203125 0.823046875 0.183203125 0.228125
0 0.07109375 0.263671875 0.135546875 0.2171875
0 0.1828125 0.27109375 0.1234375 0.228125
0 0.304296875 0.2578125 0.1265625 0.225390625
0 0.424609375 0.289453125 0.143359375 0.225390625
1 0.54375 0.28671875 0.15234375 0.219921875
0 0.659765625 0.289453125 0.15234375 0.249609375
0 0.76640625 0.285546875 0.143359375 0.27109375
0 0.9046875 0.298828125 0.159375 0.240234375