0 0.46984375 0.7471440972222222 0.27145833333333336 0.12655671296296306
0 0.22393229166666667 0.6879774305555555 0.269375 0.1304282407407406
0 0.25570312500000003 0.6161111111111112 0.25119791666666663 0.11532986111111114
0 0.4884114583333334 0.6680439814814815 0.2633854166666666 0.13424189814814813
0 0.5135937500000001 0.6011631944444444 0.25005208333333334 0.12155671296296297
1 0.2738541666666667 0.5549913194444445 0.27156250000000004 0.11641203703703695
0 0.5273697916666666 0.5411516203703703 0.23999999999999985 0.11126157407407397
0 0.29822916666666666 0.49435474537037044 0.24000000000000005 0.11126157407407397
0 0.32276041666666666 0.4372395833333333 0.23890624999999996 0.10656250000000007
0 0.538359375 0.48774594907407404 0.22484374999999995 0.11806134259259267
0 0.5590104166666666 0.4360474537037037 0.21750000000000008 0.1015625
0 0.3301822916666667 0.3786979166666667 0.22593750000000004 0.09934606481481474
0 0.5636979166666667 0.3950607638888889 0.21541666666666667 0.09372685185185184
0 0.36963541666666666 0.3440914351851852 0.22781249999999992 0.092349537037037
0 0.37049479166666666 0.307740162037037 0.23005208333333335 0.09082175925925924
0 0.5758854166666667 0.3412818287037037 0.1994270833333333 0.08802662037037035
0 0.39484375 0.26508969907407404 0.2106770833333334 0.09287615740740733
0 0.40783854166666667 0.2285271990740741 0.1994270833333333 0.08802662037037035
1 0.5814583333333333 0.30460937499999996 0.20151041666666672 0.0841550925925926
1 0.5885416666666667 0.26874131944444446 0.20447916666666668 0.09356481481481485
1 0.6040625000000001 0.23534432870370373 0.19229166666666658 0.08635995370370368
1 0.4175260416666666 0.18878761574074074 0.19140625 0.07307870370370369
1 0.6045572916666666 0.19859664351851852 0.18911458333333328 0.07382523148148153
1 0.42510416666666667 0.1630931712962963 0.1994270833333333 0.07631944444444447
1 0.6078906249999999 0.16619212962962965 0.18625000000000008 0.07768518518518519
1 0.4380729166666667 0.13278645833333333 0.18536458333333333 0.0761111111111111
1 0.6148697916666667 0.13775173611111108 0.1688020833333333 0.07352430555555553
1 0.46591145833333336 0.10817418981481482 0.1515625 0.06078125000000001
1 0.6155468749999999 0.11000000000000001 0.15979166666666664 0.06714699074074072
1 0.4633072916666666 0.07685474537037038 0.16583333333333333 0.06411458333333334
1 0.629609375 0.08088252314814814 0.15848958333333343 0.07103009259259259
1 0.4815104166666666 0.05014467592592592 0.14932291666666658 0.06230902777777778
1 0.635703125 0.04812789351851852 0.1565104166666668 0.06475694444444444
1 0.493515625 0.028425925925925927 0.14109374999999993 0.04423611111111111
1 0.179140625 0.016730324074074075 0.15578124999999998 0.03040509259259259
1 0.16872395833333334 0.026351273148148148 0.14692708333333332 0.04978587962962964
1 0.15130208333333334 0.04720775462962963 0.12963541666666667 0.059675925925925924
1 0.1405989583333333 0.0787210648148148 0.12635416666666668 0.05728587962962963
1 0.1184375 0.1061545138888889 0.09937499999999999 0.0506423611111111
1 0.11072916666666668 0.14553240740740742 0.10744791666666664 0.05466435185185183
1 0.08924479166666667 0.17453993055555556 0.08489583333333332 0.055891203703703686
1 0.930078125 0.11935185185185185 0.12984374999999987 0.06280092592592591
1 0.9259114583333334 0.1407957175925926 0.13598958333333327 0.07303819444444444
1 0.93 0.16744502314814813 0.12385416666666664 0.06661458333333332
1 0.930078125 0.19559895833333332 0.12026041666666672 0.07124421296296295
1 0.920546875 0.22712962962962963 0.13630208333333335 0.08943287037037033
1 0.9268489583333335 0.2616319444444445 0.11776041666666685 0.06886574074074066
0 0.9222395833333333 0.2897164351851852 0.12437499999999986 0.08613425925925924
0 0.9172135416666667 0.31818576388888886 0.13119791666666672 0.09482060185185182
0 0.9201302083333334 0.36827835648148144 0.11901041666666679 0.09932291666666666
0 0.9163541666666667 0.4190538194444445 0.11812499999999986 0.07433449074074065
0 0.9062760416666666 0.5115740740740741 0.12619791666666663 0.07835648148148149
0 0.9155208333333335 0.4667447916666667 0.113645833333333 0.07739004629629634
0 0.9020572916666666 0.5513946759259258 0.12963541666666673 0.08309027777777764
0 0.8892968750000001 0.6079021990740741 0.13968750000000013 0.09338541666666664