1 0.061704282407407406 0.5959780092592593 0.12340856481481481 0.22008101851851852
0 0.052271412037037036 0.8282118055555555 0.10454282407407407 0.21423611111111107
1 0.1677806712962963 0.6344184027777777 0.13330439814814815 0.2288483796296296
0 0.15410879629629629 0.8557002314814814 0.15789930555555554 0.2188368055555557
0 0.276244212962963 0.652517361111111 0.13342013888888893 0.23197337962962977
0 0.37379918981481486 0.6799913194444445 0.1461226851851852 0.23790509259259257
0 0.27362557870370374 0.881640625 0.14311342592592596 0.21984953703703702
0 0.38848379629629626 0.8975405092592592 0.14635416666666662 0.20491898148148158
1 0.4560908564814815 0.7076822916666666 0.13920717592592596 0.24076967592592596
0 0.4777633101851852 0.9038917824074074 0.14522569444444447 0.1922164351851851
1 0.552980324074074 0.909910300925926 0.15190972222222215 0.1801793981481481
1 0.6382957175925925 0.9177083333333332 0.15535300925925916 0.16458333333333358
0 0.5269820601851851 0.7157841435185185 0.13723958333333322 0.20870949074074083
0 0.5972511574074074 0.7406828703703704 0.1203125 0.1940393518518519
0 0.6732638888888889 0.7689236111111111 0.12100694444444429 0.191724537037037
1 0.7254484953703704 0.764597800925926 0.11889467592592595 0.1557581018518519
0 0.7306278935185185 0.9153935185185185 0.16814236111111108 0.16921296296296298
0 0.7975983796296297 0.943822337962963 0.14270833333333338 0.11235532407407404
0 0.7791666666666667 0.7822337962962964 0.13396990740740744 0.18362268518518512
0 0.8472945601851851 0.8121383101851851 0.11232638888888893 0.16799768518518537
0 0.08480902777777778 0.3082465277777778 0.1284722222222222 0.16157407407407404
0 0.18279803240740738 0.3345630787037037 0.10917245370370372 0.14603587962962958
0 0.2612847222222222 0.36993634259259256 0.11192129629629628 0.1359953703703704
1 0.1548321759259259 0.2130497685185185 0.20393518518518522 0.11365740740740744
1 0.32942708333333337 0.28327546296296297 0.1734664351851852 0.11252893518518511
1 0.407103587962963 0.42501446759259254 0.09305555555555553 0.13217592592592595
0 0.33804976851851853 0.3778645833333333 0.09820601851851851 0.144849537037037
0 0.46261574074074074 0.44701967592592595 0.09950810185185191 0.13787615740740744
0 0.5275318287037036 0.46859085648148147 0.09253472222222214 0.13917824074074064
1 0.47521701388888893 0.3602575231481482 0.14282407407407405 0.0856481481481481
1 0.591550925925926 0.40876736111111106 0.12445023148148149 0.07404513888888893
1 0.5795138888888889 0.5014178240740741 0.08524305555555571 0.13188657407407406
0 0.629615162037037 0.5110966435185185 0.09311342592592595 0.13373842592592594
1 0.6780815972222223 0.5332320601851852 0.0887731481481481 0.121875
0 0.7232783564814815 0.5485966435185186 0.10564236111111107 0.13498263888888892
1 0.7223090277777777 0.4691550925925926 0.14001736111111107 0.09412615740740726
1 0.7706452546296296 0.5687355324074075 0.11328125 0.15164930555555553
1 0.8041232638888889 0.5836660879629629 0.11197916666666652 0.13755787037037043
0 0.12258391203703703 0.05930266203703703 0.09701967592592595 0.11281828703703704
1 0.19370659722222222 0.09283854166666666 0.09085648148148148 0.11493055555555556
1 0.25561342592592595 0.13229166666666664 0.09803240740740744 0.11909722222222223
0 0.31840277777777776 0.15847800925925926 0.08561921296296297 0.12097800925925925
1 0.47191840277777775 0.23809317129629629 0.08156828703703703 0.0958622685185185
1 0.5151041666666666 0.2549479166666667 0.08119212962962977 0.1067708333333334
1 0.561183449074074 0.27816840277777777 0.07340856481481488 0.08619791666666661
1 0.6038917824074075 0.30791377314814816 0.07433449074074083 0.0901331018518519
1 0.6405237268518519 0.3221788194444445 0.08020833333333321 0.1012731481481481