0 0.04609375 0.45625 0.08515625 0.16796875
1 0.11875 0.44921875 0.076171875 0.1484375
0 0.195703125 0.45 0.087890625 0.16015625
1 0.269921875 0.448046875 0.0703125 0.16015625
0 0.341796875 0.442578125 0.0859375 0.165234375
0 0.4140625 0.44140625 0.06328125 0.147265625
0 0.482421875 0.442578125 0.0671875 0.157421875
1 0.5453125 0.44609375 0.075 0.141796875
0 0.61875 0.44453125 0.072265625 0.13671875
0 0.68984375 0.44609375 0.0734375 0.137890625
0 0.76640625 0.4328125 0.080078125 0.141796875
0 0.83828125 0.4328125 0.076171875 0.151171875
1 0.9109375 0.439453125 0.078125 0.147265625