0 0.783203125 0.874609375 0.283203125 0.25078125
0 0.689453125 0.729296875 0.24921875 0.2328125
0 0.60703125 0.61953125 0.184375 0.206640625
0 0.55625 0.504296875 0.17421875 0.18125
0 0.50078125 0.405859375 0.18125 0.146484375
0 0.46015625 0.330859375 0.159375 0.144140625
0 0.41875 0.289453125 0.141796875 0.117578125
0 0.388671875 0.241796875 0.134375 0.097265625
0 0.371484375 0.206640625 0.141796875 0.078125
0 0.35625 0.17109375 0.13984375 0.081640625
0 0.337109375 0.134375 0.134375 0.07578125
0 0.31171875 0.10546875 0.11640625 0.066015625
0 0.294140625 0.078125 0.113671875 0.052734375
1 0.28359375 0.05703125 0.11953125 0.0421875
1 0.266796875 0.029296875 0.112109375 0.03359375
0 0.917578125 0.653125 0.16484375 0.133203125
1 0.8421875 0.565234375 0.176953125 0.126171875
1 0.77734375 0.48125 0.1859375 0.110546875
1 0.704296875 0.37578125 0.137109375 0.097265625
1 0.650390625 0.320703125 0.123828125 0.086328125
0 0.615234375 0.25625 0.118359375 0.078125
0 0.573828125 0.21953125 0.10625 0.068359375
0 0.535546875 0.1921875 0.1 0.066015625
1 0.5 0.158984375 0.0859375 0.052734375
1 0.467578125 0.127734375 0.09453125 0.046875
1 0.44765625 0.100390625 0.1109375 0.04453125
1 0.41953125 0.07578125 0.098828125 0.0421875
1 0.399609375 0.048046875 0.097265625 0.02890625
1 0.37890625 0.024609375 0.097265625 0.02890625
1 0.927734375 0.216796875 0.123828125 0.068359375
1 0.874609375 0.185546875 0.103515625 0.068359375
0 0.828125 0.153125 0.093359375 0.06015625
0 0.78359375 0.125390625 0.098828125 0.046875
1 0.7375 0.09765625 0.0859375 0.039453125
1 0.70703125 0.071484375 0.093359375 0.04453125
1 0.67578125 0.045703125 0.088671875 0.039453125
1 0.650390625 0.021484375 0.097265625 0.039453125
1 0.938671875 0.135546875 0.098828125 0.0625
1 0.888671875 0.109375 0.098828125 0.052734375
1 0.853515625 0.08046875 0.098828125 0.037109375
1 0.80390625 0.0625 0.1 0.0421875
1 0.779296875 0.042578125 0.093359375 0.039453125
1 0.73671875 0.016796875 0.09609375 0.03359375
0 0.073046875 0.920703125 0.14609375 0.133203125
0 0.06484375 0.7765625 0.1296875 0.128515625
0 0.0546875 0.653125 0.109375 0.097265625
0 0.0515625 0.51640625 0.103125 0.096875
0 0.048046875 0.428125 0.09609375 0.07578125
0 0.044140625 0.353125 0.08828125 0.046875
0 0.04375 0.291796875 0.087109375 0.02890625
0 0.040625 0.257421875 0.08125 0.04453125
0 0.04140625 0.21171875 0.073828125 0.037109375
0 0.038671875 0.17890625 0.076953125 0.03359375
0 0.03671875 0.14609375 0.0734375 0.0375
0 0.034765625 0.112109375 0.06953125 0.03125