0 0.54296875 0.90625 0.185546875 0.1875
0 0.3265625 0.920703125 0.18125 0.15859375
0 0.512890625 0.7828125 0.20546875 0.29453125
0 0.31796875 0.7546875 0.248828125 0.296484375
0 0.53203125 0.5390625 0.212109375 0.25546875
0 0.340625 0.55546875 0.230078125 0.25546875
0 0.53984375 0.361328125 0.201171875 0.250390625
0 0.366796875 0.380078125 0.193359375 0.2078125
0 0.38515625 0.231640625 0.162109375 0.19609375
0 0.55625 0.21484375 0.180078125 0.19921875
0 0.560546875 0.08671875 0.156640625 0.16015625
0 0.397265625 0.108984375 0.16328125 0.144921875
0 0.900390625 0.065625 0.175390625 0.071484375
0 0.905078125 0.155078125 0.16328125 0.069921875
0 0.91640625 0.2515625 0.1671875 0.0890625
0 0.923046875 0.35546875 0.15390625 0.0890625
0 0.939453125 0.476171875 0.12109375 0.137890625
0 0.95 0.606640625 0.1 0.144921875
0 0.053515625 0.261328125 0.103515625 0.209375
0 0.0859375 0.129296875 0.11328125 0.17734375
0 0.128515625 0.0546875 0.11796875 0.108984375