0 0.89140625 0.3467997685185185 0.0953125 0.12641203703703702
0 0.959375 0.4360879629629629 0.08125 0.12776620370370365
0 0.97734375 0.7476822916666667 0.0453125 0.19832754629629648
0 0.921875 0.5874855324074074 0.10859375 0.14301504629629633
0 0.850390625 0.4719733796296296 0.0921875 0.11386574074074077
0 0.775 0.34898148148148145 0.07578125 0.11049768518518518
0 0.634375 0.2902575231481482 0.08984375 0.09898726851851851
0 0.67109375 0.3228327546296296 0.0890625 0.08335069444444443
0 0.699609375 0.37286458333333333 0.09296875 0.11387731481481485
0 0.72890625 0.4389236111111111 0.10234375 0.15229745370370368
0 0.754296875 0.49867476851851855 0.11015625 0.1516319444444445
0 0.800390625 0.5798263888888888 0.115625 0.1626504629629629
0 0.85234375 0.6708304398148148 0.12421875 0.20887152777777782
0 0.894140625 0.7487934027777777 0.13984375 0.2223842592592593
0 0.94296875 0.8295949074074074 0.1140625 0.175127314814815
0 0.691796875 0.9137644675925927 0.15234375 0.1460069444444443
0 0.66484375 0.801646412037037 0.18125 0.17690393518518518
0 0.62265625 0.701021412037037 0.1375 0.14266203703703706
0 0.613671875 0.6309664351851852 0.1328125 0.13399884259259273
0 0.59375 0.5591869212962963 0.12109375 0.11585648148148149
0 0.56484375 0.4939149305555556 0.10703125 0.09533564814814817
0 0.55546875 0.44104166666666667 0.09765625 0.08504050925925935
0 0.529296875 0.3812789351851852 0.08984375 0.07867476851851851
0 0.51953125 0.33464988425925923 0.09765625 0.07254050925925926
0 0.553515625 0.9633188657407408 0.14765625 0.07336226851851854
0 0.5453125 0.8924537037037037 0.134375 0.10589699074074091
0 0.525 0.8109027777777778 0.1359375 0.09732638888888907
0 0.5109375 0.7349131944444445 0.13046875 0.09568287037037031
0 0.500390625 0.6695225694444444 0.1234375 0.09089120370370374
0 0.48671875 0.6021325231481482 0.1171875 0.08298611111111107
0 0.480078125 0.5481278935185185 0.109375 0.07818287037037024
0 0.4640625 0.49359374999999994 0.11171875 0.06649884259259267
1 0.459375 0.46305555555555555 0.09609375 0.05611111111111118
0 0.29296875 0.9566927083333333 0.15 0.08661458333333343
0 0.28828125 0.8812239583333333 0.13671875 0.10124421296296297
0 0.280078125 0.8092274305555556 0.13125 0.10038194444444457
0 0.28203125 0.7326938657407408 0.1203125 0.0900636574074074
0 0.278125 0.6681828703703704 0.11015625 0.0750694444444445
0 0.27578125 0.6161950231481482 0.1140625 0.06653356481481473
0 0.269140625 0.5664872685185185 0.10546875 0.07421875
0 0.2609375 0.5151938657407408 0.096875 0.06862268518518526
0 0.267578125 0.4734953703703704 0.08984375 0.06304976851851869
0 0.265625 0.43127893518518523 0.09375 0.05763888888888893
0 0.2625 0.3925607638888889 0.08828125 0.05599537037037035
0 0.15546875 0.976032986111111 0.1375 0.047934027777778
0 0.153515625 0.9147743055555555 0.13828125 0.09736111111111115
1 0.164453125 0.8418894675925926 0.12109375 0.07601273148148166
0 0.16796875 0.7681134259259259 0.09921875 0.08271990740740734
0 0.178125 0.7010763888888889 0.10703125 0.06955439814814816
0 0.176953125 0.6459809027777779 0.1015625 0.06947337962962977
0 0.17578125 0.5916666666666666 0.096875 0.06862268518518526
0 0.1765625 0.5354282407407407 0.0875 0.05442129629629626
0 0.178125 0.49404513888888885 0.084375 0.053593749999999926
0 0.180078125 0.45423032407407404 0.0859375 0.0543981481481481
0 0.175390625 0.4096296296296297 0.07890625 0.056637731481481476
0 0.03984375 0.4607465277777777 0.0796875 0.05586805555555543
0 0.0359375 0.5052199074074074 0.071875 0.05731481481481478
0 0.030078125 0.5406799768518519 0.06015625 0.0641724537037037
0 0.028125 0.5820572916666666 0.05234375 0.06561921296296305