0 0.1375 0.900390625 0.253125 0.183984375
0 0.144921875 0.70390625 0.243359375 0.169140625
0 0.1546875 0.50234375 0.230859375 0.179296875
1 0.162109375 0.320703125 0.2234375 0.159375
0 0.164453125 0.1515625 0.21640625 0.169140625
0 0.558984375 0.733984375 0.20390625 0.183984375
1 0.550390625 0.53984375 0.1890625 0.20390625
0 0.55390625 0.33828125 0.1890625 0.1890625
0 0.5515625 0.121875 0.1890625 0.169140625
1 0.5578125 0.925390625 0.2015625 0.14921875
0 0.86484375 0.90546875 0.196484375 0.154296875
0 0.84765625 0.738671875 0.208984375 0.14921875
0 0.8453125 0.534765625 0.18671875 0.169140625
0 0.829296875 0.345703125 0.194140625 0.1640625
0 0.835546875 0.154296875 0.171875 0.139453125