0 0.450318287037037 0.9075983796296295 0.18732638888888892 0.1848032407407409
0 0.6666174768518518 0.9228616898148149 0.18242476851851847 0.15427662037037032
0 0.4813107638888889 0.7864207175925926 0.20765046296296302 0.2960532407407408
0 0.6764409722222222 0.7597395833333334 0.250636574074074 0.2987152777777776
0 0.4639756944444445 0.5425289351851852 0.2143923611111111 0.2570428240740741
0 0.6552604166666667 0.5603530092592592 0.23157986111111112 0.257170138888889
0 0.4574797453703704 0.36473668981481483 0.20341435185185186 0.25149305555555557
0 0.6303877314814815 0.3847685185185185 0.19528935185185184 0.20924768518518516
0 0.6131278935185185 0.23619502314814814 0.1639525462962963 0.19729745370370375
0 0.4421585648148148 0.21813078703703703 0.18116319444444445 0.20054976851851852
0 0.4388107638888889 0.08997395833333334 0.15743634259259257 0.1613136574074074
0 0.6019270833333333 0.11344907407407408 0.16435763888888885 0.14652199074074074
0 0.0991232638888889 0.06636284722222222 0.17553240740740741 0.07317129629629629
0 0.09377314814814815 0.15578124999999998 0.16380208333333335 0.07152199074074073
0 0.08282696759259259 0.252181712962963 0.16565393518518517 0.09030092592592594
0 0.07580150462962963 0.35603877314814814 0.15160300925925926 0.09020254629629632
0 0.05903790509259259 0.4766203703703704 0.11807581018518518 0.13839699074074083
0 0.048022280092592594 0.6070109953703703 0.09604456018518519 0.1460532407407406
0 0.9445486111111112 0.26833912037037033 0.10467592592592609 0.21013888888888888
0 0.9131047453703705 0.13606770833333331 0.11459490740740748 0.17818287037037037
0 0.8710792824074074 0.06114293981481481 0.11877893518518512 0.1102488425925926