0 0.08863715277777777 0.7947135416666666 0.17727430555555554 0.24723958333333335
0 0.11641493055555556 0.6073958333333334 0.23282986111111112 0.2319791666666667
0 0.1568402777777778 0.41657986111111106 0.2747048611111111 0.23880208333333325
1 0.21460069444444443 0.24434027777777775 0.2617361111111111 0.21743055555555557
0 0.2635590277777778 0.09887152777777777 0.25725694444444447 0.19156250000000002
0 0.4800086805555555 0.7524392361111111 0.2496527777777778 0.23590277777777774
1 0.5260243055555556 0.5635243055555555 0.240625 0.25131944444444443
0 0.5857986111111111 0.3710069444444445 0.2363888888888889 0.2363888888888889
0 0.6443663194444444 0.1624392361111111 0.23128472222222224 0.21753472222222223
1 0.4253993055555556 0.917326388888889 0.23743055555555553 0.165347222222222
0 0.7267013888888888 0.95 0.23222222222222227 0.1
0 0.7559809027777777 0.8379079861111111 0.24503472222222236 0.20378472222222221
0 0.810763888888889 0.6413715277777777 0.22892361111111095 0.21670138888888885
0 0.8485069444444445 0.4553993055555556 0.23432291666666671 0.21369791666666665
0 0.9006336805555556 0.2728732638888889 0.1914756944444445 0.1830729166666667