0 0.21467881944444445 0.5035503472222222 0.2293865740740741 0.31604166666666667
0 0.07926793981481481 0.5170486111111111 0.15853587962962962 0.29190972222222217
1 0.39502893518518517 0.4759722222222223 0.19592013888888885 0.2661805555555556
1 0.5673726851851851 0.4413888888888889 0.22722222222222221 0.2956597222222223
0 0.7380671296296296 0.4360677083333333 0.2102141203703704 0.27461805555555563
0 0.7055005787037036 0.6243229166666666 0.1703009259259259 0.16517361111111112
1 0.5615393518518518 0.638263888888889 0.15773148148148158 0.16227430555555564
1 0.4339033564814815 0.6556684027777778 0.15693287037037038 0.18798611111111113
0 0.29798032407407404 0.6887413194444445 0.15672453703703706 0.18095486111111114
0 0.1804861111111111 0.7202864583333334 0.13208912037037038 0.16581597222222227
1 0.5615711805555555 0.8088020833333334 0.10964699074074069 0.0930381944444445
1 0.4710098379629629 0.8290277777777778 0.10599537037037035 0.10145833333333343
0 0.6571730324074074 0.8032725694444445 0.10859375 0.11015625
1 0.38351851851851854 0.8380468750000001 0.10964699074074069 0.0930381944444445
0 0.2932899305555556 0.8602430555555556 0.10038773148148153 0.09652777777777785