0 0.765625 0.553515625 0.174609375 0.28046875
0 0.916015625 0.559375 0.135546875 0.26484375
1 0.5828125 0.557421875 0.15 0.23515625
1 0.40703125 0.569140625 0.1765625 0.258984375
0 0.23671875 0.55234375 0.16328125 0.241015625
0 0.296484375 0.370703125 0.14453125 0.134375
1 0.441015625 0.375390625 0.13203125 0.134375
1 0.569921875 0.374609375 0.125390625 0.162109375
0 0.709375 0.359765625 0.1265625 0.154296875
0 0.83046875 0.34375 0.103515625 0.144140625
1 0.465625 0.206640625 0.095703125 0.073046875
1 0.558203125 0.1984375 0.08984375 0.0828125
0 0.369921875 0.199609375 0.091015625 0.091015625
1 0.646484375 0.20078125 0.095703125 0.073046875
0 0.7390625 0.190625 0.085546875 0.07890625