0 0.916015625 0.411328125 0.075 0.1125
0 0.9671875 0.51171875 0.06328125 0.116796875
0 0.958984375 0.826953125 0.08203125 0.185546875
0 0.9 0.653125 0.0859375 0.127734375
0 0.8515625 0.526953125 0.07421875 0.100390625
0 0.80078125 0.39296875 0.0578125 0.100390625
0 0.673828125 0.310546875 0.075 0.08515625
0 0.703515625 0.348828125 0.07734375 0.06875
0 0.722265625 0.403125 0.075 0.100390625
0 0.73828125 0.473046875 0.07734375 0.138671875
0 0.751953125 0.536328125 0.0859375 0.1359375
0 0.78203125 0.62421875 0.0890625 0.146875
0 0.815625 0.72265625 0.0890625 0.19375
0 0.841796875 0.80625 0.10234375 0.2046875
0 0.887109375 0.896875 0.1125 0.155078125
0 0.611328125 0.9328125 0.13203125 0.120703125
0 0.60625 0.81796875 0.15625 0.146875
0 0.583984375 0.71171875 0.11640625 0.120703125
0 0.58828125 0.64140625 0.11328125 0.1125
0 0.582421875 0.5671875 0.1046875 0.09609375
0 0.56640625 0.498046875 0.09375 0.076953125
0 0.5671875 0.44453125 0.0859375 0.06875
0 0.552734375 0.38125 0.07890625 0.06328125
0 0.55234375 0.333984375 0.0890625 0.055078125
0 0.4640625 0.966796875 0.1375 0.06640625
0 0.47109375 0.8859375 0.12109375 0.082421875
0 0.466796875 0.80234375 0.12421875 0.07265625
0 0.4671875 0.725390625 0.119140625 0.07265625
0 0.46953125 0.659375 0.1125 0.06875
0 0.46875 0.590625 0.107421875 0.06171875
0 0.47265625 0.536328125 0.099609375 0.058984375
0 0.4671875 0.480078125 0.1046875 0.0453125
1 0.468359375 0.44921875 0.090625 0.03828125
0 0.2078125 0.918359375 0.1359375 0.087890625
0 0.2203125 0.8296875 0.12421875 0.076953125
0 0.22578125 0.757421875 0.119140625 0.076953125
0 0.242578125 0.6828125 0.109375 0.06875
0 0.25078125 0.61875 0.1015625 0.055078125
0 0.25859375 0.5671875 0.107421875 0.0453125
0 0.261328125 0.5171875 0.096875 0.055078125
0 0.26328125 0.465625 0.0890625 0.05078125
0 0.277734375 0.42578125 0.08203125 0.046875
0 0.28359375 0.383984375 0.087890625 0.03984375
0 0.28828125 0.3453125 0.08203125 0.03984375
0 0.066015625 0.928515625 0.12421875 0.082421875
0 0.08125 0.838671875 0.126953125 0.07265625
1 0.105859375 0.769140625 0.11328125 0.053515625
0 0.1234375 0.697265625 0.087890625 0.066015625
0 0.14609375 0.633203125 0.099609375 0.049609375
0 0.15546875 0.57890625 0.09375 0.05078125
0 0.16484375 0.525390625 0.0890625 0.05078125
0 0.176171875 0.4703125 0.08203125 0.03828125
0 0.185546875 0.430078125 0.07890625 0.03828125
0 0.1953125 0.39140625 0.080078125 0.03828125
0 0.19921875 0.346875 0.072265625 0.042578125
0 0.04921875 0.372265625 0.087890625 0.03828125
0 0.03828125 0.41484375 0.076171875 0.042578125
0 0.028125 0.449609375 0.05625 0.05390625
0 0.02109375 0.490234375 0.0421875 0.0578125