0 0.8550868055555554 0.7712326388888889 0.13145833333333323 0.2582638888888889
0 0.7507725694444444 0.7567621527777778 0.16069444444444442 0.23861111111111094
0 0.6491753472222223 0.7430121527777777 0.16772569444444443 0.23876736111111113
0 0.5186805555555555 0.7295138888888889 0.1882118055555555 0.21189236111111107
0 0.4044184027777778 0.7058940972222223 0.20399305555555552 0.21927083333333322
0 0.3075 0.6924305555555555 0.17890625 0.21480902777777774
0 0.20414930555555558 0.6697395833333333 0.18449652777777778 0.22039930555555554
0 0.09730034722222222 0.6463454861111112 0.1865798611111111 0.208732638888889
0 0.9443576388888889 0.7774479166666668 0.08121527777777757 0.2462152777777778
0 0.8867013888888888 0.5608680555555555 0.11427083333333314 0.18760416666666657
0 0.7895746527777778 0.5392100694444444 0.11862847222222221 0.17286458333333332
0 0.6832378472222222 0.5454774305555555 0.13144097222222229 0.18720486111111115
0 0.5882291666666667 0.5339236111111111 0.13677083333333329 0.18107638888888894
0 0.48244791666666664 0.5151909722222222 0.13746527777777776 0.17718749999999997
0 0.38871527777777776 0.49892361111111116 0.1368402777777778 0.18420138888888893
0 0.29770833333333335 0.48298611111111106 0.13083333333333336 0.19499999999999998
0 0.21169270833333337 0.4708420138888889 0.13210069444444447 0.18175347222222218
0 0.12276909722222222 0.4665711805555556 0.12574652777777778 0.17692708333333335
0 0.06166666666666667 0.45282118055555554 0.12333333333333334 0.16383680555555563
0 0.9400086805555556 0.28794270833333335 0.10154513888888914 0.14203124999999997
1 0.8563802083333332 0.2913628472222222 0.09755208333333343 0.13803819444444443
0 0.7683072916666667 0.28394965277777773 0.10248263888888882 0.14907986111111118
0 0.6883940972222222 0.26073784722222226 0.10899305555555543 0.1609375
0 0.6048784722222222 0.25907986111111114 0.11279513888888885 0.15633680555555557
0 0.5281770833333332 0.24946180555555558 0.10180555555555557 0.15375
0 0.44690104166666667 0.25243923611111113 0.10730902777777782 0.15543402777777776
0 0.3778732638888889 0.23132812500000002 0.11208333333333335 0.15944444444444447
0 0.2993576388888889 0.23307291666666669 0.12593750000000004 0.15038194444444442
0 0.2293663194444444 0.23775173611111108 0.12112847222222223 0.17994791666666662
1 0.16052083333333333 0.24357638888888888 0.11881944444444445 0.14631944444444445
0 0.10386284722222223 0.22804687499999998 0.13046875 0.1434548611111111
0 0.05914930555555555 0.19982638888888887 0.1182986111111111 0.15347222222222223