1 0.36070023148148145 0.8057812500000001 0.16995370370370377 0.13661458333333334
0 0.4259085648148148 0.7943749999999999 0.1494675925925925 0.15859375
0 0.525089699074074 0.7540364583333333 0.1582928240740742 0.16307291666666668
0 0.639826388888889 0.7114843750000001 0.18449074074074084 0.17182291666666671
0 0.7393518518518519 0.6703385416666666 0.15498263888888886 0.15973958333333335
0 0.8431307870370371 0.6347916666666666 0.17791666666666678 0.16593750000000007
0 0.9361414930555554 0.5828125 0.12771701388888915 0.16317708333333342
1 0.31649016203703706 0.5957812499999999 0.1653645833333334 0.15109375000000008
0 0.40416087962962965 0.5597395833333334 0.14923611111111118 0.1546875
0 0.5052488425925926 0.5184895833333334 0.14229166666666657 0.14255208333333336
0 0.5771961805555555 0.46859375 0.1549247685185186 0.13249999999999992
0 0.6783796296296296 0.43557291666666664 0.1325405092592593 0.12244791666666668
0 0.7724884259259259 0.40890624999999997 0.13184606481481484 0.11072916666666668
0 0.770234375 0.29807291666666663 0.09168981481481478 0.12906250000000002
1 0.7116059027777777 0.3278645833333333 0.0802372685185185 0.10651041666666661
1 0.6668547453703704 0.35359375000000004 0.08179976851851851 0.10661458333333336
1 0.6155497685185185 0.3679947916666667 0.09521990740740734 0.10984375000000002
0 0.5611863425925925 0.377109375 0.09177662037037031 0.11739583333333332
1 0.517332175925926 0.40473958333333326 0.08093171296296298 0.11822916666666675
1 0.4674565972222222 0.43002604166666664 0.07862847222222218 0.10562500000000004
0 0.40974247685185183 0.4487760416666666 0.08300347222222229 0.12692708333333336
1 0.3704108796296296 0.4666927083333333 0.0825405092592593 0.11911458333333336
1 0.31915509259259256 0.4885416666666666 0.08162037037037032 0.11671875000000007
0 0.26013020833333333 0.5050260416666668 0.08681712962962962 0.12562500000000015
0 0.23369212962962962 0.3169791666666667 0.06704861111111109 0.10718750000000003
0 0.2774565972222222 0.294453125 0.07058449074074077 0.10119791666666664
0 0.32138310185185187 0.27466145833333333 0.06414930555555554 0.09765625
1 0.36933449074074076 0.2632291666666667 0.0781655092592592 0.09781250000000004
0 0.4214409722222222 0.2425 0.07173032407407405 0.09427083333333337
0 0.463990162037037 0.22593750000000004 0.07100115740740734 0.10822916666666667
0 0.5134519675925926 0.20028645833333333 0.07467592592592584 0.10458333333333333