0 0.182109375 0.0837037037037037 0.27359374999999997 0.1674074074074074
0 0.17221354166666666 0.2551678240740741 0.2622453703703703 0.20143518518518516
0 0.16348090277777777 0.4570775462962963 0.2514351851851852 0.2097048611111111
1 0.15483796296296296 0.6386631944444444 0.24175925925925928 0.18911458333333328
0 0.1417071759259259 0.8074855324074074 0.23563657407407407 0.1975231481481483
0 0.587254050925926 0.25615740740740744 0.22489583333333343 0.21048032407407408
1 0.5611950231481482 0.4492013888888889 0.21267361111111108 0.22885995370370366
0 0.5465914351851853 0.6505034722222222 0.21089120370370368 0.21396990740740734
0 0.5247743055555556 0.866087962962963 0.20825810185185176 0.19436921296296283
1 0.6031915509259259 0.07627893518518518 0.21888310185185186 0.15255787037037036
0 0.8999623842592592 0.10811053240740742 0.20007523148148146 0.1801678240740741
0 0.8751302083333334 0.27302951388888885 0.22596064814814804 0.1769328703703704
0 0.8543055555555554 0.4764699074074074 0.20590277777777777 0.1935185185185185
0 0.8215190972222223 0.6638512731481482 0.21287615740740726 0.18982060185185184
0 0.8106770833333334 0.8552719907407408 0.18748263888888878 0.1625173611111112