0 0.6630063657407408 0.8686371527777776 0.34157986111111105 0.23267939814814803
0 0.6124103009259259 0.7522193287037038 0.30506365740740743 0.297974537037037
0 0.5627401620370371 0.6260127314814815 0.23491898148148138 0.2545081018518518
0 0.5454398148148147 0.5023611111111111 0.218107638888889 0.22667824074074067
0 0.5189351851851851 0.3938194444444444 0.21607060185185176 0.1946006944444445
0 0.500636574074074 0.3111950231481481 0.1940798611111111 0.18614004629629638
0 0.47208622685185186 0.2616724537037037 0.16940972222222223 0.1549537037037037
0 0.456087962962963 0.2082638888888889 0.1565972222222222 0.13348958333333333
0 0.4492390046296297 0.1698119212962963 0.1586979166666666 0.11715277777777774
0 0.44394675925925925 0.13170428240740742 0.15795138888888896 0.11947337962962963
0 0.4355584490740741 0.0917361111111111 0.15081597222222226 0.1122337962962963
0 0.4192708333333333 0.0578587962962963 0.13107638888888892 0.0975925925925926
0 0.40957175925925926 0.034291087962962964 0.12460648148148153 0.06858217592592593
1 0.4050868055555556 0.020711805555555556 0.12732638888888884 0.04142361111111111
1 0.39597800925925924 0.0028125000000000003 0.11741898148148149 0.005625000000000001
0 0.8524739583333332 0.7302690972222223 0.1962847222222222 0.1768344907407407
1 0.8040190972222222 0.6274537037037037 0.20639467592592595 0.17401041666666667
1 0.7644560185185185 0.5306221064814814 0.21088541666666671 0.1608680555555555
1 0.7228848379629629 0.41120370370370374 0.15973379629629622 0.13436342592592593
1 0.6863802083333332 0.34512731481481485 0.1439004629629629 0.11983796296296294
0 0.6698553240740741 0.27455439814814814 0.13594907407407408 0.11023148148148146
0 0.6400752314814815 0.22897280092592592 0.12170138888888893 0.09731481481481481
0 0.6109259259259259 0.19352430555555555 0.1153935185185185 0.09322337962962965
1 0.5857523148148148 0.15327256944444442 0.09796296296296295 0.07630787037037035
1 0.5628877314814815 0.1152951388888889 0.10415509259259252 0.07258680555555555
1 0.5512471064814815 0.08401331018518518 0.11981481481481496 0.07539351851851853
1 0.5310011574074075 0.05376736111111111 0.10723379629629619 0.06955439814814815
1 0.5193663194444444 0.025081018518518516 0.10234953703703695 0.05016203703703703
1 0.5059837962962963 0.011221064814814816 0.10209490740740748 0.02244212962962963
1 0.9536053240740742 0.30831597222222223 0.08427083333333343 0.1008912037037037
1 0.9378414351851851 0.26544270833333333 0.11700231481481467 0.09639467592592599
0 0.9029369212962962 0.2231365740740741 0.10668402777777786 0.08515625
0 0.8675665509259259 0.1859201388888889 0.1088657407407407 0.07428819444444446
1 0.8310358796296295 0.14795717592592594 0.09385995370370362 0.0629108796296296
1 0.8088657407407407 0.11581597222222222 0.10255787037037045 0.07019675925925925
1 0.785920138888889 0.08330729166666666 0.09699652777777779 0.06378472222222223
1 0.7680063657407408 0.05377314814814815 0.10484374999999986 0.0663599537037037
1 0.9769936342592592 0.231875 0.039554398148148096 0.08707175925925928
1 0.9576273148148147 0.19496527777777778 0.0792592592592591 0.07887731481481483
1 0.9460677083333333 0.1582146990740741 0.10325810185185205 0.06475115740740742
1 0.9043258101851851 0.12938657407407408 0.1087962962962962 0.06960069444444446
1 0.8863483796296296 0.10414930555555554 0.10092592592592595 0.06546296296296297
1 0.8525057870370372 0.06923032407407408 0.1024074074074072 0.06004050925925926
0 0.027925347222222223 0.7947193287037038 0.055850694444444446 0.16837384259259255
0 0.03948495370370371 0.6533912037037037 0.07896990740740742 0.16040509259259253
0 0.044160879629629626 0.531400462962963 0.08832175925925925 0.12469907407407418
0 0.05998553240740741 0.39775752314814816 0.11997106481481482 0.12401620370370373
0 0.07738425925925926 0.31124131944444444 0.11395833333333331 0.10177083333333332
0 0.09409722222222223 0.23734085648148148 0.09866319444444445 0.07086226851851851
0 0.11060185185185185 0.1775028935185185 0.09215856481481484 0.053489583333333354
0 0.11696469907407407 0.1433449074074074 0.09079282407407407 0.06672453703703703
0 0.13011863425925924 0.09883391203703704 0.0820601851851852 0.057094907407407414
0 0.13645833333333332 0.06623842592592592 0.08358796296296296 0.0547974537037037
0 0.14357349537037037 0.03401041666666667 0.08129050925925929 0.05785300925925926
0 0.15056712962962965 0.012774884259259258 0.07542824074074073 0.025549768518518517