0 0.09307002314814815 0.4823697916666667 0.09594907407407408 0.12875000000000014
0 0.06189236111111111 0.5874479166666667 0.08509837962962963 0.13036458333333342
0 0.13080150462962964 0.8998567708333333 0.11741898148148149 0.20028645833333342
0 0.15533854166666666 0.722265625 0.10986689814814814 0.14682291666666672
0 0.17857349537037037 0.592109375 0.09317129629629628 0.11687499999999992
0 0.20267650462962963 0.45382812499999997 0.07664930555555553 0.11265625000000004
0 0.31142939814814813 0.36015625 0.09105902777777777 0.10192708333333336
0 0.2895543981481482 0.40078125 0.09045138888888893 0.08552083333333335
0 0.28149594907407405 0.45674479166666665 0.09395254629629637 0.11692708333333339
0 0.27945601851851853 0.5279166666666667 0.10396412037037042 0.15578125000000007
0 0.2779513888888889 0.5925 0.11171875 0.1547395833333333
0 0.2657118055555555 0.6828645833333333 0.11684027777777786 0.16677083333333337
0 0.2515335648148148 0.7840104166666666 0.12557870370370366 0.2133333333333333
0 0.24185474537037038 0.8698697916666667 0.1408854166666667 0.2268229166666665
0 0.21387442129629627 0.9373177083333333 0.1400752314814815 0.12536458333333336
0 0.49214409722222224 0.9502604166666668 0.15384837962962958 0.09947916666666642
0 0.4756944444444445 0.8605208333333334 0.18362268518518512 0.18135416666666657
0 0.47675057870370374 0.7522656249999999 0.13868634259259255 0.1464062499999999
0 0.45896990740740745 0.6825 0.13446180555555554 0.1375520833333333
0 0.4507523148148148 0.6079166666666668 0.12285879629629637 0.11885416666666657
0 0.45282118055555554 0.5375260416666666 0.10804398148148149 0.09760416666666671
0 0.44188368055555555 0.48419270833333333 0.09832175925925934 0.08760416666666657
0 0.44377893518518513 0.41963541666666665 0.09027777777777782 0.08083333333333335
0 0.43501157407407404 0.37229166666666663 0.09939236111111112 0.07442708333333332
0 0.6439814814814815 0.97390625 0.14930555555555552 0.052187500000000143
0 0.6215277777777779 0.9158333333333333 0.13651620370370382 0.10885416666666678
0 0.6094618055555555 0.83203125 0.13776041666666677 0.10036458333333335
0 0.5941550925925926 0.7554166666666667 0.1322627314814815 0.09921875
0 0.5792534722222222 0.6897395833333333 0.12502893518518512 0.09328125000000007
0 0.566579861111111 0.62109375 0.11851851851851869 0.08583333333333343
0 0.5525028935185186 0.5671614583333333 0.11056134259259257 0.08140624999999986
0 0.5468894675925926 0.5102864583333334 0.11241319444444428 0.06828125000000007
1 0.539916087962963 0.47981770833333337 0.09725115740740745 0.05869791666666657
0 0.886038773148148 0.9245052083333334 0.15164930555555572 0.11765625000000028
0 0.8566984953703702 0.8372135416666666 0.13790509259259248 0.10427083333333335
0 0.8372829861111111 0.765390625 0.13318865740740754 0.10317708333333328
0 0.8065248842592594 0.692421875 0.12190393518518512 0.09307291666666657
0 0.786255787037037 0.6291145833333334 0.11119791666666679 0.07755208333333333
0 0.7684027777777778 0.5784374999999999 0.11556712962962959 0.06927083333333339
0 0.7560474537037037 0.52890625 0.1072627314814815 0.07651041666666672
0 0.7444010416666667 0.4774739583333333 0.09846643518518512 0.07046875000000004
0 0.7223234953703704 0.438984375 0.09048032407407405 0.06526041666666664
0 0.7087239583333333 0.39794270833333334 0.09493634259259273 0.05932291666666671
0 0.6963975694444444 0.3597135416666667 0.08943865740740745 0.05817708333333336
0 0.9785734953703704 0.9193229166666665 0.04285300925925917 0.10562499999999986
0 0.9622251157407409 0.8323958333333333 0.07554976851851833 0.0982291666666665
1 0.9479383680555555 0.7663802083333333 0.10412326388888893 0.07833333333333314
0 0.9262876157407408 0.6961197916666666 0.09979745370370381 0.08536458333333333
0 0.891652199074074 0.6341927083333333 0.10865162037037024 0.07192708333333328
0 0.8721498842592592 0.5810677083333333 0.10318287037037024 0.07156249999999993
0 0.852662037037037 0.5283333333333333 0.09846643518518512 0.07046875000000004
0 0.830787037037037 0.4742708333333333 0.08859953703703702 0.05656250000000007
0 0.813744212962963 0.43494791666666666 0.0854456018518519 0.05557291666666657
0 0.7967592592592592 0.39718749999999997 0.0870081018518519 0.05567708333333332
0 0.7842158564814815 0.3530989583333334 0.08009259259259274 0.05833333333333339
0 0.9366319444444444 0.36520833333333336 0.09487847222222215 0.05776041666666672
0 0.9553096064814814 0.4065885416666667 0.08402777777777785 0.059375
0 0.9694878472222221 0.4404427083333333 0.06102430555555571 0.06598958333333335
0 0.9801504629629629 0.48039062499999996 0.039699074074074046 0.06744791666666661