0 0.7865451388888889 0.5098032407407407 0.20934606481481488 0.3048206018518519
0 0.9265914351851852 0.5246325231481481 0.14681712962962976 0.28396412037037033
1 0.6041666666666666 0.480462962962963 0.17948495370370382 0.25648726851851844
1 0.42894965277777775 0.44447627314814814 0.20856481481481487 0.28372685185185187
0 0.2579282407407407 0.4375578703703703 0.19302662037037033 0.26420717592592596
0 0.3085648148148148 0.625763888888889 0.1608796296296296 0.15415509259259252
1 0.45339988425925926 0.6414612268518518 0.14835069444444446 0.1527256944444444
1 0.581958912037037 0.6598234953703704 0.14545717592592594 0.17986689814814802
0 0.7208478009259259 0.6939265046296297 0.14594907407407404 0.1720949074074074
0 0.8409722222222223 0.7266666666666667 0.12126736111111107 0.15833912037037035
1 0.46945891203703705 0.8118894675925926 0.10457175925925917 0.0865162037037038
1 0.561472800925926 0.8330353009259259 0.10023148148148149 0.09564814814814823
0 0.37332175925925926 0.8057349537037037 0.10208333333333339 0.10354166666666664
1 0.6499565972222221 0.8430815972222222 0.10457175925925917 0.0865162037037038
0 0.7420283564814815 0.8657899305555556 0.09537037037037041 0.09071759259259267