0 0.121875 0.1203125 0.119921875 0.1125
0 0.112109375 0.19765625 0.10703125 0.11875
0 0.108984375 0.280859375 0.11328125 0.135546875
1 0.110546875 0.381640625 0.087109375 0.1515625
1 0.10234375 0.448046875 0.096484375 0.147265625
0 0.094140625 0.539453125 0.090234375 0.1765625
0 0.07890625 0.637109375 0.082421875 0.168359375
0 0.07265625 0.756640625 0.094921875 0.1640625
0 0.051953125 0.862890625 0.10390625 0.180859375
0 0.33515625 0.87734375 0.129296875 0.1640625
1 0.47890625 0.92109375 0.1484375 0.14921875
0 0.462109375 0.787109375 0.11484375 0.14921875
0 0.323828125 0.7390625 0.1421875 0.14296875
0 0.465234375 0.6828125 0.11171875 0.12734375
0 0.44921875 0.57890625 0.130859375 0.12734375
0 0.327734375 0.6203125 0.127734375 0.12109375
0 0.330078125 0.515625 0.123046875 0.116796875
1 0.443359375 0.490625 0.1390625 0.1515625
0 0.320703125 0.433203125 0.126171875 0.138671875
0 0.4515625 0.404296875 0.123046875 0.110546875
0 0.4359375 0.328515625 0.118359375 0.116796875
1 0.315234375 0.35 0.134375 0.116796875
0 0.4234375 0.240234375 0.10546875 0.101953125
0 0.303515625 0.272265625 0.127734375 0.09765625
0 0.315234375 0.20390625 0.118359375 0.080859375
0 0.307421875 0.121484375 0.11015625 0.10625
1 0.419140625 0.166015625 0.11015625 0.09375
1 0.415234375 0.116015625 0.088671875 0.10390625
0 0.8625 0.94453125 0.1625 0.1109375
0 0.72265625 0.916015625 0.1453125 0.13359375
0 0.846484375 0.84296875 0.146875 0.114453125
0 0.822265625 0.740234375 0.1015625 0.12734375
1 0.7109375 0.787109375 0.1375 0.110546875
1 0.79140625 0.639453125 0.127734375 0.147265625
1 0.696484375 0.70078125 0.127734375 0.168359375
1 0.78046875 0.55 0.134375 0.1515625
1 0.673828125 0.6234375 0.11171875 0.162109375
1 0.6640625 0.52109375 0.118359375 0.162109375
0 0.764453125 0.451171875 0.130859375 0.110546875
0 0.633203125 0.433203125 0.10859375 0.125
0 0.73515625 0.3703125 0.10859375 0.08515625
0 0.623828125 0.3390625 0.10859375 0.1
1 0.72890625 0.29921875 0.1015625 0.10390625
1 0.612109375 0.2765625 0.121484375 0.09765625
1 0.70859375 0.237109375 0.11328125 0.10390625
1 0.601953125 0.201953125 0.119921875 0.09375
1 0.701171875 0.1703125 0.11171875 0.101953125
0 0.5875 0.12578125 0.1 0.09765625
0 0.685546875 0.105078125 0.103125 0.087109375
0 0.581640625 0.071484375 0.1015625 0.07890625
1 0.682421875 0.046875 0.11015625 0.080859375
0 0.9703125 0.557421875 0.058984375 0.141015625
1 0.9515625 0.47890625 0.085546875 0.123046875
1 0.933203125 0.403125 0.07734375 0.116796875
1 0.907421875 0.32421875 0.07109375 0.108203125
1 0.87890625 0.2609375 0.07578125 0.1
0 0.85859375 0.18828125 0.080859375 0.09140625
0 0.841015625 0.121484375 0.083984375 0.089453125
1 0.820703125 0.066796875 0.085546875 0.087109375
0 0.906640625 0.036328125 0.085546875 0.07265625
1 0.92421875 0.10078125 0.094921875 0.07890625
1 0.93828125 0.15390625 0.087109375 0.087109375
0 0.946875 0.199609375 0.088671875 0.076953125
0 0.964453125 0.271484375 0.06328125 0.09140625