0 0.84921875 0.781640625 0.191796875 0.296484375
0 0.7546875 0.6640625 0.19453125 0.234375
0 0.645703125 0.54921875 0.16796875 0.224609375
0 0.56953125 0.45078125 0.1765625 0.219921875
0 0.479296875 0.353125 0.1390625 0.205078125
0 0.4078125 0.2828125 0.14296875 0.237109375
1 0.329296875 0.196484375 0.1234375 0.224609375
0 0.440234375 0.66171875 0.127734375 0.222265625
0 0.3671875 0.57265625 0.147265625 0.251953125
0 0.279296875 0.47265625 0.134765625 0.234375
0 0.20703125 0.39140625 0.14296875 0.222265625
0 0.14921875 0.3 0.1265625 0.180078125
0 0.08671875 0.246875 0.11796875 0.18515625
0 0.05 0.151953125 0.1 0.17265625
0 0.2671875 0.1171875 0.13203125 0.1828125
0 0.198046875 0.0640625 0.11953125 0.128125