0 0.056640625 0.212890625 0.11328125 0.19609375
0 0.05390625 0.34765625 0.1078125 0.250390625
0 0.056640625 0.494140625 0.11328125 0.25859375
1 0.057421875 0.684765625 0.11484375 0.33203125
1 0.048046875 0.8375 0.095703125 0.265234375
0 0.056640625 0.942578125 0.11328125 0.11484375
1 0.333984375 0.207421875 0.1078125 0.193359375
1 0.337109375 0.328515625 0.1078125 0.17265625
0 0.241015625 0.23046875 0.098828125 0.15390625
0 0.2359375 0.36875 0.103125 0.18515625
0 0.35390625 0.449609375 0.103125 0.2
0 0.23515625 0.53046875 0.1015625 0.208203125
0 0.36953125 0.6 0.134375 0.18515625
0 0.370703125 0.759765625 0.1046875 0.219140625
1 0.241015625 0.6671875 0.119140625 0.22734375
0 0.251953125 0.808203125 0.123828125 0.21640625
1 0.361328125 0.88515625 0.120703125 0.176953125
1 0.572265625 0.059375 0.097265625 0.11171875
0 0.491015625 0.064453125 0.097265625 0.123828125
0 0.596484375 0.185546875 0.090234375 0.17265625
0 0.503515625 0.2203125 0.087109375 0.17265625
1 0.601953125 0.29375 0.100390625 0.180859375
1 0.517578125 0.35390625 0.0765625 0.18515625
1 0.60703125 0.407421875 0.1015625 0.18515625
1 0.528515625 0.4828125 0.095703125 0.20390625
1 0.612890625 0.519140625 0.119140625 0.208203125
0 0.54140625 0.60625 0.094140625 0.219140625
0 0.642578125 0.68515625 0.1015625 0.21640625
0 0.553125 0.759765625 0.0828125 0.25859375
0 0.659375 0.829296875 0.10625 0.235546875
1 0.56796875 0.892578125 0.112109375 0.21484375
1 0.845703125 0.840625 0.083984375 0.22734375
0 0.944140625 0.908203125 0.091796875 0.18359375
0 0.934375 0.76953125 0.113671875 0.2
1 0.823046875 0.713671875 0.100390625 0.1890625
1 0.902734375 0.640625 0.100390625 0.166015625
1 0.80078125 0.5734375 0.094140625 0.208203125
0 0.88046875 0.5 0.10625 0.176953125
1 0.778125 0.459765625 0.087109375 0.20390625
0 0.845703125 0.36875 0.098828125 0.169921875
0 0.758203125 0.31484375 0.088671875 0.18515625
1 0.837890625 0.27265625 0.115234375 0.193359375
0 0.742578125 0.197265625 0.1046875 0.166015625
1 0.81640625 0.161328125 0.095703125 0.169921875
1 0.729296875 0.093359375 0.098828125 0.14296875
0 0.8015625 0.059375 0.090234375 0.118359375
1 0.931640625 0.04765625 0.075 0.0953125
1 0.955859375 0.108984375 0.065234375 0.19609375
0 0.969921875 0.2171875 0.057421875 0.212109375