0 0.13190104166666666 0.30517939814814815 0.24619791666666666 0.34629629629629627
0 0.24296875 0.4086371527777778 0.25703125 0.2872395833333334
0 0.37940104166666666 0.5077546296296297 0.22791666666666668 0.2703125
0 0.4796875 0.5952546296296296 0.23552083333333335 0.2677662037037038
0 0.5934114583333333 0.6802517361111111 0.19421874999999994 0.2429398148148149
0 0.6813802083333333 0.740407986111111 0.20651041666666678 0.2757233796296298
1 0.7808333333333334 0.8154079861111111 0.18354166666666671 0.25769675925925944
0 0.546953125 0.3681857638888889 0.18734374999999998 0.25642361111111106
0 0.6415885416666667 0.4467158564814815 0.2145833333333332 0.291869212962963
0 0.7535416666666667 0.534302662037037 0.19760416666666672 0.2703993055555555
0 0.8453385416666667 0.6052372685185186 0.20239583333333327 0.2606481481481481
0 0.91953125 0.6881944444444444 0.1609375 0.2142650462962962
0 0.9584635416666668 0.7309461805555555 0.08307291666666643 0.21438078703703703
0 0.994375 0.818532986111111 0.01125000000000007 0.19389467592592596
0 0.8625 0.8859809027777779 0.18093749999999992 0.21863425925925917
0 0.9333203125 0.9244864004629629 0.13335937499999986 0.15102719907407405