0 0.17223090277777778 0.15903645833333332 0.3138194444444445 0.29052083333333334
0 0.281796875 0.28900173611111113 0.2777199074074074 0.26784722222222224
0 0.3763744212962963 0.38610243055555554 0.20949652777777777 0.2319618055555555
0 0.4400260416666667 0.49287326388888886 0.19679976851851855 0.2051215277777778
0 0.5061516203703704 0.5820138888888888 0.19889467592592602 0.17157986111111115
0 0.5552459490740741 0.6504427083333334 0.1769849537037036 0.16640625
0 0.6010706018518518 0.6857465277777777 0.15567708333333333 0.13703125000000008
0 0.6362962962962964 0.7283159722222223 0.1461516203703704 0.11651041666666657
0 0.6575376157407408 0.7606510416666666 0.15070023148148143 0.09786458333333332
0 0.6768200231481482 0.7938107638888889 0.14916666666666673 0.10173611111111107
0 0.700005787037037 0.8272743055555555 0.14364583333333342 0.09458333333333328
0 0.7283304398148148 0.8524218749999999 0.12402777777777771 0.08243055555555542
0 0.7492390046296297 0.876953125 0.1200231481481481 0.06906250000000007
1 0.7619849537037038 0.8961979166666666 0.12385416666666664 0.05899305555555543
1 0.78171875 0.9211458333333333 0.11597222222222232 0.049444444444444714
0 0.07692997685185185 0.3970920138888889 0.1538599537037037 0.15581597222222224
1 0.1488107638888889 0.4735677083333333 0.19171296296296297 0.1511111111111111
1 0.22286168981481486 0.5473003472222222 0.19863425925925926 0.13642361111111115
1 0.30769965277777783 0.6411024305555555 0.14849537037037042 0.11656250000000004
1 0.3675 0.6878124999999999 0.13434027777777774 0.10374999999999997
0 0.4096354166666667 0.7466319444444445 0.12802662037037038 0.09501736111111114
0 0.45510416666666664 0.7772569444444445 0.11465856481481485 0.08300347222222229
0 0.49634548611111107 0.7986024305555556 0.10760416666666668 0.07972222222222225
1 0.5351967592592592 0.8262499999999999 0.09186921296296298 0.06453125000000019
1 0.5713223379629631 0.8527864583333333 0.0996469907407409 0.060017361111111
1 0.5941869212962964 0.8768836805555555 0.11605324074074072 0.06038194444444471
1 0.6248900462962963 0.8972916666666666 0.10352430555555561 0.056197916666666715
1 0.6477517361111111 0.9217795138888889 0.10030092592592581 0.04284722222222222
1 0.6710358796296296 0.9419618055555556 0.10030092592592581 0.04284722222222257
1 0.10398437499999999 0.8307552083333334 0.13186342592592593 0.08572916666666677
1 0.16005208333333334 0.8541145833333333 0.11153356481481484 0.08293402777777778
0 0.2098553240740741 0.8795659722222222 0.10052662037037037 0.07331597222222222
0 0.257349537037037 0.9003819444444445 0.10434027777777777 0.06090277777777757
1 0.30640625000000005 0.9211631944444445 0.09021412037037031 0.05199652777777786
1 0.3398350694444444 0.9426822916666666 0.0988483796296296 0.057656250000000145
1 0.3736574074074074 0.9638020833333332 0.09333912037037032 0.052065972222222
1 0.40130497685185185 0.9749045138888889 0.10179976851851844 0.03428819444444429
1 0.10220486111111111 0.9128125 0.10601851851851851 0.0765625
1 0.15479166666666666 0.9315625000000001 0.10516203703703705 0.06638888888888914
1 0.1932841435185185 0.9549218749999999 0.10270833333333336 0.0514930555555555
1 0.24436921296296296 0.9655034722222222 0.10508680555555552 0.056232638888888783
1 0.2712471064814815 0.9750607638888888 0.09793402777777782 0.03967013888888893
1 0.31647280092592595 0.9857725694444444 0.09932291666666666 0.016267361111111
0 0.872265625 0.043932291666666665 0.16171875 0.08786458333333333
0 0.896767939814815 0.1526996527777778 0.14559606481481496 0.14696180555555555
0 0.9212615740740742 0.2732291666666667 0.12112847222222242 0.11282986111111111
0 0.9397916666666667 0.4079513888888888 0.11486689814814817 0.11112847222222225
0 0.9485214120370371 0.4948524305555555 0.095954861111111 0.08883680555555565
0 0.9573466435185185 0.5688628472222221 0.07698495370370359 0.058732638888889
0 0.9615856481481482 0.6293055555555556 0.0674768518518519 0.0405555555555555
0 0.966021412037037 0.6631857638888888 0.058211805555555426 0.055190972222222356
0 0.9699826388888889 0.7084027777777777 0.04956018518518519 0.04718750000000007
0 0.9724797453703704 0.7403732638888888 0.044068287037037024 0.043940972222222284
0 0.9761429398148149 0.7730989583333333 0.03627893518518519 0.04689236111111121
0 0.9801967592592593 0.8058159722222221 0.02763888888888886 0.040451388888888926