0 0.862109375 0.803515625 0.116796875 0.2515625
0 0.758203125 0.783203125 0.14765625 0.230078125
0 0.65703125 0.76328125 0.154296875 0.230078125
0 0.5265625 0.742578125 0.1765625 0.2015625
0 0.412890625 0.7125 0.1921875 0.208203125
0 0.316015625 0.693359375 0.166796875 0.205078125
0 0.21328125 0.66484375 0.172265625 0.21015625
0 0.106640625 0.63515625 0.175390625 0.1984375
0 0.958984375 0.81484375 0.08203125 0.241796875
0 0.896484375 0.594921875 0.103515625 0.181640625
0 0.799609375 0.567578125 0.108984375 0.166796875
0 0.693359375 0.567578125 0.12109375 0.180078125
0 0.598828125 0.55078125 0.1265625 0.1734375
0 0.493359375 0.52578125 0.127734375 0.169921875
0 0.399609375 0.504296875 0.1265625 0.1765625
0 0.308984375 0.483203125 0.119921875 0.18828125
0 0.2234375 0.466015625 0.122265625 0.175
0 0.134375 0.456640625 0.115625 0.169921875
0 0.068359375 0.4390625 0.125390625 0.156640625
0 0.953125 0.324609375 0.09375 0.13671875
1 0.86953125 0.3234375 0.08984375 0.133203125
0 0.781640625 0.3109375 0.09453125 0.143359375
0 0.70234375 0.283203125 0.1 0.155078125
0 0.61875 0.2765625 0.104296875 0.15
0 0.5421875 0.2625 0.093359375 0.1484375
0 0.4609375 0.2609375 0.098828125 0.15
0 0.3921875 0.2359375 0.103515625 0.153515625
0 0.3140625 0.233203125 0.11796875 0.143359375
0 0.24375 0.233984375 0.1109375 0.1734375
1 0.175 0.2359375 0.1109375 0.13984375
0 0.11875 0.216796875 0.122265625 0.13671875
0 0.066015625 0.1859375 0.1265625 0.146484375