0 0.904609375 0.12088541666666668 0.12823495370370352 0.12408564814814813
0 0.9098726851851853 0.1984809027777778 0.1157754629629629 0.12918402777777777
0 0.9077546296296297 0.2817650462962963 0.123715277777778 0.14660300925925931
1 0.8999045138888888 0.38241030092592593 0.09881944444444457 0.1599247685185185
1 0.9039149305555554 0.4491030092592593 0.10739004629629605 0.15705439814814817
0 0.9061574074074074 0.540853587962963 0.10369791666666686 0.18584490740740733
0 0.9154803240740741 0.6390364583333333 0.095034722222222 0.17621527777777785
0 0.9144155092592593 0.7590162037037038 0.10751157407407419 0.17346064814814816
0 0.9281018518518518 0.8660561342592594 0.11779513888888893 0.19094907407407424
0 0.6448582175925927 0.8689785879629628 0.14190393518518504 0.17682291666666652
1 0.4986168981481482 0.9061313657407407 0.15976851851851848 0.16329282407407392
0 0.5234230324074074 0.7737268518518519 0.12616319444444457 0.16073495370370364
0 0.6645457175925926 0.731255787037037 0.15269097222222214 0.15683449074074077
0 0.526947337962963 0.669302662037037 0.1213136574074074 0.1387210648148148
0 0.549626736111111 0.5662644675925925 0.14006944444444436 0.14005787037037046
0 0.667962962962963 0.6123784722222222 0.1368981481481482 0.13371527777777778
0 0.672265625 0.5075405092592593 0.13217592592592595 0.12888888888888878
1 0.5606944444444444 0.47802662037037036 0.15041087962962968 0.16535879629629627
0 0.6868952546296296 0.42544849537037044 0.13624421296296294 0.1508796296296296
0 0.5580989583333333 0.3913657407407407 0.1313483796296296 0.1226157407407408
0 0.5782523148148149 0.3165335648148148 0.12748842592592596 0.12874999999999998
1 0.6976128472222223 0.3426909722222223 0.1431192129629629 0.12999421296296293
0 0.5963541666666666 0.22847800925925926 0.11331018518518512 0.11270833333333333
0 0.7138425925925926 0.265630787037037 0.13516203703703694 0.11023148148148146
0 0.7066898148148149 0.1966869212962963 0.12409722222222222 0.09271990740740743
0 0.7193663194444444 0.11465277777777778 0.11803240740740736 0.11753472222222223
1 0.6051851851851853 0.1547627314814815 0.11715856481481488 0.10501157407407406
1 0.6122395833333333 0.10493344907407406 0.09690972222222224 0.11300347222222222
0 0.11422164351851852 0.9147858796296298 0.17043402777777777 0.12689814814814823
0 0.25549189814814816 0.8922366898148149 0.1549710648148148 0.14831018518518527
0 0.13652777777777778 0.8141030092592592 0.15560763888888887 0.12880208333333343
0 0.16703125000000002 0.7123958333333333 0.11115162037037037 0.1376388888888888
1 0.27524884259259264 0.763888888888889 0.14541666666666675 0.12381365740740727
1 0.20419270833333333 0.6128356481481482 0.1386516203703704 0.1595428240740741
1 0.2949305555555556 0.678130787037037 0.14037037037037034 0.18068287037037045
1 0.22072627314814816 0.5240451388888889 0.1457233796296296 0.16521990740740727
1 0.322494212962963 0.6015162037037036 0.12391203703703706 0.1731655092592593
1 0.3385416666666667 0.49984664351851854 0.13094907407407402 0.17415509259259263
0 0.24265914351851853 0.4257175925925926 0.13916666666666666 0.12362847222222224
0 0.3750173611111111 0.4132002314814815 0.11816550925925924 0.13550347222222214
0 0.2772337962962963 0.3461603009259259 0.11474537037037039 0.09556712962962965
0 0.39034143518518516 0.31936631944444444 0.11641782407407408 0.1104571759259259
1 0.2876475694444444 0.27513310185185186 0.1094155092592592 0.11415509259259267
1 0.4058998842592592 0.2571730324074074 0.128912037037037 0.1100462962962963
1 0.3118084490740741 0.2138570601851852 0.12114004629629634 0.1152835648148148
1 0.4205902777777778 0.18328414351851852 0.12653356481481484 0.10528935185185184
1 0.32342881944444446 0.1474826388888889 0.11956018518518521 0.11289351851851852
0 0.43956597222222216 0.10770543981481481 0.107025462962963 0.10783564814814817
0 0.34326678240740743 0.08281828703703704 0.10928819444444446 0.09696759259259258
0 0.44893229166666665 0.05350983796296297 0.10766782407407405 0.08910879629629631
1 0.3495109953703704 0.03513599537037037 0.11620949074074076 0.07027199074074074
0 0.03435474537037037 0.5237065972222222 0.06200810185185185 0.14633680555555556
1 0.054484953703703695 0.44574942129629636 0.09470486111111112 0.13168402777777782
1 0.07737268518518518 0.37083622685185186 0.08605902777777778 0.1243981481481482
1 0.10805266203703703 0.2929571759259259 0.07896412037037037 0.1155960648148148
1 0.14041377314814815 0.23104745370370372 0.08358796296296296 0.1071412037037037
0 0.16527777777777777 0.15920138888888888 0.08743634259259263 0.09944444444444445
0 0.18705729166666668 0.09291666666666668 0.09054976851851855 0.09797453703703703
1 0.21010416666666668 0.04327256944444444 0.09208333333333334 0.08654513888888889
0 0.12673900462962964 0.022624421296296295 0.09097800925925927 0.04524884259259259
1 0.10522280092592592 0.06916377314814814 0.10063078703703705 0.08811921296296296
1 0.08802951388888888 0.12163773148148146 0.09365740740740743 0.09572337962962961
0 0.07625289351851852 0.16691840277777778 0.09436342592592592 0.08559027777777777
0 0.054508101851851856 0.237890625 0.07023726851851853 0.09737268518518523