0 0.07814236111111111 0.2806857638888889 0.15628472222222223 0.2808159722222222
0 0.1701417824074074 0.27108217592592593 0.20864004629629634 0.26860532407407406
0 0.2734288194444444 0.2618460648148148 0.21575231481481483 0.2705844907407407
0 0.40555555555555556 0.24467013888888892 0.22942129629629626 0.2488078703703703
0 0.5229311342592593 0.24160879629629628 0.2471354166666666 0.25998263888888895
0 0.6219212962962963 0.23262731481481486 0.22090856481481466 0.24986111111111117
0 0.7279282407407408 0.2310185185185185 0.227482638888889 0.2564814814814815
0 0.8382320601851851 0.22915509259259262 0.22769675925925908 0.2455902777777778
0 0.02021412037037037 0.2950260416666667 0.04042824074074074 0.2568229166666667
0 0.07115596064814815 0.49141203703703706 0.1423119212962963 0.20837962962962955
0 0.16696180555555556 0.49012731481481475 0.15343171296296293 0.19523726851851855
0 0.271712962962963 0.4601649305555555 0.16908564814814814 0.21174189814814817
0 0.36767939814814815 0.4494155092592592 0.17274884259259257 0.20728587962962966
0 0.4762326388888889 0.44376157407407407 0.1725868055555555 0.20416087962962964
0 0.5723466435185185 0.43767650462962965 0.17369212962962965 0.210457175925926
0 0.6652951388888889 0.43255787037037036 0.1702719907407408 0.2196006944444445
0 0.7525260416666667 0.4250520833333333 0.16884259259259266 0.20705439814814816
0 0.8421556712962964 0.40883680555555557 0.16070601851851843 0.20034143518518518
0 0.9037731481481481 0.4071325231481481 0.1538888888888888 0.18903356481481484
0 0.061465567129629625 0.7668460648148148 0.12293113425925925 0.16190972222222227
1 0.14053530092592592 0.7444299768518519 0.1249652777777778 0.15694444444444428
0 0.2292013888888889 0.7317766203703704 0.1325636574074074 0.16829861111111127
0 0.3123292824074074 0.7358072916666667 0.14102430555555562 0.1812615740740741
0 0.39576967592592593 0.7187905092592592 0.14394675925925923 0.17754050925925924
0 0.47407696759259255 0.7106452546296296 0.13280671296296304 0.17298611111111112
0 0.5542447916666667 0.6891493055555555 0.13843749999999985 0.17643518518518525
0 0.6264351851851852 0.693828125 0.14410879629629622 0.18066550925925923
0 0.7037876157407407 0.6740567129629629 0.15550347222222208 0.1751099537037037
0 0.7729976851851852 0.6535995370370371 0.15692129629629611 0.2024537037037037
1 0.8406857638888889 0.6324537037037037 0.14818865740740747 0.16922453703703705
0 0.8943084490740741 0.6347280092592593 0.14818865740740747 0.16922453703703705
0 0.9207002314814815 0.6514670138888888 0.094027777777778 0.1761400462962964