0 0.55421875 0.13158854166666667 0.19749999999999995 0.20244791666666667
0 0.3370833333333333 0.10075520833333333 0.19135416666666663 0.16932291666666668
0 0.5276388888888889 0.252109375 0.2242013888888888 0.3125
0 0.3330295138888889 0.263671875 0.26727430555555554 0.31770833333333337
0 0.5533159722222223 0.49684895833333337 0.22793402777777771 0.27380208333333333
0 0.3614322916666667 0.4645833333333333 0.24590277777777772 0.275
0 0.5659201388888888 0.6752864583333335 0.21675347222222213 0.26760416666666664
0 0.39229166666666665 0.6419010416666666 0.20625 0.22406249999999997
0 0.41453125 0.7917708333333333 0.1744791666666666 0.21026041666666656
0 0.5861024305555556 0.8226822916666666 0.1925868055555556 0.2145833333333332
0 0.594157986111111 0.9323958333333333 0.16659722222222229 0.1352083333333333
0 0.4301388888888889 0.9151041666666668 0.17218750000000008 0.15869791666666658
0 0.9222439236111111 0.9789583333333333 0.15551215277777786 0.04208333333333343
0 0.9263281250000001 0.911875 0.14734374999999994 0.08364583333333328
0 0.9296397569444445 0.8166666666666667 0.14072048611111115 0.10343750000000007
0 0.9347612847222223 0.7133072916666666 0.13047743055555544 0.10177083333333332
0 0.9489322916666666 0.59421875 0.10213541666666685 0.14802083333333335
0 0.9576649305555556 0.46414062500000003 0.08467013888888886 0.15348958333333335
0 0.08402777777777777 0.73390625 0.1125 0.21781249999999996
0 0.11805555555555555 0.8685937499999999 0.12435763888888887 0.1866666666666667
0 0.162421875 0.9436328125 0.12446180555555557 0.11273437500000014