0 0.9462991898148149 0.172734375 0.1053993055555555 0.20848958333333328
0 0.943738425925926 0.3076041666666667 0.10892361111111129 0.2626041666666666
0 0.9360127314814815 0.45453125000000005 0.12226851851851847 0.27208333333333334
1 0.9271788194444444 0.6456510416666666 0.13453124999999985 0.34630208333333334
1 0.9272193287037037 0.7983072916666666 0.11137152777777785 0.2768229166666668
0 0.9124768518518518 0.8910416666666666 0.11945601851851854 0.10322916666666657
1 0.6796469907407408 0.17098958333333333 0.11943865740740733 0.20630208333333327
1 0.6689872685185185 0.29234375 0.11772569444444443 0.1858854166666667
0 0.7708449074074075 0.19302083333333334 0.10820601851851848 0.16572916666666665
0 0.7678674768518519 0.33143229166666666 0.11391203703703709 0.19812499999999994
0 0.6450491898148148 0.4141927083333333 0.1148032407407408 0.21302083333333338
0 0.7588599537037037 0.49328125000000006 0.11407986111111121 0.22078124999999998
0 0.6205063657407408 0.5649739583333333 0.145173611111111 0.20177083333333332
0 0.6099508101851852 0.7249739583333333 0.11728587962962962 0.23192708333333342
1 0.7449594907407407 0.63046875 0.13298032407407412 0.24234375000000002
0 0.7255613425925926 0.7719270833333333 0.13680555555555554 0.23166666666666663
1 0.6117534722222222 0.8505729166666667 0.13104166666666667 0.19145833333333329
1 0.4503587962962963 0.04372395833333333 0.10396990740740737 0.08744791666666667
0 0.5311545138888889 0.04904947916666667 0.10486111111111107 0.09809895833333333
0 0.4185821759259259 0.15286458333333333 0.10053240740740743 0.1839583333333333
0 0.509302662037037 0.186640625 0.09740740740740747 0.18375
1 0.40684606481481483 0.26140625 0.1107523148148147 0.19322916666666662
1 0.48761863425925933 0.3204427083333333 0.08733796296296284 0.1947916666666667
1 0.3950694444444444 0.3754166666666666 0.11234374999999996 0.19723958333333336
1 0.46870081018518517 0.44976562500000006 0.10779513888888896 0.2156770833333333
1 0.38252604166666665 0.48752604166666663 0.13127314814814817 0.22270833333333334
0 0.4486516203703704 0.5736979166666667 0.10712384259259267 0.23046875
0 0.3430295138888889 0.6541406249999999 0.11413773148148146 0.22859374999999993
0 0.42759837962962965 0.7277604166666667 0.0980381944444444 0.26890625
0 0.3173611111111111 0.7987500000000001 0.12053240740740741 0.24854166666666658
1 0.4051359953703704 0.8612239583333334 0.12506944444444446 0.22854166666666664
1 0.13102141203703704 0.8127343750000001 0.09780671296296298 0.23765624999999996
0 0.04004340277777778 0.8811197916666667 0.08008680555555556 0.1940104166666668
0 0.05464699074074074 0.7426822916666667 0.10929398148148148 0.21307291666666667
1 0.1612471064814815 0.6853906249999999 0.11159143518518518 0.20109375000000007
1 0.08603587962962964 0.6134895833333334 0.10986111111111112 0.17833333333333332
1 0.19157407407407406 0.5443749999999999 0.10626157407407408 0.21947916666666673
0 0.11636574074074073 0.4720833333333333 0.11697337962962964 0.18973958333333343
1 0.2209201388888889 0.43036458333333333 0.09919560185185183 0.2143229166666666
0 0.15912037037037036 0.33999999999999997 0.1091087962962963 0.18218749999999995
0 0.2497193287037037 0.284765625 0.09984374999999997 0.19640624999999998
1 0.17271701388888888 0.243828125 0.12647569444444445 0.2075520833333334
0 0.2720659722222222 0.16692708333333334 0.11454861111111114 0.17864583333333334
1 0.20048611111111114 0.131875 0.10598379629629628 0.18197916666666666
1 0.2915798611111111 0.0699609375 0.10734374999999999 0.139921875
0 0.22109375 0.046953125 0.096875 0.09390625
1 0.09190972222222223 0.03575520833333333 0.08024305555555555 0.07151041666666666
1 0.06454861111111111 0.09166666666666666 0.07715277777777778 0.18333333333333332
0 0.044273726851851845 0.18992187500000002 0.07034143518518518 0.21942708333333333