0 0.08657696759259259 0.160234375 0.14753472222222222 0.20960648148148148
0 0.06802228009259259 0.2939699074074074 0.13604456018518518 0.2627372685185184
0 0.05811631944444444 0.4393547453703704 0.11623263888888888 0.27129050925925924
1 0.04596354166666666 0.6284780092592592 0.09192708333333333 0.34460648148148143
1 0.020069444444444442 0.7794155092592593 0.040138888888888884 0.2755439814814814
0 0.013087384259259257 0.8849016203703703 0.026174768518518514 0.1286342592592593
1 0.3608796296296296 0.18670717592592595 0.14108217592592592 0.2056539351851852
1 0.3433130787037037 0.307103587962963 0.13768518518518524 0.1853240740740741
0 0.26537037037037037 0.19873842592592594 0.12573495370370366 0.16571180555555554
0 0.23640624999999998 0.335619212962963 0.13516782407407407 0.19701967592592595
0 0.33892650462962964 0.4293547453703703 0.1375 0.21187500000000004
0 0.20776909722222223 0.49631655092592586 0.13790509259259257 0.21968750000000004
0 0.32796296296296296 0.5805497685185185 0.16662037037037036 0.20115740740740745
0 0.3013599537037037 0.7396701388888889 0.1424189814814815 0.23143518518518516
1 0.18976273148148148 0.6327256944444445 0.1585300925925926 0.24092592592592582
0 0.17618055555555556 0.7741782407407408 0.1611284722222222 0.23079282407407398
1 0.27037037037037037 0.8628993055555556 0.15129050925925921 0.19167245370370373
1 0.6216840277777778 0.06685185185185186 0.1165162037037037 0.1234722222222222
0 0.5406770833333333 0.06498842592592594 0.11864583333333342 0.12997685185185187
0 0.6236342592592592 0.19491319444444444 0.12037615740740737 0.1828530092592593
0 0.5259548611111111 0.2186747685185185 0.11725115740740755 0.18282986111111113
1 0.6102112268518518 0.3031741898148148 0.13179976851851852 0.19230902777777778
1 0.5166435185185185 0.3530671296296296 0.1084432870370371 0.19369791666666664
1 0.5957436342592592 0.4165190972222222 0.13360532407407408 0.19700810185185186
1 0.5052517361111111 0.4823987268518518 0.13063078703703718 0.21494791666666674
1 0.5821383101851852 0.5282957175925926 0.15521412037037052 0.22215856481481477
0 0.49646701388888886 0.6066348379629629 0.1321817129629629 0.2297974537037037
0 0.5827835648148149 0.696585648148148 0.1391319444444445 0.22828703703703718
0 0.48145543981481487 0.7605931712962962 0.1278761574074075 0.26725115740740735
0 0.5740972222222223 0.8415162037037037 0.147175925925926 0.24787037037037046
1 0.4732696759259259 0.8883391203703702 0.14868055555555557 0.21664351851851854
1 0.7559288194444445 0.8741406250000001 0.12317129629629626 0.23675925925925928
0 0.8427285879629629 0.9246498842592594 0.12041087962962962 0.13833912037037024
0 0.8559027777777779 0.8136574074074074 0.14851851851851866 0.2135185185185186
1 0.7555613425925926 0.7456770833333334 0.13302662037037027 0.20090856481481473
1 0.8467129629629628 0.6821354166666668 0.1287268518518517 0.17822916666666658
1 0.7578559027777777 0.603527199074074 0.13005208333333335 0.2188483796296296
0 0.8493981481481482 0.5399826388888889 0.13710648148148152 0.18922453703703718
1 0.7552372685185185 0.4883564814814815 0.12199652777777778 0.21410300925925935
0 0.8376359953703704 0.40535590277777783 0.1281076388888888 0.18134837962962963
0 0.7608796296296296 0.3418865740740741 0.1210243055555555 0.1953530092592592
1 0.8465248842592592 0.3092332175925926 0.14897569444444442 0.20727430555555557
0 0.765865162037037 0.2231452546296296 0.1334143518518518 0.17826388888888892
1 0.8449768518518518 0.19600694444444444 0.12498263888888905 0.1813252314814815
1 0.7705121527777777 0.11846354166666666 0.12360532407407412 0.1547627314814815
0 0.8479803240740742 0.09289930555555556 0.11054976851851847 0.12889467592592593
1 0.9649450231481481 0.09632812500000001 0.06476273148148123 0.10434606481481482
1 0.9690451388888889 0.16033564814814816 0.05502314814814824 0.2026736111111111
0 0.9653472222222224 0.2693055555555556 0.051886574074074335 0.2174884259259259