1 0.751953125 0.78046875 0.145703125 0.09765625
0 0.686328125 0.787109375 0.116796875 0.12734375
0 0.58046875 0.775390625 0.125 0.1296875
0 0.458984375 0.765625 0.15078125 0.13203125
0 0.35234375 0.753125 0.12265625 0.12734375
0 0.243359375 0.746875 0.145703125 0.12734375
0 0.125 0.7265625 0.1265625 0.1296875
1 0.7390625 0.566015625 0.1359375 0.115234375
0 0.6453125 0.55546875 0.117578125 0.123828125
0 0.537109375 0.543359375 0.11328125 0.112890625
0 0.4546875 0.51484375 0.130078125 0.09765625
0 0.348828125 0.510546875 0.108984375 0.09375
0 0.2515625 0.510546875 0.11171875 0.080859375
0 0.22421875 0.403125 0.0625 0.112890625
1 0.28828125 0.416015625 0.056640625 0.09140625
1 0.33828125 0.428515625 0.058203125 0.09140625
1 0.39140625 0.428515625 0.071484375 0.09140625
0 0.44609375 0.422265625 0.066015625 0.1
1 0.4953125 0.437109375 0.053515625 0.1046875
1 0.55 0.44765625 0.055078125 0.09140625
0 0.610546875 0.45 0.053515625 0.112890625
1 0.652734375 0.456640625 0.055078125 0.1046875
1 0.7078125 0.463671875 0.055078125 0.10234375
0 0.769140625 0.463671875 0.058203125 0.110546875
0 0.74453125 0.275390625 0.041796875 0.096484375
0 0.696484375 0.265625 0.04765625 0.0890625
0 0.64921875 0.25859375 0.041796875 0.08671875
1 0.6 0.260546875 0.056640625 0.083203125
0 0.54453125 0.255078125 0.05078125 0.080859375
0 0.49921875 0.250390625 0.045703125 0.096484375
0 0.444921875 0.239453125 0.05078125 0.09140625