0 0.9017795138888889 0.8136805555555554 0.19644097222222215 0.31361689814814814
0 0.8086805555555555 0.6944936342592593 0.22022569444444465 0.25189814814814826
0 0.687572337962963 0.5777025462962964 0.19285300925925916 0.2395833333333334
0 0.6007957175925925 0.4778674768518519 0.20109953703703703 0.23534143518518516
0 0.5004340277777778 0.37849537037037034 0.16166087962962958 0.21773148148148147
0 0.42160011574074074 0.3070891203703704 0.1687210648148149 0.250005787037037
1 0.33376736111111116 0.21926215277777777 0.1482060185185185 0.23571180555555554
0 0.4952546296296296 0.6868026620370371 0.15193865740740725 0.23357060185185183
0 0.4126880787037037 0.5965248842592592 0.1752893518518519 0.2651331018518519
0 0.3141059027777778 0.4949103009259259 0.1606770833333334 0.2464756944444444
0 0.23326099537037037 0.412115162037037 0.16762152777777778 0.23516203703703695
0 0.16572627314814814 0.3198929398148148 0.14646990740740745 0.19126157407407404
0 0.09748263888888889 0.26537905092592595 0.13822337962962966 0.19550347222222225
0 0.05811631944444444 0.16994791666666667 0.10442708333333335 0.18052083333333332
0 0.26319444444444445 0.13855613425925925 0.15217013888888892 0.1946701388888889
0 0.18875868055555556 0.0844994212962963 0.1339988425925926 0.13847222222222222