1 0.7738888888888888 0.7257291666666668 0.14987847222222223 0.10984374999999993
0 0.7088281249999999 0.737890625 0.12163194444444443 0.13760416666666658
0 0.6023524305555557 0.7348177083333333 0.13027777777777771 0.14052083333333343
0 0.48070312499999995 0.7354947916666668 0.156111111111111 0.14458333333333329
0 0.3734288194444445 0.7316927083333333 0.12788194444444442 0.1380208333333334
0 0.26434895833333333 0.7346614583333334 0.15053819444444444 0.13953124999999994
0 0.14519965277777777 0.724609375 0.1318402777777778 0.140625
1 0.7527170138888889 0.5123697916666667 0.14090277777777782 0.12718749999999995
0 0.658376736111111 0.5096614583333333 0.12232638888888889 0.13375000000000004
0 0.5499479166666668 0.50671875 0.1173958333333335 0.12249999999999997
0 0.4665364583333333 0.4852864583333333 0.13425347222222223 0.10880208333333333
0 0.36062500000000003 0.49000000000000005 0.11305555555555546 0.10270833333333336
0 0.2633940972222222 0.498046875 0.11512152777777782 0.09036458333333339
0 0.23171875000000003 0.39296875 0.0673784722222222 0.11838541666666665
1 0.29604166666666665 0.40041666666666664 0.06064236111111114 0.09609375
1 0.3466927083333333 0.4087760416666667 0.06220486111111114 0.09619791666666658
1 0.39980034722222224 0.404453125 0.07550347222222227 0.09786458333333332
0 0.45432291666666663 0.3933854166666667 0.07020833333333343 0.10531250000000006
1 0.5038541666666666 0.4041666666666667 0.0578125 0.10916666666666668
1 0.5591493055555555 0.4102604166666667 0.059079861111111145 0.09598958333333343
0 0.6197222222222223 0.40739583333333335 0.05800347222222228 0.11776041666666667
1 0.6620399305555555 0.41044270833333335 0.059375 0.10927083333333325
1 0.7172569444444445 0.4130208333333334 0.05932291666666671 0.10692708333333338
0 0.7785590277777777 0.40776041666666674 0.06263888888888883 0.11572916666666662
0 0.7466493055555555 0.22171875000000002 0.045902777777777716 0.09979166666666668
0 0.6980121527777777 0.21596354166666668 0.05121527777777786 0.09312499999999994
0 0.650607638888889 0.21286458333333336 0.04491319444444457 0.09036458333333337
1 0.6014583333333333 0.2192708333333333 0.059687500000000074 0.08822916666666669
0 0.5458854166666667 0.21828124999999998 0.054166666666666606 0.08552083333333335
0 0.5004861111111112 0.21739583333333332 0.04982638888888893 0.1008333333333333
0 0.44558159722222224 0.21127604166666666 0.05439236111111114 0.09567708333333336