0 0.12232349537037038 0.8855497685185185 0.12516203703703704 0.1228067129629629
0 0.11096354166666667 0.8092447916666666 0.11275462962962965 0.12840856481481494
0 0.10594039351851851 0.7267563657407408 0.12002893518518518 0.14517939814814812
1 0.10548032407407408 0.6260763888888888 0.09447916666666667 0.15946759259259266
1 0.09591724537037036 0.5602170138888889 0.1037962962962963 0.15604745370370363
0 0.0859375 0.46978877314814815 0.09875578703703702 0.18467013888888886
0 0.06862268518518519 0.3738859953703703 0.09081597222222222 0.1756712962962963
0 0.06023148148148148 0.25527199074074075 0.10325810185185184 0.17241319444444442
0 0.046814236111111115 0.1506741898148148 0.09362847222222223 0.18927662037037035
0 0.32036168981481483 0.11180555555555556 0.13765625000000004 0.17575810185185187
1 0.46287615740740745 0.06867476851851852 0.15619791666666666 0.13734953703703703
0 0.4487760416666666 0.19101851851851853 0.12258101851851855 0.15936342592592592
0 0.31166666666666665 0.25082175925925926 0.14906249999999996 0.15527199074074077
0 0.4542679398148149 0.2945601851851852 0.11835069444444453 0.13728587962962963
0 0.4402170138888889 0.39989583333333334 0.1371122685185185 0.13903935185185184
0 0.3181105324074074 0.369146412037037 0.133894675925926 0.13262731481481485
0 0.32242476851851853 0.47313946759259257 0.1291377314814815 0.12769675925925927
1 0.43617476851851855 0.48831886574074074 0.14684606481481488 0.163744212962963
0 0.3145572916666667 0.5562962962962963 0.13336805555555556 0.14977430555555565
0 0.44622974537037036 0.5736689814814815 0.12826388888888896 0.12140625000000008
0 0.4318200231481481 0.6505295138888889 0.12445023148148149 0.1274537037037037
1 0.3109809027777778 0.6396209490740741 0.1400752314814815 0.128263888888889
0 0.4211313657407407 0.7396874999999999 0.11015625 0.11109953703703716
0 0.30083912037037036 0.7182118055555555 0.13276620370370368 0.10914930555555565
0 0.3138946759259259 0.7854513888888889 0.1223553240740741 0.09143518518518512
0 0.3075896990740741 0.8685271990740742 0.1156944444444444 0.11607060185185177
1 0.41846354166666666 0.8143778935185185 0.11472800925925934 0.10353009259259247
1 0.415379050925926 0.8644994212962963 0.09377314814814816 0.11181134259259266
0 0.8457378472222222 0.030601851851851845 0.1678993055555555 0.06120370370370369
0 0.7066782407407407 0.0564453125 0.15204861111111115 0.112890625
0 0.8322222222222223 0.1020486111111111 0.15255208333333323 0.12734953703703705
0 0.8099855324074074 0.20663773148148148 0.1081828703703703 0.1359780092592593
1 0.6977314814814815 0.16952256944444444 0.1431192129629629 0.1229571759259259
1 0.7811371527777778 0.30961805555555555 0.13505787037037037 0.15844907407407405
1 0.6851186342592592 0.2568287037037037 0.13615162037037046 0.17958333333333334
1 0.7719936342592593 0.39986689814814813 0.14215856481481487 0.1635011574074074
1 0.6640393518518518 0.33598668981481483 0.11964120370370371 0.17170138888888892
1 0.6562731481481482 0.4386545138888889 0.1266840277777778 0.1728472222222223
0 0.7580237268518518 0.4997337962962963 0.136076388888889 0.12181134259259245
0 0.6272193287037038 0.5291550925925926 0.11440972222222215 0.13473958333333336
0 0.7302459490740741 0.5831423611111111 0.11303819444444443 0.09485532407407415
0 0.6195688657407408 0.6240104166666667 0.11325810185185184 0.10969907407407398
1 0.7256770833333334 0.6544184027777777 0.10705439814814817 0.1125
1 0.6092621527777778 0.6873871527777777 0.12650462962962977 0.10804398148148149
1 0.7063859953703704 0.7182609953703704 0.11878472222222225 0.11388888888888893
1 0.6003443287037037 0.7624016203703704 0.12488425925925917 0.1040567129629629
1 0.7003125 0.7857118055555554 0.11640625 0.11142361111111114
0 0.5874855324074074 0.8399623842592593 0.1046180555555555 0.10612847222222221
0 0.6860590277777778 0.852025462962963 0.1075925925925926 0.09613425925925938
0 0.5827748842592593 0.8944618055555555 0.10512152777777786 0.08741898148148124
1 0.6840248842592592 0.9102893518518517 0.11453124999999993 0.09024884259259239
0 0.9616550925925926 0.3759809027777778 0.06618055555555565 0.14629050925925924
1 0.9444646990740739 0.4561082175925925 0.09170717592592581 0.13043981481481484
1 0.9277112268518518 0.5330902777777778 0.08302083333333314 0.12374421296296312
1 0.9034837962962964 0.613972800925926 0.07664351851851876 0.11482638888888878
1 0.8763570601851851 0.6797829861111111 0.08042245370370367 0.10643518518518533
0 0.8573061342592592 0.7537615740740741 0.08577546296296319 0.09890624999999993
0 0.8410706018518518 0.8221296296296297 0.08808449074074076 0.09668402777777771
1 0.8218894675925925 0.878550347222222 0.0896122685185187 0.09442129629629648
0 0.90859375 0.9013773148148146 0.08940393518518519 0.08035879629629647
1 0.9247945601851851 0.8353530092592593 0.09887152777777786 0.08709490740740762
1 0.9376967592592592 0.7812094907407408 0.09117476851851833 0.0945023148148147
0 0.9438483796296296 0.7348321759259259 0.09024305555555542 0.0843055555555555
0 0.9589872685185185 0.6614467592592592 0.06232638888888893 0.09690972222222224