1 0.059830729166666666 0.753828125 0.11966145833333333 0.12750000000000003
0 0.20265624999999998 0.7809895833333333 0.18046875 0.1403645833333332
0 0.36265625 0.8368229166666665 0.19484374999999998 0.14598958333333334
0 0.5386979166666667 0.87953125 0.22828124999999985 0.16921874999999992
0 0.7481770833333333 0.8990104166666667 0.21234374999999997 0.09348958333333321
0 0.8118749999999999 0.806875 0.11661458333333323 0.17421875
1 0.7166927083333333 0.7879427083333332 0.11010416666666671 0.14656249999999993
0 0.9021354166666666 0.8354687500000001 0.08718749999999993 0.17614583333333336
0 0.6325000000000001 0.7616666666666667 0.09906249999999997 0.15593749999999992
0 0.55640625 0.7422395833333334 0.10583333333333336 0.15250000000000002
1 0.482109375 0.7191927083333334 0.10333333333333332 0.15
0 0.4090364583333333 0.7127864583333333 0.10114583333333335 0.15218749999999998
0 0.34018229166666664 0.7014322916666667 0.08375000000000003 0.15958333333333333
1 0.26255208333333335 0.68171875 0.10276041666666665 0.14140625
0 0.20166666666666666 0.6616666666666667 0.1109375 0.1357291666666665
1 0.3383072916666666 0.507890625 0.11989583333333335 0.09510416666666668
0 0.4647395833333333 0.5247395833333334 0.1944791666666667 0.09385416666666657
1 0.6124739583333334 0.5545572916666666 0.17442708333333332 0.09640625000000007
1 0.75953125 0.5828645833333332 0.1888541666666665 0.09114583333333322
0 0.39221354166666667 0.3759635416666666 0.10442708333333339 0.09640624999999999
1 0.4605989583333333 0.39434895833333333 0.08171874999999992 0.09411458333333336
0 0.5178645833333333 0.39286458333333335 0.07567708333333326 0.12015624999999996
1 0.5687239583333333 0.3999739583333333 0.07927083333333336 0.11572916666666666
0 0.630078125 0.4071614583333334 0.07098958333333343 0.11984375000000003
0 0.6967187499999999 0.4108854166666667 0.07822916666666657 0.1234375
0 0.7595052083333333 0.419921875 0.08963541666666668 0.13119791666666672
1 0.8138020833333333 0.43963541666666667 0.07994791666666652 0.12588541666666658
0 0.8858854166666668 0.44338541666666664 0.07692708333333335 0.1389062500000001
1 0.34575520833333334 0.273671875 0.07218749999999999 0.0911458333333333
0 0.38341145833333334 0.28049479166666663 0.08499999999999996 0.08499999999999996
0 0.4349739583333333 0.282890625 0.06947916666666672 0.08552083333333335
0 0.49005208333333333 0.2908854166666667 0.08734374999999997 0.08515625
0 0.5324739583333333 0.29622395833333337 0.09453125 0.08796875000000001
0 0.5909635416666668 0.29971354166666664 0.08500000000000014 0.08499999999999996
0 0.6388020833333334 0.30546875 0.09312499999999986 0.10187499999999998
0 0.6957552083333333 0.31450520833333334 0.08760416666666657 0.0890625
0 0.7549739583333333 0.312890625 0.10348958333333336 0.08234374999999998
0 0.8059114583333333 0.3246614583333333 0.08734375000000014 0.08515625
0 0.8680208333333332 0.33218749999999997 0.08671875 0.09911458333333334
0 0.93484375 0.33901041666666665 0.08151041666666643 0.11432291666666669
1 0.3316927083333333 0.169609375 0.0880208333333333 0.07197916666666666
0 0.377421875 0.17200520833333335 0.07385416666666664 0.08114583333333333
0 0.4139322916666666 0.18434895833333334 0.09114583333333326 0.07218750000000003
1 0.4572395833333333 0.19390625 0.08552083333333335 0.06947916666666668
0 0.5005468750000001 0.1976302083333333 0.08348958333333342 0.07401041666666668
1 0.5429166666666667 0.19791666666666666 0.08791666666666664 0.07041666666666666
1 0.5963802083333334 0.2009635416666667 0.06958333333333329 0.06374999999999995
0 0.6396614583333333 0.205078125 0.08114583333333343 0.07385416666666664
1 0.6924479166666666 0.21244791666666668 0.07250000000000015 0.07249999999999997
0 0.7414322916666667 0.2126822916666667 0.07265625 0.07484374999999999
0 0.79203125 0.21786458333333333 0.06906250000000007 0.07927083333333336
0 0.8467187500000002 0.22005208333333334 0.07984374999999985 0.07765624999999998
0 0.9045052083333334 0.222421875 0.07749999999999986 0.07750000000000004
1 0.4404166666666667 0.11374999999999999 0.061875000000000034 0.053125
1 0.478984375 0.11856770833333333 0.057968750000000034 0.05286458333333331
1 0.5150260416666667 0.12044270833333334 0.06692708333333339 0.05890624999999999
1 0.5583333333333333 0.12416666666666668 0.0546875 0.05031249999999998
1 0.6005729166666667 0.12640625 0.0640625 0.05093750000000004
1 0.6411458333333333 0.12447916666666667 0.0640625 0.05093749999999999
1 0.6848177083333333 0.12856770833333334 0.07505208333333328 0.052447916666666664
0 0.7300260416666667 0.127109375 0.0658333333333335 0.06583333333333333
1 0.7742708333333334 0.13427083333333334 0.06927083333333339 0.05906250000000002
1 0.8197135416666667 0.14096354166666666 0.07520833333333314 0.05479166666666666
1 0.8708854166666666 0.14338541666666665 0.07140625000000007 0.05609375000000001
1 0.47822916666666665 0.06572916666666667 0.06656250000000004 0.053437500000000006
1 0.5100260416666667 0.067109375 0.05796874999999986 0.052864583333333326
0 0.5528906250000001 0.06580729166666667 0.05859375 0.06223958333333333
0 0.5909114583333333 0.06716145833333334 0.06708333333333343 0.061249999999999985
1 0.6286979166666666 0.07786458333333332 0.07145833333333336 0.05687500000000001
0 0.8018750000000001 0.081875 0.06473958333333334 0.06109374999999999
0 0.844453125 0.08486979166666667 0.06046874999999972 0.05536458333333334
1 0.886015625 0.08559895833333334 0.06708333333333343 0.061249999999999985
1 0.939765625 0.08434895833333333 0.06140625000000029 0.06942708333333333