0 0.138671875 0.8249421296296295 0.17265625 0.34623842592592596
0 0.248046875 0.7603443287037036 0.20625 0.33029513888888895
0 0.33828125 0.6909866898148148 0.196875 0.3010416666666666
0 0.437109375 0.6068576388888889 0.20703125 0.31782407407407404
0 0.532421875 0.5482494212962963 0.221875 0.31134259259259256
0 0.61796875 0.4849247685185185 0.19453125 0.2900173611111111
0 0.706640625 0.43125 0.20078125 0.28790509259259256
0 0.783203125 0.3768518518518518 0.21875 0.2862268518518519
0 0.852734375 0.3219328703703703 0.2109375 0.28125
0 0.90703125 0.26796875 0.1609375 0.2442418981481481
0 0.05859375 0.5630642361111111 0.1171875 0.27543402777777787
0 0.13671875 0.5121238425925926 0.1453125 0.2694444444444445
0 0.221875 0.4527199074074074 0.14765625 0.2625
0 0.30859375 0.39716435185185184 0.14453125 0.24519675925925927
0 0.3859375 0.3396122685185185 0.1421875 0.24432870370370363
0 0.465625 0.29603587962962963 0.13984375 0.21689814814814817
0 0.54140625 0.24635416666666665 0.13515625 0.22141203703703702
0 0.63125 0.19615162037037037 0.146875 0.1999710648148148
0 0.6953125 0.15237268518518518 0.13046875 0.20639467592592592
0 0.756640625 0.10010127314814814 0.14140625 0.1989872685185185
0 0.826953125 0.08217592592592593 0.1296875 0.16435185185185186
0 0.864453125 0.05393518518518518 0.12890625 0.10787037037037037