1 0.08460648148148149 0.646021412037037 0.12621527777777777 0.14545717592592594
0 0.21396122685185182 0.7139120370370371 0.19725115740740742 0.16915509259259273
0 0.3597077546296297 0.8121498842592592 0.21157407407407405 0.17701967592592602
0 0.521484375 0.8886892361111111 0.24673032407407405 0.17910300925925923
0 0.7198929398148148 0.9395688657407408 0.21710069444444446 0.052621527777777996
0 0.7968894675925926 0.8833304398148147 0.13967013888888893 0.1509317129629629
1 0.7086660879629629 0.858414351851852 0.1299479166666666 0.16204861111111118
0 0.8866608796296296 0.9077633101851852 0.1257523148148149 0.09086226851851861
0 0.6316840277777778 0.8093431712962962 0.12086226851851851 0.16930555555555565
0 0.5617042824074074 0.7696440972222222 0.12702546296296297 0.16733217592592595
1 0.49317129629629636 0.7267274305555557 0.12456597222222214 0.16406828703703696
0 0.4236979166666667 0.7007002314814815 0.12228009259259257 0.16549189814814813
0 0.35918692129629626 0.6712471064814814 0.10685763888888893 0.17003472222222218
1 0.2872106481481481 0.6304918981481482 0.1219039351851852 0.15533564814814813
0 0.23184317129629634 0.5942332175925926 0.12879050925925925 0.15184606481481477
1 0.38802083333333337 0.4773206018518518 0.1304976851851852 0.11374999999999993
0 0.5073350694444445 0.5277980324074074 0.20269097222222215 0.12660300925925938
1 0.6453559027777779 0.5971325231481481 0.18394097222222214 0.1254918981481481
1 0.7825376157407408 0.6649508101851852 0.1971064814814815 0.12315393518518505
0 0.46118344907407405 0.35984664351851847 0.11643518518518511 0.11291666666666664
1 0.5243923611111111 0.39642361111111113 0.09435763888888893 0.10615162037037038
0 0.5797164351851852 0.4103703703703704 0.09212962962962959 0.13018518518518524
1 0.6274594907407407 0.4310300925925926 0.09510995370370363 0.1264641203703704
0 0.6854890046296296 0.45460358796296296 0.08816550925925917 0.12839120370370374
0 0.749320023148148 0.4762673611111111 0.09537037037037024 0.13349537037037038
0 0.8086082175925926 0.502115162037037 0.10743634259259274 0.14356481481481467
1 0.8580295138888889 0.5363773148148148 0.09782986111111107 0.1367592592592592
0 0.9266059027777779 0.5593258101851852 0.09670138888888857 0.14838541666666671
1 0.4322627314814815 0.24489872685185182 0.08483796296296298 0.10168981481481483
0 0.4677372685185185 0.26197916666666665 0.09560185185185191 0.09765046296296295
0 0.5172743055555555 0.2782262731481482 0.08151041666666678 0.09603587962962959
0 0.5690104166666667 0.3009982638888889 0.09797453703703703 0.09857060185185187
0 0.6091724537037038 0.3178009259259259 0.10593171296296297 0.10293981481481485
0 0.6650752314814815 0.33680266203703707 0.09560185185185191 0.09765046296296305
0 0.710011574074074 0.3556712962962963 0.10642361111111107 0.11622106481481484
0 0.7637586805555555 0.3798900462962963 0.09890046296296298 0.1025231481481482
0 0.8214409722222221 0.3940885416666666 0.1127893518518519 0.09866898148148148
0 0.8681857638888889 0.4195052083333334 0.09797453703703703 0.09857060185185187
0 0.9270109953703705 0.4434230324074074 0.09924768518518512 0.11189814814814807
0 0.9711226851851851 0.46835358796296295 0.05775462962962976 0.12397569444444442
1 0.43532986111111116 0.13745081018518518 0.09673032407407404 0.08602430555555554
0 0.47893518518518513 0.1520920138888889 0.08449074074074084 0.09231481481481482
0 0.5126302083333334 0.17397569444444444 0.09988425925925917 0.08699074074074073
1 0.5529658564814814 0.1954658564814815 0.09429976851851851 0.08354166666666667
0 0.5938512731481481 0.21065972222222223 0.09285300925925917 0.08657407407407405
1 0.6349971064814814 0.2223148148148148 0.0958622685185185 0.0836342592592593
1 0.6857494212962962 0.2396643518518519 0.07757523148148149 0.07397569444444443
0 0.7270399305555555 0.25522569444444443 0.09050925925925916 0.08643518518518523
1 0.7767795138888889 0.27694155092592593 0.08182870370370363 0.08358217592592591
0 0.8238715277777778 0.2905931712962963 0.08269675925925916 0.08597222222222226
0 0.8719184027777779 0.30888599537037037 0.0796875 0.0889120370370371
0 0.92421875 0.3257523148148148 0.08987268518518512 0.09029513888888889
0 0.96796875 0.34381365740740744 0.0640625 0.08895833333333333
1 0.5494357638888889 0.11072337962962964 0.06857638888888892 0.0625289351851852
1 0.5856336805555555 0.12619502314814818 0.06385995370370381 0.0614699074074074
1 0.6201099537037037 0.13746238425925927 0.07430555555555554 0.06988425925925927
1 0.661400462962963 0.15302372685185187 0.061429398148148094 0.05898726851851852
1 0.7018373842592592 0.16667824074074072 0.07008101851851851 0.06105902777777779
1 0.7409143518518518 0.17532407407407408 0.07008101851851851 0.06105902777777779
1 0.7826099537037037 0.19125289351851854 0.08110532407407404 0.06405092592592591
0 0.8268373842592591 0.2015509259259259 0.0737268518518519 0.07530671296296294
1 0.8682581018518519 0.22062789351851855 0.07664930555555571 0.07002314814814811
1 0.9112413194444444 0.23961226851851852 0.08119212962962977 0.06639467592592592
1 0.9599971064814815 0.2559056712962963 0.078125 0.06777199074074076
1 0.5934461805555555 0.07288194444444444 0.07332175925925917 0.06436921296296294
1 0.6239583333333334 0.08281828703703704 0.06385995370370381 0.06146990740740739
0 0.6650462962962963 0.09291087962962963 0.06655092592592596 0.0709837962962963
0 0.701880787037037 0.10442997685185185 0.07514467592592596 0.07149305555555556
1 0.73671875 0.12546296296296297 0.07815393518518512 0.06855324074074075
0 0.9029947916666666 0.17550636574074074 0.07280092592592595 0.07135416666666669
0 0.9434606481481481 0.18994212962962964 0.06710069444444429 0.06478009259259258
1 0.9729311342592591 0.20196759259259262 0.05413773148148167 0.07089120370370372