1 0.12660011574074073 0.4833333333333333 0.19164351851851852 0.24859375000000003
0 0.10814814814814815 0.7866261574074074 0.2068518518518519 0.29825231481481485
0 0.27096064814814813 0.8336284722222222 0.18101851851851852 0.2904571759259259
1 0.27315393518518516 0.5497714120370369 0.16550347222222223 0.30483796296296295
0 0.4138136574074074 0.8682161458333333 0.1770138888888889 0.26356770833333343
0 0.40646701388888895 0.5685619212962962 0.15195023148148148 0.26772569444444444
0 0.5262789351851852 0.609994212962963 0.13072916666666679 0.2499131944444443
1 0.5779311342592592 0.8773379629629631 0.1964525462962964 0.245324074074074
1 0.6230439814814815 0.6507436342592593 0.15104745370370373 0.25129629629629624
0 0.6858159722222222 0.8887239583333333 0.19318287037037046 0.22255208333333343
0 0.7196498842592592 0.6700086805555555 0.1542361111111111 0.25998263888888895
0 0.8298958333333333 0.6853819444444444 0.14719328703703702 0.2582118055555556
0 0.9121064814814815 0.7120312500000001 0.13696180555555557 0.24775462962962963
1 0.7929253472222222 0.9009027777777778 0.1867766203703704 0.19819444444444442
1 0.8576938657407407 0.8916840277777778 0.1900520833333335 0.21663194444444436
0 0.15733506944444445 0.15111400462962962 0.14388310185185182 0.23311921296296295
0 0.27988136574074074 0.19262731481481482 0.15868634259259268 0.22809027777777774
0 0.37938078703703704 0.23345775462962964 0.13969907407407406 0.19550347222222225
0 0.47216145833333334 0.2635445601851852 0.13265624999999998 0.19373263888888886
1 0.560720486111111 0.30366030092592594 0.12311921296296298 0.17157986111111115
0 0.6413107638888889 0.3224508101851852 0.12943865740740748 0.1811400462962963
0 0.7224363425925926 0.3607841435185185 0.10987268518518523 0.17587384259259248
1 0.785150462962963 0.3915422453703704 0.11144097222222218 0.17670138888888892
0 0.8520949074074075 0.4134432870370371 0.12933449074074083 0.1670775462962963
1 0.9130931712962962 0.42345196759259257 0.1198842592592591 0.15664351851851852
0 0.9571440972222222 0.44707175925925924 0.08571180555555565 0.14636574074074069
1 0.23474247685185184 0.056553819444444445 0.2538599537037037 0.10671875000000001
1 0.46189525462962966 0.1429542824074074 0.23159722222222215 0.15917245370370373
1 0.6479947916666667 0.2230613425925926 0.16634837962962976 0.1025636574074074
1 0.8019849537037036 0.29167245370370376 0.14969328703703716 0.06848379629629626
1 0.6368200231481481 0.08526041666666666 0.08902199074074062 0.10261574074074073
1 0.6951880787037037 0.1092505787037037 0.10877893518518533 0.13366319444444447
1 0.7555150462962963 0.1340798611111111 0.11351851851851862 0.1408333333333333
1 0.8084230324074074 0.1590798611111111 0.10883680555555557 0.14147569444444447
1 0.9322627314814815 0.3471238425925926 0.13547453703703702 0.09626157407407412
1 0.8616753472222222 0.1778414351851852 0.1174768518518519 0.14798032407407408