1 0.0265625 0.2859375 0.053125 0.1
1 0.098046875 0.261328125 0.0859375 0.08125
1 0.16640625 0.237109375 0.0703125 0.069921875
1 0.23828125 0.2265625 0.0765625 0.079296875
0 0.3078125 0.211328125 0.084375 0.1125
1 0.369140625 0.188671875 0.0765625 0.091796875
0 0.442578125 0.1671875 0.0765625 0.104296875
1 0.49921875 0.15625 0.075 0.108203125
0 0.56640625 0.130859375 0.078125 0.1125
0 0.630859375 0.1234375 0.0734375 0.114453125
0 0.6859375 0.103125 0.075 0.1125
1 0.745703125 0.094921875 0.0796875 0.083203125
0 0.811328125 0.077734375 0.0921875 0.108203125
1 0.88125 0.060546875 0.0921875 0.091796875
0 0.047265625 0.545703125 0.09453125 0.167578125
1 0.134765625 0.5140625 0.09609375 0.146875
0 0.225390625 0.49375 0.0890625 0.183203125
1 0.31640625 0.4734375 0.10234375 0.155078125
1 0.399609375 0.451953125 0.09609375 0.151171875
0 0.478515625 0.418359375 0.10078125 0.163671875
1 0.553515625 0.409375 0.10078125 0.151171875
1 0.636328125 0.3828125 0.10390625 0.161328125
1 0.706640625 0.357421875 0.10078125 0.165625
0 0.784765625 0.34375 0.09765625 0.176953125
0 0.855078125 0.309375 0.08125 0.159375
0 0.935546875 0.295703125 0.09921875 0.157421875
0 0.17109375 0.9203125 0.13046875 0.159375
1 0.286328125 0.922265625 0.11171875 0.155078125
0 0.401171875 0.908203125 0.09921875 0.183203125
1 0.514453125 0.872265625 0.10546875 0.204296875
1 0.6171875 0.841796875 0.10703125 0.19375
0 0.721875 0.803125 0.09921875 0.198046875
0 0.819140625 0.769140625 0.09609375 0.210546875
0 0.926953125 0.727734375 0.10390625 0.195703125