0 0.2527835648148148 0.3972280092592593 0.0949710648148148 0.07348958333333329
0 0.35084490740740737 0.4101041666666667 0.12371527777777783 0.07186342592592591
0 0.4666059027777777 0.42623553240740736 0.11936342592592589 0.0630671296296296
0 0.589754050925926 0.4345688657407408 0.11302083333333321 0.07598379629629623
0 0.6988252314814816 0.43438078703703703 0.10027777777777765 0.07064814814814806
0 0.7881770833333334 0.43706597222222215 0.08191550925925935 0.047100694444444355
0 0.8650086805555557 0.4387123842592592 0.07265046296296304 0.06376157407407419
0 0.9192447916666666 0.4403559027777778 0.05288773148148138 0.0432581018518519
0 0.12248553240740741 0.5665596064814815 0.04832175925925926 0.15054398148148138
1 0.15671296296296297 0.5730092592592593 0.06774305555555556 0.13440972222222225
1 0.1997627314814815 0.5767997685185186 0.07385995370370373 0.14719328703703702
0 0.23572916666666668 0.5942476851851852 0.08354745370370367 0.1687326388888888
0 0.2921412037037037 0.600289351851852 0.08379050925925924 0.1734201388888888
1 0.33546875 0.6169502314814814 0.0769039351851852 0.145792824074074
0 0.39249421296296294 0.6273090277777778 0.0731076388888889 0.1627372685185186
1 0.4501649305555556 0.627572337962963 0.07186921296296304 0.16890624999999987
0 0.5153182870370371 0.6293923611111112 0.07840277777777782 0.1746990740740742
0 0.5721614583333332 0.6362355324074074 0.07655671296296304 0.1691493055555556
0 0.6332465277777778 0.6347280092592593 0.09157407407407411 0.15824074074074074
1 0.6866059027777778 0.6269762731481482 0.08159143518518519 0.14603587962962958
1 0.7333246527777778 0.6188802083333333 0.07802083333333343 0.1372800925925926
1 0.7779021990740741 0.6145688657407408 0.08020254629629626 0.1342766203703704
0 0.8169444444444445 0.6162037037037037 0.08703125000000007 0.13073495370370375
1 0.855217013888889 0.6029947916666666 0.058541666666666714 0.12224537037037031
1 0.8850057870370371 0.6064872685185185 0.07687499999999972 0.1302083333333334
0 0.9149074074074074 0.5971296296296297 0.060104166666666715 0.12232638888888889
1 0.9377112268518518 0.5936371527777778 0.04916666666666671 0.12175925925925916
1 0.9563049768518518 0.5840827546296297 0.047991898148148235 0.09910300925925916
0 0.9670659722222222 0.5737326388888888 0.06216435185185176 0.1169791666666665
1 0.9781004050925926 0.5665017361111111 0.04379918981481481 0.11912037037037031
1 0.9898929398148149 0.561634837962963 0.020214120370370382 0.11629050925925917