0 0.777734375 0.36758391203703705 0.09609375 0.08069444444444454
0 0.680078125 0.37102719907407405 0.12421875 0.08079861111111111
0 0.5640625 0.3755584490740741 0.11953125 0.07192708333333338
0 0.44140625 0.37228009259259254 0.11328125 0.08483796296296298
0 0.33359375 0.36148148148148146 0.10078125 0.07784722222222218
0 0.244921875 0.35540798611111113 0.0828125 0.0533449074074074
0 0.168359375 0.34978877314814816 0.0734375 0.06841435185185185
0 0.114453125 0.3459519675925926 0.05390625 0.0469444444444445
0 0.898046875 0.5506886574074074 0.05078125 0.15379050925925916
1 0.863671875 0.5538975694444443 0.06953125 0.13927662037037045
1 0.820703125 0.5537094907407407 0.07578125 0.15214699074074076
0 0.783984375 0.5676041666666667 0.0859375 0.17384259259259274
0 0.727734375 0.5682031249999999 0.0859375 0.17931134259259274
1 0.683984375 0.5805613425925926 0.07890625 0.1507696759259259
0 0.626953125 0.5855034722222222 0.075 0.16772569444444443
1 0.56953125 0.5803125 0.075 0.17397569444444444
0 0.505078125 0.5755381944444444 0.08125 0.17981481481481473
0 0.448046875 0.5765740740740741 0.07890625 0.1742071759259259
0 0.3875 0.569224537037037 0.09453125 0.16497685185185187
1 0.33515625 0.5563107638888889 0.08359375 0.15182870370370374
1 0.2890625 0.5438078703703704 0.0796875 0.14300347222222207
1 0.2453125 0.5350723379629629 0.08203125 0.13923611111111106
0 0.206640625 0.5326765046296297 0.0890625 0.1373090277777777
1 0.169140625 0.5153674768518519 0.0609375 0.12626736111111114
1 0.139453125 0.5163454861111111 0.07890625 0.1351446759259259
0 0.110546875 0.503995949074074 0.06171875 0.12631365740740746
1 0.087890625 0.4983072916666666 0.0515625 0.1249305555555555
1 0.0703125 0.4868489583333333 0.04921875 0.10213541666666667
0 0.059765625 0.47536458333333337 0.0640625 0.1217650462962963
1 0.0421875 0.46624999999999994 0.06015625 0.1230960648148148
1 0.024609375 0.4590885416666667 0.04921875 0.11932291666666668