0 0.9099016203703704 0.19382523148148148 0.10832175925925931 0.2859837962962963
1 0.8274739583333334 0.1897222222222222 0.09505208333333322 0.28675925925925927
0 0.7503790509259259 0.20430266203703704 0.11062499999999993 0.28065393518518517
0 0.6745688657407407 0.20371817129629627 0.10449074074074076 0.29590856481481487
1 0.5959751157407407 0.20961226851851852 0.098298611111111 0.30335069444444446
0 0.5224797453703703 0.21307291666666667 0.10292824074074076 0.29581597222222217
0 0.43842881944444445 0.2170804398148148 0.09903356481481485 0.2971469907407408
0 0.3630208333333333 0.2149565972222222 0.10363425925925931 0.2857060185185185
0 0.28402488425925926 0.2223900462962963 0.10366319444444443 0.2896122685185185
0 0.20542534722222222 0.2290653935185185 0.10682291666666668 0.29448495370370364
0 0.12416087962962963 0.22620370370370374 0.10513888888888889 0.2779861111111111
0 0.047346643518518514 0.2262615740740741 0.09469328703703703 0.2853356481481482
0 0.07685474537037038 0.8578645833333333 0.11227430555555555 0.2842708333333334
0 0.1663917824074074 0.8542534722222221 0.11307291666666668 0.2914930555555556
0 0.24538483796296298 0.8488917824074074 0.10677662037037035 0.28823495370370367
0 0.32710358796296296 0.8431828703703703 0.11542245370370371 0.295775462962963
0 0.404134837962963 0.8371961805555556 0.11230902777777776 0.29715277777777765
1 0.4858564814814814 0.8310966435185184 0.10841435185185197 0.29848379629629634
0 0.5648061342592593 0.8299131944444446 0.09975694444444443 0.289380787037037
0 0.64375 0.8295109953703703 0.10924189814814814 0.30478009259259264
0 0.7215798611111112 0.8212268518518518 0.10924189814814814 0.30478009259259264
0 0.8017679398148149 0.8111284722222223 0.1177662037037038 0.2959143518518517
0 0.879620949074074 0.7997193287037037 0.10453125000000014 0.30137731481481467
0 0.9550491898148149 0.7991087962962963 0.08097800925925895 0.28436342592592573