0 0.769140625 0.38984375 0.090625 0.0671875
0 0.671484375 0.39609375 0.119140625 0.063671875
0 0.555859375 0.40390625 0.115234375 0.055078125
0 0.4328125 0.40390625 0.1078125 0.06875
0 0.323828125 0.39609375 0.095703125 0.063671875
0 0.234375 0.392578125 0.079296875 0.04140625
0 0.157421875 0.3890625 0.06875 0.05859375
0 0.103125 0.38671875 0.050390625 0.039453125
0 0.90546875 0.56875 0.037890625 0.14765625
1 0.871484375 0.573046875 0.05859375 0.13046875
1 0.828515625 0.573828125 0.063671875 0.142578125
0 0.79296875 0.588671875 0.071875 0.16328125
0 0.73671875 0.591015625 0.071875 0.168359375
1 0.69375 0.6046875 0.066796875 0.141015625
0 0.637109375 0.6109375 0.06171875 0.158203125
1 0.579296875 0.607421875 0.060546875 0.16484375
0 0.5140625 0.6046875 0.066796875 0.169921875
0 0.457421875 0.607421875 0.06484375 0.16484375
0 0.39609375 0.6015625 0.08125 0.152734375
1 0.342578125 0.590234375 0.071875 0.141015625
1 0.2953125 0.57890625 0.06875 0.132421875
1 0.25078125 0.571484375 0.07109375 0.12890625
0 0.21171875 0.5703125 0.078125 0.125390625
1 0.17265625 0.554296875 0.050390625 0.11875
1 0.14296875 0.555859375 0.06796875 0.125390625
0 0.112890625 0.54453125 0.0515625 0.11875
1 0.08984375 0.539453125 0.041015625 0.11875
1 0.07109375 0.528515625 0.041015625 0.09609375
0 0.059765625 0.5171875 0.054296875 0.11328125
1 0.041015625 0.50859375 0.050390625 0.115234375
1 0.022265625 0.502734375 0.041015625 0.11328125