1 0.8891261574074074 0.7949392361111112 0.07745949074074084 0.11102430555555554
1 0.8135040509259259 0.8044270833333333 0.10526041666666677 0.1007118055555555
1 0.7413859953703704 0.8142274305555555 0.08685185185185187 0.08546875000000007
1 0.6689033564814816 0.8099826388888889 0.09498842592592602 0.09657986111111114
0 0.5978327546296296 0.81078125 0.11163194444444446 0.1313020833333333
1 0.532745949074074 0.8204253472222222 0.09848379629629633 0.10914930555555565
0 0.45644675925925926 0.8264149305555556 0.10195601851851847 0.12093750000000014
1 0.39869212962962963 0.8257465277777778 0.10129050925925923 0.12482638888888893
0 0.32730902777777776 0.8370920138888888 0.10533564814814814 0.1296006944444444
0 0.2630758101851852 0.8311024305555555 0.1014525462962963 0.13029513888888894
0 0.20465277777777774 0.8398177083333334 0.10218749999999999 0.12874999999999978
1 0.14465856481481482 0.835685763888889 0.09903356481481483 0.10135416666666677
0 0.07663194444444446 0.8391493055555556 0.11778935185185184 0.1283159722222223
1 0.030520833333333337 0.8416406249999999 0.061041666666666675 0.11203125000000007
0 0.9268547453703704 0.5360677083333334 0.11874421296296304 0.18689236111111107
1 0.8421440972222223 0.5492708333333333 0.13144675925925925 0.16765624999999992
0 0.7491869212962963 0.5509461805555556 0.1340046296296297 0.20128472222222218
1 0.6562413194444444 0.5522309027777779 0.13953703703703688 0.177204861111111
1 0.5702343750000001 0.5564843749999999 0.13234375000000007 0.17157986111111115
0 0.4854195601851852 0.573203125 0.14054976851851855 0.18503472222222223
1 0.4102719907407407 0.5666753472222222 0.13707754629629623 0.17324652777777771
1 0.32333333333333336 0.5760243055555556 0.1428472222222222 0.1835243055555555
1 0.24884837962962963 0.5866579861111111 0.14061921296296295 0.1873784722222222
0 0.17006944444444444 0.5841145833333333 0.1409201388888889 0.1975347222222222
0 0.09337673611111111 0.6033854166666667 0.1199826388888889 0.1759895833333333
0 0.040052083333333335 0.6001128472222221 0.08010416666666667 0.17789930555555564
0 0.9099710648148148 0.1441232638888889 0.16874421296296305 0.18800347222222222
1 0.799074074074074 0.11887152777777779 0.14898148148148138 0.1797569444444444
0 0.6845891203703703 0.1093142361111111 0.143449074074074 0.20383680555555558
1 0.5655613425925926 0.12132812499999998 0.15503472222222214 0.22595486111111113
1 0.4587239583333333 0.13033854166666667 0.15395254629629634 0.21578124999999998
0 0.34736979166666665 0.14686631944444445 0.14779513888888882 0.2187673611111111
0 0.2446903935185185 0.16046875 0.14733796296296298 0.2296875
0 0.12976273148148149 0.17902777777777779 0.15165509259259258 0.21729166666666666