1 0.8192534722222222 0.8128038194444445 0.36149305555555566 0.33174768518518505
0 0.7027083333333334 0.7212702546296296 0.39414930555555544 0.31344907407407413
0 0.5198611111111111 0.6299479166666667 0.4227430555555555 0.34197916666666667
0 0.35730902777777773 0.5385358796296297 0.43930555555555556 0.3281712962962963
0 0.21548611111111113 0.4567997685185185 0.38093750000000004 0.27968171296296307
1 0.1465190972222222 0.3718489583333333 0.27144097222222224 0.2577604166666666
0 0.9090538194444445 0.5808940972222223 0.181892361111111 0.21784143518518526
0 0.8291059027777777 0.4945920138888889 0.3417881944444446 0.2841956018518518
0 0.6781770833333333 0.41524884259259254 0.3865277777777777 0.26493055555555556
0 0.5153819444444444 0.3359346064814815 0.4084027777777777 0.2652546296296296
0 0.39631944444444445 0.23931134259259257 0.3729166666666666 0.2397453703703704
0 0.27053819444444444 0.16718171296296297 0.33192708333333326 0.21337384259259257
0 0.1900954861111111 0.08752604166666667 0.21456597222222223 0.17259837962962962