1 0.90234375 0.746875 0.115234375 0.115234375
0 0.754296875 0.789453125 0.16796875 0.123046875
0 0.5921875 0.86171875 0.18125 0.12734375
0 0.41484375 0.92265625 0.21328125 0.147265625
0 0.204296875 0.963671875 0.204296875 0.07265625
0 0.143359375 0.87734375 0.1 0.163671875
1 0.239453125 0.848828125 0.095703125 0.136328125
0 0.043359375 0.916015625 0.08671875 0.16796875
0 0.324609375 0.813671875 0.08359375 0.147265625
0 0.401171875 0.786328125 0.091015625 0.14296875
1 0.4765625 0.75546875 0.0890625 0.140625
0 0.55 0.741796875 0.08671875 0.14296875
0 0.619140625 0.7234375 0.06796875 0.152734375
1 0.69765625 0.695703125 0.0890625 0.13203125
0 0.759375 0.669140625 0.09765625 0.125390625
1 0.62734375 0.528515625 0.1109375 0.08359375
0 0.5 0.558203125 0.18671875 0.074609375
1 0.351171875 0.603125 0.166015625 0.079296875
1 0.203125 0.646875 0.18125 0.07265625
0 0.57734375 0.401171875 0.095703125 0.08671875
1 0.508203125 0.4265625 0.07265625 0.08671875
0 0.451171875 0.430859375 0.063671875 0.11328125
1 0.4 0.443359375 0.06796875 0.108984375
0 0.33828125 0.456640625 0.059375 0.11328125
0 0.271484375 0.4671875 0.066015625 0.11640625
0 0.208203125 0.4828125 0.076953125 0.123046875
1 0.153125 0.508203125 0.06796875 0.11875
0 0.080859375 0.519140625 0.063671875 0.13203125
1 0.62734375 0.293359375 0.063671875 0.084765625
0 0.589453125 0.304296875 0.076953125 0.076953125
0 0.5375 0.31171875 0.06171875 0.079296875
0 0.48203125 0.325390625 0.079296875 0.076953125
0 0.439453125 0.33515625 0.08671875 0.079296875
0 0.380859375 0.34453125 0.076953125 0.076953125
0 0.3328125 0.35546875 0.08359375 0.093359375
0 0.275390625 0.3703125 0.079296875 0.08125
0 0.216015625 0.374609375 0.095703125 0.07265625
0 0.16484375 0.391796875 0.079296875 0.076953125
0 0.10234375 0.40546875 0.076953125 0.091015625
0 0.03515625 0.419140625 0.0703125 0.106640625
1 0.64453125 0.1875 0.08125 0.063671875
0 0.598828125 0.19453125 0.066015625 0.074609375
0 0.56171875 0.210546875 0.084765625 0.063671875
1 0.51796875 0.224609375 0.079296875 0.06171875
0 0.474609375 0.2328125 0.076953125 0.066015625
1 0.43203125 0.2375 0.08125 0.06171875
1 0.378515625 0.245703125 0.063671875 0.05703125
0 0.33515625 0.254296875 0.074609375 0.066015625
1 0.28203125 0.2671875 0.066015625 0.066015625
0 0.2328125 0.27265625 0.066015625 0.06796875
0 0.18203125 0.2828125 0.06171875 0.07265625
0 0.12734375 0.290625 0.07265625 0.0703125
0 0.069140625 0.298828125 0.0703125 0.0703125
1 0.5375 0.1421875 0.05703125 0.047265625
1 0.498828125 0.151171875 0.052734375 0.047265625
1 0.4625 0.156640625 0.06171875 0.052734375
1 0.419140625 0.16484375 0.050390625 0.044921875
1 0.3765625 0.171484375 0.059375 0.044921875
1 0.336328125 0.1734375 0.059375 0.044921875
1 0.2921875 0.18203125 0.0703125 0.044921875
0 0.246875 0.18515625 0.059375 0.059375
1 0.20234375 0.196875 0.063671875 0.052734375
1 0.156640625 0.208203125 0.0703125 0.047265625
1 0.10546875 0.216015625 0.066015625 0.049609375
1 0.501171875 0.09765625 0.06171875 0.047265625
1 0.469140625 0.10234375 0.052734375 0.047265625
0 0.4265625 0.10546875 0.052734375 0.05703125
0 0.38828125 0.110546875 0.06171875 0.055078125
1 0.35 0.125390625 0.066015625 0.050390625
0 0.1765625 0.146875 0.059375 0.055078125
0 0.133984375 0.154296875 0.055078125 0.049609375
1 0.0921875 0.159375 0.06171875 0.055078125
1 0.03828125 0.163671875 0.055078125 0.063671875