0 0.073828125 0.76875 0.09765625 0.369921875
0 0.19765625 0.711328125 0.14765625 0.298828125
0 0.299609375 0.665625 0.144140625 0.269921875
0 0.412890625 0.607421875 0.15078125 0.28515625
0 0.517578125 0.573046875 0.168359375 0.273828125
0 0.613671875 0.53203125 0.144140625 0.25859375
0 0.7109375 0.501171875 0.15078125 0.255078125
0 0.796484375 0.466796875 0.170703125 0.24765625
0 0.875390625 0.430078125 0.16328125 0.244921875
0 0.939453125 0.390625 0.118359375 0.21875
0 0.044140625 0.469921875 0.08828125 0.25859375
0 0.141015625 0.44140625 0.095703125 0.25
0 0.2359375 0.40390625 0.1 0.24140625
0 0.331640625 0.370703125 0.1 0.223828125
0 0.41875 0.333203125 0.09765625 0.223828125
0 0.505078125 0.31015625 0.1015625 0.194921875
0 0.5890625 0.280078125 0.095703125 0.201171875
0 0.68671875 0.253125 0.11328125 0.175
0 0.7578125 0.22578125 0.094140625 0.186328125
0 0.828515625 0.189453125 0.107421875 0.175
0 0.903515625 0.175 0.095703125 0.17265625
0 0.950390625 0.13671875 0.09921875 0.155078125