0 0.058203125 0.1671875 0.08125 0.294140625
1 0.141015625 0.1671875 0.06875 0.283984375
0 0.219921875 0.1828125 0.085546875 0.26796875
0 0.295703125 0.180078125 0.077734375 0.283984375
1 0.374609375 0.183984375 0.07109375 0.2921875
0 0.4484375 0.18515625 0.0765625 0.283984375
0 0.533203125 0.187109375 0.072265625 0.2859375
0 0.608203125 0.1828125 0.077734375 0.273828125
0 0.687890625 0.187890625 0.077734375 0.278125
0 0.7671875 0.1921875 0.080078125 0.28203125
0 0.8484375 0.187109375 0.080078125 0.266015625
0 0.93046875 0.18515625 0.080078125 0.273828125
0 0.946484375 0.825 0.085546875 0.28984375
0 0.85625 0.816015625 0.08671875 0.28203125
0 0.7765625 0.8109375 0.08125 0.276171875
0 0.69453125 0.8078125 0.0890625 0.28203125
0 0.616796875 0.80390625 0.085546875 0.283984375
1 0.534375 0.8 0.08125 0.2859375
0 0.45546875 0.801171875 0.0734375 0.278125
0 0.376171875 0.803125 0.08203125 0.2921875
0 0.29765625 0.796875 0.08203125 0.2921875
0 0.216796875 0.7890625 0.091015625 0.28203125
0 0.137890625 0.780078125 0.077734375 0.28984375
0 0.05234375 0.7828125 0.075390625 0.273828125