1 0.16313368055555558 0.16028645833333333 0.12105902777777774 0.1098611111111111
1 0.06931423611111112 0.1752951388888889 0.10977430555555556 0.1015625
0 0.08429687500000001 0.26089409722222223 0.11449652777777777 0.10255208333333332
1 0.18164930555555556 0.24565104166666668 0.11272569444444444 0.09779513888888891
1 0.099609375 0.3390711805555556 0.1143923611111111 0.10020833333333332
1 0.19234374999999998 0.3220572916666667 0.12309027777777777 0.10293402777777771
0 0.11408854166666667 0.4183854166666666 0.10697916666666667 0.09130208333333338
1 0.20810763888888886 0.4076909722222222 0.11935763888888891 0.10666666666666665
1 0.12631944444444446 0.5042534722222223 0.11092013888888888 0.0922569444444445
1 0.22532118055555556 0.4871267361111111 0.12197916666666667 0.11302083333333339
0 0.14677083333333335 0.5900954861111111 0.11644097222222224 0.11121527777777782
1 0.24147569444444444 0.5727777777777778 0.11619791666666668 0.10574652777777782
1 0.1600434027777778 0.670138888888889 0.11776041666666667 0.10581597222222214
0 0.2548003472222222 0.6516493055555556 0.1080034722222222 0.0968055555555555
0 0.17283854166666668 0.7521180555555554 0.11527777777777777 0.10258680555555558
0 0.2694444444444445 0.7360590277777778 0.11328125 0.11029513888888882
1 0.19377604166666665 0.862248263888889 0.12166666666666667 0.1410763888888888
1 0.2891319444444444 0.8390885416666667 0.12737847222222226 0.14678819444444463
1 0.2190190972222222 0.9564670138888889 0.12067708333333335 0.08706597222222215
1 0.3097395833333333 0.9475086805555556 0.12399305555555555 0.10498263888888885
0 0.5348090277777777 0.9282118055555555 0.12894097222222226 0.14357638888888893
1 0.6351302083333333 0.9182638888888889 0.13125 0.1461805555555557
0 0.607421875 0.7843489583333334 0.12809027777777776 0.14526041666666673
0 0.5115798611111111 0.8008333333333333 0.12105902777777774 0.14494791666666665
0 0.5854427083333333 0.6800434027777778 0.11972222222222229 0.09732638888888889
1 0.49100694444444437 0.7001128472222222 0.11045138888888886 0.09925347222222207
1 0.5699826388888889 0.5963802083333333 0.11748263888888885 0.09956597222222215
0 0.4744791666666666 0.6140538194444444 0.11527777777777785 0.10258680555555558
0 0.5552170138888889 0.5147048611111111 0.11619791666666668 0.10574652777777782
1 0.4619270833333333 0.5266059027777777 0.11328125 0.11029513888888882
0 0.5395746527777778 0.42633680555555553 0.11598958333333335 0.10105902777777782
0 0.4466059027777778 0.43981770833333333 0.10520833333333339 0.08654513888888893
0 0.5219184027777779 0.34805555555555556 0.11272569444444436 0.09779513888888891
0 0.4305295138888889 0.36121527777777784 0.11340277777777778 0.09548611111111108
1 0.5089930555555556 0.2601996527777778 0.11588541666666678 0.09871527777777782
0 0.41357638888888887 0.2759201388888889 0.11340277777777778 0.09548611111111108
1 0.4940017361111111 0.18360243055555556 0.11755208333333336 0.10112847222222224
1 0.4002517361111112 0.1970486111111111 0.11395833333333338 0.10798611111111107
1 0.48087673611111115 0.09143229166666667 0.11826388888888886 0.09960069444444444
1 0.38238715277777774 0.10584201388888888 0.11303819444444443 0.10482638888888891
1 0.6828732638888889 0.07301215277777777 0.12175347222222221 0.09039930555555556
0 0.7788975694444444 0.06123263888888889 0.11564236111111122 0.05815972222222221
1 0.796467013888889 0.12385416666666667 0.10817708333333335 0.10071180555555555
1 0.7022482638888888 0.1478472222222222 0.10921875000000014 0.0890625
1 0.8144878472222222 0.21154513888888887 0.10800347222222229 0.09680555555555559
1 0.715625 0.22554687499999998 0.1188194444444445 0.11210069444444448
1 0.8310243055555556 0.28860243055555557 0.1178993055555555 0.10894097222222224
1 0.7333072916666666 0.3120486111111111 0.12418402777777775 0.10999999999999996
0 0.84765625 0.3723177083333333 0.11045138888888886 0.09925347222222225
1 0.7499652777777778 0.3863715277777778 0.12241319444444443 0.10524305555555565
1 0.8636111111111111 0.45365451388888883 0.11293402777777786 0.102482638888889
0 0.7662586805555556 0.46889756944444444 0.12126736111111107 0.11454861111111114
0 0.8798611111111111 0.5459635416666667 0.11463541666666685 0.10567708333333332
1 0.7827951388888889 0.5635677083333334 0.11463541666666668 0.10567708333333332
1 0.8922309027777778 0.6287065972222223 0.11361111111111129 0.10017361111111107
1 0.909982638888889 0.7136458333333333 0.11267361111111107 0.11416666666666657
1 0.9164756944444445 0.7965190972222222 0.10447916666666686 0.10522569444444443
1 0.9229340277777777 0.8801736111111111 0.08447916666666658 0.11135416666666664
0 0.7924045138888889 0.63796875 0.11293402777777786 0.102482638888889
0 0.8120052083333332 0.7253385416666667 0.11527777777777785 0.10258680555555558
0 0.8258854166666667 0.8093229166666667 0.11303819444444443 0.10482638888888891
1 0.8428819444444444 0.9024479166666666 0.11722222222222207 0.11124999999999971