1 0.256640625 0.0875 0.100390625 0.083984375
1 0.16171875 0.08515625 0.08984375 0.078515625
0 0.1609375 0.171875 0.09453125 0.078515625
1 0.259375 0.174609375 0.09453125 0.073828125
1 0.16171875 0.2515625 0.095703125 0.07578125
1 0.255859375 0.2515625 0.1046875 0.07578125
0 0.16171875 0.33203125 0.08984375 0.06796875
1 0.255859375 0.338671875 0.098828125 0.08125
1 0.1578125 0.41875 0.09453125 0.06796875
1 0.258203125 0.419921875 0.100390625 0.087109375
0 0.1625 0.506640625 0.09453125 0.087109375
1 0.25859375 0.506640625 0.095703125 0.08125
1 0.1609375 0.587890625 0.097265625 0.08125
0 0.257421875 0.58671875 0.08984375 0.073828125
0 0.15859375 0.670703125 0.095703125 0.078515625
0 0.256640625 0.672265625 0.09140625 0.087109375
1 0.159375 0.782421875 0.09140625 0.118359375
1 0.257421875 0.776953125 0.095703125 0.123046875
1 0.1609375 0.90703125 0.09140625 0.12109375
1 0.25390625 0.905859375 0.09453125 0.118359375
0 0.48203125 0.9109375 0.097265625 0.123046875
1 0.5828125 0.917578125 0.100390625 0.12109375
0 0.5796875 0.780859375 0.097265625 0.12109375
0 0.4828125 0.7796875 0.08984375 0.123046875
0 0.57734375 0.674609375 0.101953125 0.07109375
1 0.480859375 0.67734375 0.09140625 0.07578125
1 0.57734375 0.589453125 0.098828125 0.073828125
0 0.480078125 0.589453125 0.095703125 0.078515625
0 0.57734375 0.506640625 0.095703125 0.08125
1 0.48359375 0.5015625 0.09140625 0.087109375
0 0.578125 0.4171875 0.097265625 0.07578125
0 0.484375 0.41328125 0.08984375 0.06328125
0 0.575 0.337109375 0.09453125 0.073828125
0 0.4828125 0.333203125 0.095703125 0.07109375
1 0.578125 0.248046875 0.097265625 0.073828125
0 0.481640625 0.246484375 0.095703125 0.07109375
1 0.57734375 0.1703125 0.098828125 0.07578125
1 0.4828125 0.16640625 0.09296875 0.083984375
1 0.58125 0.07734375 0.100390625 0.073828125
1 0.481640625 0.0734375 0.09296875 0.08125
1 0.7875 0.078515625 0.097265625 0.10234375
0 0.88515625 0.078515625 0.097265625 0.08125
1 0.88515625 0.16640625 0.088671875 0.078515625
1 0.78828125 0.173046875 0.09296875 0.065234375
1 0.887109375 0.255859375 0.08984375 0.073828125
1 0.7875 0.2515625 0.097265625 0.087109375
1 0.889453125 0.334375 0.097265625 0.083984375
1 0.7890625 0.33984375 0.103125 0.083984375
0 0.890625 0.419921875 0.09140625 0.07578125
1 0.7921875 0.416015625 0.103125 0.078515625
1 0.89140625 0.502734375 0.09296875 0.078515625
0 0.79296875 0.5 0.098828125 0.0890625
0 0.890625 0.59609375 0.09453125 0.08125
1 0.7921875 0.59609375 0.09453125 0.08125
1 0.887890625 0.6796875 0.09453125 0.07578125
1 0.88984375 0.76640625 0.08984375 0.091796875
1 0.887890625 0.850390625 0.097265625 0.08125
1 0.8921875 0.937109375 0.103125 0.087109375
0 0.78828125 0.670703125 0.09296875 0.078515625
0 0.79140625 0.76015625 0.095703125 0.078515625
0 0.78984375 0.8453125 0.09296875 0.08125
1 0.78984375 0.93984375 0.095703125 0.087109375