1 0.35728587962962965 0.9513368055555557 0.11509837962962965 0.09732638888888871
1 0.26426504629629627 0.9579774305555556 0.1030555555555555 0.08404513888888872
0 0.24848090277777776 0.8762326388888889 0.10774305555555552 0.09364583333333343
1 0.34497685185185184 0.8657118055555555 0.10754050925925931 0.08973958333333343
1 0.23538483796296297 0.7965364583333333 0.1084027777777778 0.0913368055555555
1 0.3281365740740741 0.7889670138888889 0.1178587962962963 0.09331597222222214
0 0.22146701388888887 0.7160243055555556 0.10170717592592593 0.08246527777777786
1 0.31311342592592595 0.7021701388888889 0.11263310185185187 0.09776041666666657
1 0.202578125 0.6298350694444445 0.10643518518518516 0.083454861111111
1 0.30149884259259263 0.6209809027777778 0.11526041666666664 0.1033333333333335
0 0.19177083333333333 0.5416666666666667 0.1097511574074074 0.10230902777777776
1 0.2868663194444444 0.5342013888888889 0.10946759259259267 0.09684027777777793
1 0.17627025462962964 0.4606944444444444 0.11103009259259262 0.09690972222222224
0 0.2718171296296296 0.4544184027777778 0.10281250000000001 0.08874999999999993
0 0.15953703703703703 0.37849826388888885 0.10934606481481479 0.09449652777777776
0 0.25609374999999995 0.36914930555555553 0.10662615740740744 0.10217013888888893
1 0.1408940972222222 0.26698784722222224 0.11215277777777777 0.13359375
1 0.2385966435185185 0.26470486111111113 0.11708333333333334 0.13848958333333333
1 0.12080150462962964 0.1425520833333333 0.11227430555555555 0.1359375
1 0.21285300925925926 0.13651041666666666 0.11527777777777777 0.13373263888888887
0 0.43691261574074075 0.1133420138888889 0.11864583333333326 0.1385590277777778
1 0.5351591435185185 0.09900173611111111 0.12094907407407404 0.13788194444444443
0 0.5558796296296296 0.235546875 0.11778356481481485 0.13696180555555557
0 0.460474537037037 0.24455729166666665 0.11079282407407405 0.13743055555555553
0 0.5719155092592592 0.34187500000000004 0.11445023148148152 0.08770833333333332
1 0.47628761574074074 0.34658854166666664 0.10449652777777771 0.09116319444444443
1 0.5868576388888889 0.427109375 0.11144675925925931 0.08991319444444446
0 0.49059027777777775 0.43452256944444445 0.10934606481481488 0.09449652777777776
0 0.6008767361111111 0.5095746527777778 0.10946759259259267 0.09684027777777775
1 0.5095399305555556 0.5218836805555556 0.10662615740740744 0.10217013888888893
0 0.617193287037037 0.5987673611111111 0.10996527777777772 0.09140625
0 0.5254050925925926 0.6098871527777778 0.10068287037037038 0.0777430555555556
0 0.6279658564814815 0.67875 0.10754050925925931 0.08973958333333343
0 0.5377401620370371 0.6899392361111112 0.10815972222222214 0.0866493055555555
1 0.6466059027777777 0.7676562499999999 0.1098842592592593 0.08984375
0 0.5515914351851852 0.7766840277777778 0.10815972222222214 0.0866493055555555
1 0.6592100694444445 0.8453819444444445 0.1115682870370371 0.0922569444444445
1 0.566640625 0.8564670138888889 0.10724537037037045 0.099079861111111
1 0.6792042824074074 0.9378559027777778 0.11300925925925931 0.089982638888889
1 0.5815972222222221 0.9494965277777776 0.10712384259259267 0.096736111111111
1 0.8825144675925927 0.9203906249999999 0.11524884259259238 0.11814236111111143
0 0.9616333912037037 0.9129774305555557 0.07673321759259259 0.09690972222222242
1 0.9562803819444443 0.8250086805555554 0.08743923611111129 0.09340277777777777
1 0.8671064814814814 0.826171875 0.10392939814814817 0.08022569444444443
1 0.9493547453703703 0.7359375 0.10129050925925931 0.08874999999999993
1 0.8525289351851851 0.7479687500000001 0.11213541666666664 0.1031944444444445
1 0.9386226851851852 0.6570920138888889 0.11197337962962947 0.1000694444444445
1 0.8385966435185186 0.6596614583333333 0.11748263888888885 0.10109375000000007
0 0.9252430555555555 0.5719270833333333 0.10449652777777771 0.09116319444444443
1 0.8287876157407407 0.5832291666666667 0.116417824074074 0.09559027777777765
1 0.9115943287037037 0.48908854166666665 0.1061805555555555 0.09357638888888893
0 0.8147077546296296 0.49959201388888896 0.11381944444444443 0.105607638888889
0 0.8946846064814814 0.3959722222222222 0.10868634259259266 0.0968055555555555
1 0.797265625 0.4037239583333333 0.10868634259259266 0.0968055555555555
1 0.8775000000000001 0.3125868055555555 0.10762152777777771 0.09130208333333326
1 0.8640393518518519 0.22585937500000003 0.10530671296296283 0.10678819444444443
1 0.8476359953703703 0.14250868055555554 0.11103009259259267 0.09690972222222224
1 0.8373090277777777 0.07111979166666667 0.11680555555555552 0.07300347222222223
0 0.780546875 0.32932291666666663 0.10618055555555568 0.09357638888888893
0 0.7681163194444445 0.23991319444444445 0.10934606481481488 0.09449652777777776
0 0.7520225694444445 0.1550173611111111 0.10712384259259249 0.09673611111111109
1 0.7359895833333333 0.07129340277777778 0.10947916666666657 0.08203125