0 0.9046990740740741 0.7607060185185185 0.10899884259259274 0.30229166666666674
1 0.8217245370370371 0.7683478009259259 0.09585069444444443 0.2906134259259261
0 0.7431915509259259 0.76015625 0.1105960648148148 0.2766956018518517
0 0.6670862268518519 0.7701157407407407 0.10449074074074076 0.29190393518518504
1 0.5882494212962963 0.7736197916666667 0.09870370370370374 0.29934606481481474
0 0.5143287037037038 0.7795572916666667 0.10370949074074076 0.2918576388888889
0 0.4295167824074074 0.7853616898148148 0.09911458333333342 0.2931423611111111
0 0.3544907407407407 0.7968142361111111 0.10388888888888888 0.28174768518518506
0 0.27455150462962963 0.7992158564814815 0.10412037037037036 0.28565393518518506
0 0.1953472222222222 0.8023524305555556 0.10669560185185185 0.289699074074074
0 0.11361111111111111 0.8153703703703703 0.1049884259259259 0.2740277777777777
0 0.04240451388888889 0.8248958333333334 0.08480902777777778 0.281886574074074
0 0.043625578703703705 0.18757233796296297 0.08725115740740741 0.2982928240740741
0 0.12116898148148147 0.18861400462962963 0.11377314814814814 0.29089699074074077
0 0.2011082175925926 0.18621238425925926 0.10715277777777779 0.2842766203703704
0 0.2831163194444445 0.18174189814814815 0.1161168981481481 0.2910358796296296
0 0.36078124999999994 0.17830729166666665 0.11230324074074076 0.29236689814814815
1 0.4431336805555556 0.1745949074074074 0.10848958333333325 0.29369791666666667
0 0.5222945601851852 0.16562210648148148 0.09943287037037045 0.2853761574074074
0 0.6018692129629629 0.1562355324074074 0.10964120370370374 0.29999421296296297
0 0.6801765046296296 0.15509837962962963 0.10964120370370374 0.29999421296296297
0 0.7611255787037038 0.15536168981481482 0.1176793981481481 0.29112847222222227
0 0.8396614583333333 0.15693576388888889 0.10481481481481474 0.29737268518518517
0 0.9255555555555557 0.14600694444444445 0.10154513888888914 0.28160879629629626