1 0.801741898148148 0.764699074074074 0.3305555555555556 0.2953530092592594
0 0.678515625 0.6907233796296296 0.3657754629629629 0.2714004629629631
0 0.49093749999999997 0.6260387731481482 0.3915162037037037 0.2965856481481481
0 0.3233622685185185 0.558767361111111 0.4112962962962963 0.278767361111111
0 0.17796875 0.4982957175925926 0.3559375 0.23697337962962967
1 0.1126273148148148 0.42352430555555554 0.2252546296296296 0.23142361111111107
0 0.8915364583333334 0.5164814814814814 0.19248263888888886 0.19591435185185196
0 0.8104976851851852 0.4428182870370371 0.3602083333333333 0.24167824074074074
0 0.6339351851851852 0.3887644675925926 0.3658101851851853 0.21984953703703702
0 0.46716145833333333 0.3340017361111111 0.38991319444444444 0.21612268518518524
0 0.34252314814814816 0.2549363425925926 0.3564756944444444 0.19478587962962962
0 0.21245659722222224 0.20083622685185185 0.3167881944444444 0.17340277777777774
0 0.12709780092592593 0.1279224537037037 0.19695601851851854 0.16236111111111112