1 0.126953125 0.55859375 0.14765625 0.216796875
0 0.15625 0.86328125 0.1828125 0.26015625
0 0.337890625 0.867578125 0.126953125 0.264453125
1 0.2828125 0.5890625 0.10625 0.283984375
0 0.484765625 0.87421875 0.12578125 0.2515625
0 0.41640625 0.57578125 0.101171875 0.247265625
0 0.541015625 0.587890625 0.081640625 0.234375
1 0.65078125 0.864453125 0.14140625 0.27109375
1 0.643359375 0.605078125 0.103515625 0.230078125
0 0.759765625 0.858984375 0.1390625 0.266796875
0 0.741015625 0.60078125 0.1046875 0.238671875
0 0.851171875 0.58984375 0.09765625 0.238671875
0 0.93671875 0.596484375 0.0890625 0.230078125
1 0.86875 0.855859375 0.1328125 0.264453125
1 0.932421875 0.842578125 0.126953125 0.308203125
0 0.090234375 0.22578125 0.1 0.2125
0 0.217578125 0.2375 0.1171875 0.20390625
0 0.32265625 0.25390625 0.1046875 0.1734375
0 0.41875 0.261328125 0.09765625 0.1734375
1 0.512890625 0.2796875 0.092578125 0.151953125
0 0.5953125 0.27890625 0.096484375 0.160546875
0 0.681640625 0.297265625 0.076953125 0.160546875
1 0.748828125 0.3125 0.078125 0.160546875
0 0.818359375 0.31796875 0.1 0.1453125
1 0.8796875 0.31328125 0.092578125 0.13671875
0 0.946875 0.322265625 0.1 0.12578125
1 0.1421875 0.0921875 0.237890625 0.09765625
1 0.384765625 0.1453125 0.212109375 0.110546875
1 0.581640625 0.180078125 0.1546875 0.0671875
1 0.7453125 0.210546875 0.1453125 0.034765625
1 0.543359375 0.04765625 0.071875 0.08671875
1 0.6046875 0.057421875 0.085546875 0.11484375
1 0.668359375 0.0671875 0.0890625 0.121484375
1 0.725 0.079296875 0.083984375 0.123828125
1 0.893359375 0.23203125 0.146484375 0.062890625
1 0.78046875 0.084765625 0.09140625 0.128125