0 0.047858796296296295 0.7028472222222222 0.09571759259259259 0.38649305555555563
0 0.14638310185185185 0.6570486111111112 0.19921875 0.32751736111111107
0 0.25496238425925927 0.6194328703703704 0.1911168981481482 0.29819444444444443
0 0.3768229166666667 0.5705063657407408 0.20028935185185182 0.31432870370370375
0 0.48614004629629626 0.5445399305555556 0.2155960648148149 0.3066608796296296
0 0.5879195601851851 0.5116145833333333 0.18912037037037024 0.2863831018518518
0 0.6889467592592593 0.4884780092592592 0.19528356481481488 0.28440972222222227
0 0.779224537037037 0.46091145833333336 0.2130787037037038 0.280787037037037
0 0.8637586805555555 0.4305671296296296 0.20593171296296298 0.2772453703703704
0 0.9215277777777778 0.3967418981481482 0.13206018518518547 0.24012731481481486
0 0.05199652777777778 0.4028703703703703 0.10399305555555556 0.2755092592592593
0 0.13820891203703706 0.3831365740740741 0.13935185185185187 0.2686226851851853
0 0.23832465277777776 0.35303819444444445 0.1421875 0.2609953703703704
0 0.3382667824074074 0.32762731481481483 0.13920717592592585 0.2436689814814815
0 0.4305989583333334 0.2972106481481481 0.13683449074074078 0.2427488425925926
0 0.5200520833333333 0.28138599537037035 0.13501157407407405 0.21457754629629627
0 0.6078414351851851 0.25786458333333334 0.13052662037037024 0.21976851851851853
0 0.7087094907407407 0.23902488425925927 0.1437210648148149 0.19716435185185183
0 0.7835648148148148 0.2174392361111111 0.12685185185185172 0.20473958333333328
0 0.8595341435185185 0.18682291666666667 0.13744212962962976 0.19601273148148152
0 0.9338975694444445 0.17851851851851852 0.1216724537037038 0.19118055555555555
0 0.9608362268518519 0.14574074074074075 0.06947337962962977 0.17093750000000002