1 0.853515625 0.7171875 0.292578125 0.259375
0 0.719921875 0.659765625 0.33203125 0.2296875
0 0.52421875 0.6203125 0.354296875 0.252734375
0 0.348046875 0.575390625 0.377734375 0.231640625
0 0.19375 0.534375 0.3296875 0.1953125
1 0.108203125 0.4703125 0.216015625 0.2046875
0 0.910546875 0.459765625 0.17890625 0.17421875
0 0.813671875 0.39765625 0.33203125 0.2
0 0.630078125 0.3671875 0.340625 0.176953125
0 0.45625 0.334375 0.365625 0.1703125
0 0.32109375 0.272265625 0.334375 0.152734375
0 0.183984375 0.2359375 0.29765625 0.1359375
0 0.08828125 0.174609375 0.1765625 0.140625