1 0.8893171296296296 0.6734432870370369 0.19520833333333343 0.24989583333333343
0 0.8209780092592593 0.9063483796296297 0.23674768518518513 0.18730324074074076
0 0.6410329861111111 0.8893344907407407 0.18413773148148155 0.2213310185185186
1 0.730865162037037 0.6667795138888889 0.1693807870370371 0.30755787037037036
0 0.49500578703703707 0.8788252314814814 0.1808796296296297 0.24234953703703715
0 0.5996846064814815 0.6227893518518519 0.15571759259259252 0.2693634259259259
0 0.4745688657407407 0.6056394675925926 0.13381365740740742 0.25248842592592596
1 0.3314641203703704 0.8493301504629629 0.20182870370370373 0.3013396990740741
1 0.3706221064814815 0.5987008101851852 0.1548668981481481 0.25295717592592587
0 0.22395833333333334 0.8193807870370371 0.19846064814814818 0.29759837962962965
0 0.2742158564814815 0.5719589120370371 0.15765625000000005 0.2616898148148149
0 0.166015625 0.5355613425925926 0.15058449074074076 0.2604918981481482
0 0.08510127314814815 0.5221990740740741 0.12896412037037036 0.24908564814814813
1 0.12241319444444446 0.791166087962963 0.17798611111111112 0.293269675925926
1 0.09146990740740742 0.7651880787037036 0.12079861111111109 0.33193865740740736
0 0.9466579861111111 0.3565914351851852 0.10668402777777786 0.23346064814814813
0 0.8388975694444444 0.3394444444444444 0.16224537037037043 0.2300289351851852
0 0.7325260416666667 0.33080439814814816 0.14339699074074072 0.19697916666666676
0 0.6359461805555556 0.3157349537037037 0.13628472222222215 0.19499999999999992
1 0.5399537037037037 0.31199363425925924 0.12577546296296305 0.17256944444444447
0 0.4583043981481481 0.2919675925925926 0.13173032407407415 0.18226851851851852
0 0.3701851851851852 0.2898611111111111 0.11277777777777782 0.17725115740740732
1 0.30161747685185186 0.28930266203703703 0.11359953703703703 0.17807870370370366
0 0.23174189814814813 0.27854166666666663 0.13174189814814818 0.1674710648148148
1 0.171556712962963 0.25939814814814816 0.12266203703703704 0.15758680555555554
0 0.10344618055555554 0.2526359953703704 0.1276446759259259 0.1485358796296296
1 0.9008072916666666 0.21339699074074076 0.1983854166666667 0.14953703703703702
1 0.6838512731481481 0.210703125 0.23565972222222237 0.15883101851851852
1 0.48385127314814813 0.19885127314814813 0.16888310185185187 0.10269097222222223
1 0.31752604166666665 0.19055266203703702 0.15229745370370368 0.06821759259259261
1 0.5384085648148148 0.07941550925925925 0.09087962962962966 0.10040509259259259
1 0.4766840277777778 0.0831568287037037 0.10961805555555557 0.1163136574074074
1 0.411880787037037 0.08009548611111111 0.11438657407407402 0.11815393518518517
1 0.35414930555555557 0.07823206018518518 0.10986111111111115 0.12100115740740743
1 0.16769386574074074 0.1773900462962963 0.160005787037037 0.09671296296296301
1 0.2982494212962963 0.07414062499999999 0.11837384259259257 0.11994791666666667