1 0.0034374999999999987 0.6380815972222222 0.006874999999999997 0.10897569444444458
1 0.04331163194444444 0.6769357638888889 0.08662326388888889 0.09953703703703702
1 0.09785590277777777 0.7150839120370371 0.08401041666666667 0.0844560185185184
1 0.16641493055555556 0.7410792824074074 0.09230902777777779 0.09585648148148138
0 0.23128472222222224 0.7707725694444444 0.10630208333333331 0.13019097222222217
1 0.2868923611111111 0.8061834490740741 0.09439236111111109 0.10766782407407405
0 0.3549652777777778 0.8431163194444444 0.09729166666666664 0.12030671296296305
1 0.4080034722222223 0.8658420138888889 0.09590277777777775 0.12412037037037038
0 0.4689236111111111 0.9050925925925928 0.10001736111111122 0.12903935185185206
0 0.5306423611111111 0.9263744212962963 0.09614583333333329 0.12958912037037038
0 0.5805468749999999 0.9469429976851853 0.09685763888888879 0.10611400462962947
1 0.637578125 0.9644762731481482 0.09560763888888886 0.07104745370370366
0 0.6990798611111111 0.9727141203703702 0.11204861111111111 0.05457175925925952
1 0.764296875 0.9926736111111112 0.10810763888888886 0.014652777777777714
0 0.05343315972222222 0.3875491898148148 0.10686631944444444 0.18755208333333329
1 0.12234375000000001 0.4372858796296296 0.12508680555555554 0.1671469907407408
0 0.2071440972222222 0.4767766203703704 0.12505208333333337 0.20142939814814814
1 0.29233506944444443 0.5162905092592592 0.13253472222222218 0.17693865740740744
1 0.3697309027777778 0.5549508101851852 0.1260416666666666 0.17109953703703695
0 0.4403559027777778 0.6049594907407407 0.1328819444444445 0.18475115740740727
1 0.5120920138888889 0.6299681712962963 0.13076388888888885 0.17215856481481479
1 0.5880902777777778 0.6736371527777778 0.1359375 0.1833738425925926
1 0.6517274305555556 0.7134403935185185 0.13376736111111107 0.1871412037037036
0 0.7255815972222222 0.743666087962963 0.13265624999999998 0.1972048611111113
0 0.7876475694444445 0.7923842592592593 0.11303819444444443 0.1765625
0 0.8638281250000001 0.8231394675925927 0.1302604166666665 0.17836226851851852
0 0.23828993055555556 0.07561053240740741 0.15935763888888888 0.13177662037037038
1 0.3517013888888889 0.08820601851851852 0.14034722222222218 0.14233796296296297
0 0.4624305555555555 0.1170920138888889 0.13451388888888896 0.18640625000000002
1 0.5666666666666667 0.16870081018518518 0.14562500000000006 0.22602430555555558
1 0.6611024305555555 0.22051215277777775 0.14517361111111118 0.21586805555555558
0 0.7559548611111111 0.28057291666666667 0.13828125 0.21857638888888892
0 0.8448003472222222 0.3347945601851852 0.1380208333333332 0.2302488425925926
0 0.9301388888888888 0.3974247685185185 0.1186805555555555 0.21585648148148148