0 0.074609375 0.167578125 0.11640625 0.21328125
0 0.1953125 0.166796875 0.10546875 0.215234375
0 0.310546875 0.1859375 0.109765625 0.211328125
0 0.435546875 0.203515625 0.11796875 0.219140625
0 0.56171875 0.216015625 0.10546875 0.232421875
0 0.67890625 0.24609375 0.1109375 0.215234375
0 0.79921875 0.264453125 0.104296875 0.232421875
0 0.925390625 0.264453125 0.1015625 0.2265625
0 0.89375 0.7453125 0.13984375 0.284765625
0 0.7640625 0.72578125 0.15234375 0.23828125
0 0.610546875 0.698828125 0.137109375 0.248046875
0 0.491015625 0.694921875 0.133203125 0.26171875
0 0.35546875 0.6609375 0.138671875 0.244140625
0 0.22421875 0.662890625 0.144140625 0.244140625
0 0.087109375 0.623046875 0.148046875 0.259765625