0 0.8477488425925926 0.09815393518518518 0.16700231481481476 0.19630787037037037
0 0.7287181712962962 0.11032118055555555 0.15818865740740745 0.2206423611111111
0 0.616958912037037 0.14619212962962963 0.16195601851851862 0.2303240740740741
0 0.49499710648148143 0.188978587962963 0.1718865740740741 0.23983796296296295
0 0.3713368055555556 0.22749710648148147 0.1623784722222222 0.250625
0 0.25890625 0.28067997685185186 0.16379629629629627 0.23503472222222221
0 0.14202256944444444 0.3233912037037037 0.16159722222222223 0.25061342592592595
0 0.04751446759259259 0.34880497685185186 0.09502893518518518 0.24301504629629633
0 0.11179976851851851 0.8136429398148148 0.20955439814814816 0.3090856481481481
0 0.23824363425925926 0.7676678240740741 0.21091435185185184 0.2661747685185185
0 0.3868431712962963 0.7100462962962963 0.19800347222222223 0.2722280092592591
0 0.5052372685185185 0.6813628472222222 0.19718171296296294 0.28470486111111126
0 0.6352951388888889 0.6205034722222222 0.19859953703703698 0.2691145833333334
0 0.7659577546296297 0.595541087962963 0.20411458333333332 0.2699768518518518
0 0.8835185185185186 0.5282320601851852 0.18555555555555542 0.2860937499999999