0 0.9561516203703704 0.7035011574074075 0.08769675925925924 0.2708333333333332
1 0.8681105324074074 0.7158998842592593 0.15190972222222215 0.26892361111111107
0 0.7489988425925926 0.7109809027777778 0.1417650462962964 0.2697337962962962
0 0.6349768518518518 0.7080005787037036 0.14348958333333323 0.29172453703703705
0 0.5139930555555556 0.7138744212962963 0.1936284722222222 0.31417824074074063
0 0.40902777777777777 0.7213252314814815 0.18109374999999997 0.3085648148148149
0 0.2864467592592593 0.7223958333333333 0.19271990740740738 0.29693287037037025
0 0.17974247685185185 0.7059027777777779 0.19189236111111113 0.290625
0 0.06626157407407408 0.45973668981481486 0.12731481481481483 0.21634837962962972
1 0.18423032407407408 0.46847511574074074 0.14381365740740742 0.23006365740740745
0 0.28249131944444444 0.45193865740740746 0.13513310185185184 0.21770833333333325
0 0.3843489583333334 0.44660011574074077 0.12112268518518512 0.2236979166666666
0 0.47723958333333333 0.4429398148148148 0.13375000000000004 0.24181134259259257
0 0.599837962962963 0.444212962962963 0.1453414351851851 0.2254918981481481
0 0.6928298611111112 0.454224537037037 0.12432291666666657 0.23408564814814808
0 0.8002951388888888 0.46804108796296295 0.13450231481481473 0.237962962962963
1 0.9001273148148148 0.45279224537037044 0.1595370370370368 0.24450231481481483
0 0.8145833333333334 0.23602430555555554 0.1757118055555555 0.10905671296296296
0 0.6357204861111111 0.22863136574074075 0.16789351851851855 0.10769675925925926
0 0.4565740740740741 0.23566261574074074 0.18435185185185182 0.11594328703703702
0 0.27934317129629627 0.2377604166666667 0.18746527777777774 0.11461226851851851
0 0.09591435185185185 0.24642650462962962 0.18905092592592593 0.11785300925925926