0 0.96875 0.710546875 0.0625 0.153125
0 0.915625 0.721484375 0.11328125 0.169921875
0 0.852734375 0.7359375 0.11484375 0.153125
0 0.79453125 0.751953125 0.11015625 0.167578125
1 0.728125 0.758203125 0.11171875 0.155078125
0 0.666796875 0.777734375 0.10703125 0.171875
1 0.601171875 0.794921875 0.09453125 0.159375
1 0.54140625 0.815234375 0.10234375 0.173828125
0 0.475390625 0.834765625 0.10078125 0.176953125
1 0.413671875 0.848046875 0.0765625 0.159375
0 0.3421875 0.860546875 0.10859375 0.163671875
0 0.251171875 0.861328125 0.09609375 0.191796875
0 0.189453125 0.815234375 0.1390625 0.165625
0 0.151171875 0.751953125 0.1328125 0.146875
1 0.12578125 0.687109375 0.11015625 0.11875
0 0.107421875 0.6296875 0.1375 0.101953125
1 0.076171875 0.577734375 0.12578125 0.095703125
0 0.05390625 0.521484375 0.1078125 0.098046875
1 0.6875 0.515234375 0.078125 0.101953125
1 0.632421875 0.49375 0.0765625 0.128125
1 0.5828125 0.4734375 0.0609375 0.126171875
1 0.53515625 0.461328125 0.0703125 0.11875
1 0.484765625 0.441796875 0.0625 0.1125
1 0.4328125 0.422265625 0.0640625 0.116796875
1 0.38671875 0.412890625 0.0671875 0.09375
1 0.50546875 0.569140625 0.0625 0.116796875
0 0.444921875 0.551953125 0.071875 0.126171875
1 0.398828125 0.5296875 0.078125 0.114453125
0 0.336328125 0.516015625 0.08125 0.104296875
1 0.301171875 0.492578125 0.084375 0.108203125
0 0.252734375 0.477734375 0.0796875 0.104296875
0 0.34296875 0.387109375 0.075 0.101953125
0 0.298046875 0.372265625 0.078125 0.09375
0 0.151171875 0.325390625 0.0875 0.09375
0 0.196875 0.339453125 0.0703125 0.1
0 0.23984375 0.359375 0.0828125 0.10625
0 0.0953125 0.125390625 0.06875 0.08125
0 0.128125 0.131640625 0.0609375 0.085546875
0 0.16796875 0.151953125 0.0640625 0.0875
0 0.20703125 0.161328125 0.06875 0.085546875
0 0.23828125 0.175390625 0.0578125 0.079296875
0 0.27578125 0.19375 0.0625 0.085546875
0 0.324609375 0.20625 0.0609375 0.089453125
0 0.369921875 0.2203125 0.078125 0.065625
1 0.41875 0.2296875 0.0765625 0.071875
0 0.46171875 0.244921875 0.0703125 0.071875
1 0.50859375 0.260546875 0.078125 0.069921875
0 0.549609375 0.2734375 0.0796875 0.065625
0 0.595703125 0.284765625 0.0671875 0.076953125
0 0.65078125 0.292578125 0.075 0.069921875
0 0.698828125 0.311328125 0.08125 0.069921875
0 0.749609375 0.322265625 0.06875 0.069921875
0 0.80078125 0.331640625 0.059375 0.067578125
0 0.856640625 0.355078125 0.06875 0.071875
0 0.9109375 0.3703125 0.06875 0.076953125
0 0.969140625 0.380859375 0.0578125 0.09375