0 0.08956597222222222 0.9048958333333333 0.048125000000000015 0.13609374999999985
0 0.13263020833333333 0.8956857638888888 0.045763888888888896 0.1180324074074072
0 0.168671875 0.8958998842592593 0.04784722222222224 0.12984374999999987
0 0.20588541666666668 0.8960445601851852 0.04942708333333332 0.11279513888888885
0 0.2517447916666667 0.8968518518518518 0.04904513888888893 0.10420138888888886
0 0.2947135416666667 0.8766811342592593 0.04890625000000002 0.10107638888888885
0 0.33512152777777776 0.878203125 0.04904513888888893 0.10420138888888886
0 0.37338541666666664 0.8755439814814814 0.04904513888888893 0.10420138888888886
0 0.4156684027777778 0.8663802083333334 0.04904513888888893 0.10420138888888886
0 0.45621527777777776 0.871027199074074 0.0460243055555555 0.10635995370370352
0 0.4955034722222223 0.8737905092592593 0.0413368055555555 0.10608217592592588
0 0.5418836805555556 0.8686921296296297 0.04746527777777772 0.12124999999999986
0 0.6562413194444445 0.8685734953703704 0.054774305555555534 0.12791666666666685
0 0.6965190972222223 0.8583535879629629 0.04760416666666671 0.12437499999999994
0 0.7354513888888888 0.8442968750000001 0.04409722222222214 0.11559606481481488
0 0.7782638888888889 0.8382349537037037 0.05034722222222232 0.1159664351851852
0 0.8173090277777778 0.8355295138888887 0.04565972222222214 0.11568865740740727
0 0.8574999999999999 0.8233564814814816 0.047222222222222145 0.11578124999999995
0 0.8980555555555554 0.8370109953703704 0.037951388888888715 0.11756944444444457
0 0.9338888888888889 0.8325376157407408 0.052430555555555716 0.12777777777777777
0 0.9759722222222222 0.8276938657407408 0.04760416666666671 0.12437499999999986
0 0.9963758680555556 0.8214496527777777 0.007248263888888928 0.1359085648148149
0 0.17386284722222223 0.6778327546296297 0.07427083333333333 0.05816550925925927
0 0.16473958333333333 0.6223668981481482 0.07479166666666667 0.06988425925925927
0 0.15477430555555555 0.5567679398148149 0.08149305555555557 0.08041087962962959
0 0.14144965277777777 0.4596440972222222 0.08305555555555556 0.08050347222222225
0 0.13587673611111112 0.38712673611111115 0.07428819444444446 0.07608796296296294
0 0.12443576388888888 0.3235734953703704 0.0771875 0.08872685185185185
0 0.11664930555555555 0.2453125 0.07182291666666667 0.09074652777777778
0 0.10526041666666668 0.18293113425925928 0.0685590277777778 0.08743634259259254
0 0.09462673611111112 0.11110532407407407 0.07026041666666667 0.09065393518518516
0 0.08434895833333333 0.03897280092592593 0.08298611111111112 0.07794560185185186
0 0.32699652777777777 0.6777662037037038 0.07298611111111111 0.06432291666666679
0 0.31923611111111116 0.6265277777777778 0.07807291666666671 0.056053240740740765
0 0.31168402777777776 0.5447280092592592 0.06505208333333332 0.07865740740740748
0 0.2974565972222222 0.4625405092592592 0.0733680555555555 0.07291666666666678
0 0.2932118055555556 0.3934693287037037 0.06958333333333329 0.05788773148148145
0 0.291484375 0.3281655092592593 0.07791666666666668 0.07006944444444443
0 0.2810503472222222 0.25201967592592595 0.07562499999999997 0.08863425925925927
0 0.2753732638888889 0.17715856481481482 0.06996527777777777 0.0664814814814815
0 0.2600607638888889 0.09699363425925925 0.0742881944444445 0.07608796296296297
0 0.25363715277777776 0.02892795138888889 0.07322916666666668 0.05785590277777778
0 0.37164062500000006 0.028203125000000002 0.08923611111111107 0.056406250000000005
0 0.37788194444444445 0.09549479166666666 0.0835243055555555 0.07351851851851851
0 0.3888194444444445 0.1653443287037037 0.08484375000000002 0.06814236111111112
1 0.3940625 0.2480642361111111 0.07993055555555557 0.0803182870370371
0 0.397265625 0.31132233796296294 0.08626736111111111 0.06510995370370373
0 0.40275173611111115 0.3818865740740741 0.0813194444444445 0.07650462962962967
0 0.40805555555555556 0.4571614583333334 0.08484374999999993 0.06814236111111108
0 0.4120399305555556 0.5379976851851852 0.09017361111111111 0.06534143518518505
0 0.41806423611111115 0.603046875 0.07739583333333329 0.05835069444444443
0 0.4180729166666667 0.664927662037037 0.08470486111111111 0.06501736111111107
0 0.5695138888888889 0.6532118055555556 0.08130208333333329 0.05858217592592592
0 0.57203125 0.5864814814814815 0.0749305555555555 0.07300925925925927
0 0.5679774305555556 0.5217071759259259 0.07156249999999993 0.06735532407407412
0 0.5661284722222222 0.4360445601851852 0.07289930555555557 0.07990162037037041
1 0.5597222222222221 0.3624016203703704 0.07468749999999993 0.06754050925925928
0 0.5616579861111111 0.3090219907407407 0.08305555555555558 0.08050347222222225
0 0.5527256944444444 0.22260416666666666 0.08187500000000014 0.08900462962962967
1 0.5449913194444445 0.14551504629629627 0.0781944444444445 0.07631944444444443
0 0.5444531250000001 0.0629079861111111 0.0813194444444445 0.07650462962962963
1 0.5418489583333332 0.01970920138888889 0.0802604166666665 0.03941840277777778
0 0.6795833333333333 0.6447309027777777 0.06826388888888886 0.06326388888888879
0 0.6741059027777778 0.5831741898148148 0.07142361111111128 0.06423032407407411
0 0.6675173611111112 0.5142418981481482 0.07680555555555557 0.08013310185185177
0 0.6692361111111111 0.42954282407407407 0.06592013888888885 0.0631250000000001
0 0.6652430555555556 0.3573234953703704 0.07470486111111115 0.08546296296296294
0 0.66671875 0.2847800925925926 0.07635416666666668 0.06997685185185185
0 0.6598611111111111 0.2186053240740741 0.08069444444444436 0.09750578703703701
0 0.6593576388888889 0.1367795138888889 0.09020833333333336 0.1011863425925926
0 0.6590104166666666 0.05846932870370371 0.08904513888888879 0.0925462962962963
0 0.6557378472222222 0.012274305555555556 0.08300347222222229 0.02454861111111111
0 0.8290190972222222 0.631958912037037 0.07831597222222228 0.06152199074074076
0 0.828359375 0.5642418981481481 0.07548611111111114 0.08550925925925927
0 0.8328645833333332 0.4981770833333334 0.0850868055555555 0.07361111111111107
0 0.829904513888889 0.4051388888888889 0.08006944444444448 0.0834432870370371
0 0.8282638888888888 0.3417881944444444 0.09032986111111115 0.08638888888888889
0 0.8342447916666667 0.27367766203703703 0.09008680555555557 0.0809201388888889
0 0.8341406249999999 0.20083622685185185 0.09022569444444448 0.0840451388888889
0 0.8333333333333333 0.1386111111111111 0.0776736111111112 0.06460069444444443
0 0.8294704861111111 0.060509259259259277 0.07732638888888906 0.09185185185185185
0 0.8280729166666667 0.00992621527777778 0.0716666666666665 0.01985243055555556
0 0.9272222222222222 0.6120399305555555 0.07597222222222229 0.061383101851851765
0 0.9290190972222222 0.5379108796296297 0.0780555555555555 0.07319444444444442
0 0.9276562500000001 0.4808101851851852 0.08182291666666686 0.07030092592592592
0 0.9322395833333333 0.3900665509259259 0.08328124999999993 0.06804976851851849
1 0.9413194444444445 0.3299971064814815 0.08588541666666671 0.056516203703703735