0 0.08083622685185185 0.7848437500000001 0.1488136574074074 0.2594270833333333
1 0.18332175925925925 0.8127083333333334 0.1364988425925926 0.26484375
0 0.2776765046296296 0.8255208333333334 0.19405671296296295 0.2601041666666667
1 0.36971932870370366 0.8505729166666667 0.15712384259259257 0.22411458333333342
0 0.47047453703703707 0.8578906250000001 0.15958333333333333 0.22817708333333328
0 0.5651186342592592 0.8609375 0.140943287037037 0.20432291666666663
0 0.6713773148148148 0.8667187500000001 0.15210069444444443 0.15984374999999992
0 0.930324074074074 0.653359375 0.10393518518518512 0.2447395833333335
0 0.8416435185185185 0.6464062500000001 0.13458912037037046 0.2530208333333334
0 0.7337355324074074 0.6173437500000001 0.12576967592592592 0.2711458333333333
0 0.6470196759259259 0.6098697916666667 0.1364988425925926 0.26484375
0 0.5582146990740741 0.5939583333333334 0.14341435185185175 0.26140624999999995
0 0.4641145833333333 0.5725520833333333 0.13304976851851857 0.2536979166666667
0 0.37872395833333333 0.5466666666666666 0.14693287037037042 0.27489583333333345
0 0.2910329861111111 0.5326302083333333 0.1449016203703703 0.23265624999999995
0 0.21064814814814814 0.5220052083333333 0.13353587962962968 0.2701041666666667
0 0.1227314814814815 0.4892708333333333 0.13244791666666664 0.23338541666666668
0 0.052314814814814814 0.4930208333333333 0.10462962962962963 0.2592708333333334
0 0.859429976851852 0.322421875 0.13550347222222214 0.23125
0 0.7665335648148147 0.3130208333333333 0.13793402777777786 0.20802083333333332
0 0.680162037037037 0.3070833333333333 0.10978009259259255 0.17885416666666662
0 0.5951244212962963 0.29559895833333333 0.12074074074074073 0.18036458333333333
1 0.5053298611111111 0.2867708333333333 0.12152199074074073 0.18041666666666661
0 0.43266782407407406 0.2654947916666667 0.12559027777777776 0.18614583333333334
1 0.35469328703703706 0.265625 0.12074074074074073 0.18036458333333333
1 0.27669849537037033 0.25328125 0.12457754629629622 0.17828125000000003
0 0.20543692129629632 0.2373697916666667 0.11578125000000002 0.19718750000000004
1 0.12868055555555555 0.23585937499999998 0.10382523148148151 0.16208333333333336
0 0.06192418981481481 0.20263020833333334 0.12384837962962962 0.18630208333333337
0 0.02361111111111111 0.18388020833333335 0.04722222222222222 0.18692708333333333
1 0.867867476851852 0.09028645833333333 0.09079282407407412 0.14328124999999997
1 0.7842737268518518 0.095859375 0.10421296296296294 0.14885416666666668
1 0.7052430555555557 0.09216145833333333 0.10368055555555564 0.1308854166666667
1 0.6323263888888888 0.07947916666666667 0.11473379629629629 0.13552083333333334
0 0.5541464120370371 0.07338541666666668 0.09943287037037045 0.14541666666666667
1 0.48628472222222213 0.06326822916666666 0.10211805555555564 0.12653645833333332
1 0.40639178240740736 0.06201822916666666 0.10124421296296297 0.12403645833333332
1 0.33902199074074074 0.061236979166666664 0.09506365740740738 0.12247395833333333
1 0.2705613425925926 0.0546484375 0.10082754629629634 0.109296875
1 0.19914641203703703 0.054947916666666666 0.10417824074074078 0.09505208333333333