0 0.08791666666666667 0.2671875 0.1394270833333333 0.2686979166666667
1 0.19809895833333332 0.2783159722222222 0.16239583333333335 0.2627083333333333
0 0.31643229166666664 0.3065538194444445 0.1531770833333333 0.2646354166666667
0 0.4306770833333333 0.33188368055555556 0.1554166666666667 0.28654513888888894
0 0.5526302083333332 0.35015625 0.20656250000000007 0.30595486111111103
0 0.6590625 0.36345486111111114 0.1938020833333333 0.3014930555555556
0 0.7821093749999999 0.38644965277777776 0.2046354166666667 0.2887326388888889
0 0.8862239583333332 0.42340277777777774 0.20421875000000006 0.2824826388888889
0 0.9453255208333333 0.682951388888889 0.10934895833333336 0.21102430555555554
1 0.8418229166666666 0.6512152777777779 0.15281249999999993 0.22411458333333342
0 0.7407291666666668 0.6478906249999999 0.14421874999999992 0.21204861111111112
0 0.6376822916666667 0.6327951388888888 0.12989583333333332 0.2192013888888889
0 0.5444010416666667 0.6181336805555555 0.1443229166666667 0.2369791666666666
0 0.42158854166666665 0.5928125 0.15484375000000003 0.21953125
0 0.3297395833333333 0.5645833333333334 0.13364583333333338 0.22871527777777773
0 0.224609375 0.529921875 0.1447916666666667 0.23232638888888885
1 0.121875 0.5253559027777778 0.1700520833333333 0.23734375000000013
0 0.1715625 0.7507291666666667 0.18041666666666667 0.1007118055555555
0 0.3492708333333333 0.7932899305555555 0.17255208333333333 0.09958333333333336
0 0.529921875 0.8215711805555556 0.18942708333333336 0.10734375000000007
0 0.7081770833333333 0.8548090277777778 0.1916666666666666 0.10588541666666665
0 0.8978255208333333 0.8839322916666668 0.20434895833333327 0.10967013888888885