0 0.925 0.1502980324074074 0.15 0.3005960648148148
0 0.7969791666666667 0.22515046296296296 0.24461805555555555 0.37785300925925924
0 0.6701302083333334 0.33686342592592594 0.24786458333333333 0.363125
0 0.5592447916666666 0.4117274305555556 0.22838541666666679 0.34616319444444443
0 0.47561631944444444 0.5190306712962963 0.2280729166666667 0.30402199074074066
0 0.38208333333333333 0.6058969907407408 0.21701388888888884 0.28340856481481486
0 0.3089670138888889 0.6769039351851852 0.21852430555555555 0.26472800925925916
0 0.23717013888888888 0.7247945601851852 0.20246527777777779 0.23694444444444435
0 0.16518229166666668 0.7859895833333332 0.17328124999999997 0.2298379629629629
0 0.27403645833333334 0.225390625 0.34555555555555556 0.437019675925926
0 0.17559895833333333 0.3515162037037037 0.29539930555555555 0.3793576388888889
1 0.4123003472222223 0.1761545138888889 0.2949131944444445 0.3523090277777778
1 0.13060763888888888 0.439291087962963 0.23788194444444444 0.366730324074074
1 0.10894965277777777 0.559230324074074 0.1808854166666667 0.2956018518518519
0 0.6671875 0.8250925925925927 0.13657986111111117 0.1764756944444444
1 0.5938888888888889 0.8655960648148149 0.1426388888888889 0.15480902777777777
0 0.52921875 0.9066261574074075 0.12677083333333333 0.1488773148148148
0 0.46303819444444444 0.9312731481481482 0.12531250000000008 0.11606481481481482
1 0.39111111111111113 0.9498321759259258 0.10041666666666664 0.08255787037037052