0 0.951953125 0.68984375 0.095703125 0.254296875
1 0.8421875 0.694921875 0.120703125 0.244921875
0 0.7234375 0.684375 0.110546875 0.248046875
0 0.609375 0.67578125 0.109375 0.2703125
0 0.4875 0.67578125 0.158203125 0.2828125
0 0.38125 0.678125 0.145703125 0.2796875
0 0.258203125 0.6734375 0.159375 0.265625
0 0.153515625 0.651953125 0.159375 0.258984375
0 0.0703125 0.40234375 0.105078125 0.195703125
1 0.188671875 0.41640625 0.117578125 0.206640625
0 0.289453125 0.4046875 0.110546875 0.195703125
0 0.3921875 0.4046875 0.094921875 0.205078125
0 0.485546875 0.40546875 0.10625 0.22109375
0 0.608203125 0.4125 0.119921875 0.201953125
0 0.700390625 0.426953125 0.096875 0.214453125
0 0.80625 0.44609375 0.107421875 0.21640625
1 0.908203125 0.435546875 0.132421875 0.21796875
0 0.850390625 0.21640625 0.166796875 0.076171875
0 0.672265625 0.200390625 0.159375 0.076171875
0 0.491796875 0.198828125 0.175 0.08125
0 0.313671875 0.1921875 0.178125 0.079296875
0 0.123046875 0.19140625 0.192578125 0.08125