0 0.09787326388888888 0.9276822916666667 0.05185185185185186 0.1375
0 0.14053819444444446 0.9223437499999999 0.04887152777777777 0.12015625000000014
0 0.17689525462962963 0.925546875 0.050868055555555534 0.1319791666666667
0 0.21404803240740738 0.9291927083333335 0.05257523148148149 0.11494791666666657
0 0.25982349537037036 0.9341927083333333 0.05225694444444447 0.10635416666666657
0 0.30247395833333335 0.9179427083333334 0.05135995370370372 0.10317708333333328
0 0.3424189814814815 0.9233333333333335 0.05225694444444447 0.10635416666666657
0 0.3806278935185185 0.9239322916666666 0.05225694444444447 0.10635416666666657
0 0.42290219907407406 0.9185677083333333 0.05225694444444447 0.10635416666666657
0 0.463353587962963 0.927109375 0.04921875 0.10848958333333343
0 0.5029513888888889 0.9336458333333333 0.04453125 0.10817708333333335
0 0.5488859953703704 0.932421875 0.050520833333333216 0.12260416666666671
0 0.6634403935185185 0.9388541666666667 0.05859375 0.12229166666666665
0 0.703342013888889 0.936484375 0.05063657407407405 0.12572916666666673
0 0.7419126157407407 0.9258072916666666 0.04719328703703703 0.11692708333333321
0 0.7847077546296297 0.9239843750000001 0.05269097222222232 0.11807291666666657
0 0.8236834490740741 0.9242447916666666 0.04875578703703702 0.11703125000000014
0 0.8631221064814815 0.9159635416666667 0.049537037037037025 0.11708333333333343
0 0.9046730324074073 0.9331510416666667 0.04103009259259238 0.11885416666666657
0 0.940089699074074 0.9320052083333333 0.05546875 0.12994791666666644
0 0.9784071180555556 0.9309114583333333 0.04318576388888893 0.12572916666666673
0 0.9983217592592591 0.9280729166666667 0.003356481481481666 0.13656250000000014
0 0.17588252314814817 0.7088281249999999 0.07552083333333334 0.06114583333333332
0 0.165234375 0.6527864583333333 0.07673611111111107 0.07291666666666678
0 0.15341435185185187 0.5861458333333334 0.08336226851851851 0.08348958333333342
0 0.1377025462962963 0.4880729166666667 0.08492476851851852 0.08359375
0 0.12993344907407406 0.41507812499999996 0.0761863425925926 0.07911458333333332
0 0.1170283564814815 0.350703125 0.07977430555555554 0.09182291666666664
0 0.10669849537037038 0.2716927083333333 0.07439236111111111 0.09380208333333329
0 0.09383680555555556 0.20848958333333334 0.07037037037037037 0.09041666666666667
0 0.08101851851851852 0.1359375 0.07282986111111112 0.09369791666666667
0 0.0689525462962963 0.06265625 0.08486689814814814 0.08203125
0 0.3287471064814815 0.7225260416666666 0.07497106481481479 0.06734374999999986
0 0.3202112268518519 0.6709114583333333 0.07934027777777777 0.05906249999999993
0 0.30975115740740744 0.5883854166666667 0.06692708333333339 0.08161458333333335
0 0.2934172453703704 0.505078125 0.07528935185185182 0.07593750000000003
0 0.2873408564814815 0.435703125 0.0708333333333333 0.06083333333333343
0 0.2837528935185185 0.37039062500000003 0.07986111111111108 0.07312499999999993
0 0.271166087962963 0.29356770833333334 0.07821180555555554 0.09171874999999999
0 0.26371527777777776 0.21864583333333334 0.07193287037037041 0.06947916666666662
0 0.2458767361111111 0.136796875 0.07618634259259256 0.07911458333333334
0 0.23767361111111107 0.06260416666666666 0.07517361111111107 0.07281249999999999
0 0.35551215277777776 0.066953125 0.0911458333333334 0.08322916666666666
0 0.3639033564814815 0.14622395833333332 0.0854456018518519 0.07661458333333333
0 0.37664930555555554 0.21682291666666664 0.08680555555555554 0.07125000000000001
1 0.3840133101851852 0.299921875 0.08179976851851851 0.08338541666666668
0 0.3890914351851852 0.3633854166666667 0.08747106481481479 0.06817708333333332
0 0.3963975694444445 0.43440104166666665 0.08321759259259257 0.07958333333333338
0 0.4038628472222222 0.5097135416666667 0.08680555555555554 0.07124999999999986
0 0.4099826388888889 0.59078125 0.0921875 0.06927083333333321
0 0.4178674768518519 0.6563802083333333 0.07864583333333326 0.06135416666666664
0 0.41976273148148147 0.7180729166666666 0.08668981481481489 0.06812500000000003
0 0.5710358796296297 0.7203645833333333 0.08258101851851851 0.06239583333333343
0 0.5716869212962964 0.6537760416666666 0.07685185185185191 0.07604166666666679
0 0.565769675925926 0.5886979166666666 0.07349537037037024 0.06958333333333329
0 0.5614293981481481 0.5030729166666668 0.07473958333333322 0.08213541666666657
1 0.5532262731481482 0.42888020833333335 0.07664930555555553 0.07057291666666661
0 0.5536024305555556 0.3759114583333333 0.08492476851851852 0.08359375
0 0.5422019675925925 0.2890364583333333 0.08368055555555572 0.09208333333333334
1 0.5323061342592592 0.21122395833333335 0.08009259259259256 0.07937500000000001
0 0.5296440972222223 0.12882812500000002 0.08321759259259257 0.07958333333333334
1 0.5255208333333334 0.07010416666666666 0.0822337962962962 0.07406249999999999
0 0.6805844907407408 0.7218229166666668 0.07025462962962958 0.06625000000000014
0 0.673611111111111 0.6597916666666667 0.07337962962962977 0.06645833333333329
0 0.6651909722222222 0.5902604166666666 0.07867476851851851 0.08317708333333336
0 0.6644097222222223 0.5060416666666667 0.06712962962962958 0.06604166666666664
0 0.6586082175925926 0.43356770833333336 0.07653356481481488 0.08848958333333332
0 0.6578848379629629 0.3614322916666667 0.07829861111111107 0.07302083333333335
0 0.6491753472222223 0.294609375 0.08321759259259257 0.10062499999999996
0 0.6461516203703704 0.21296875 0.09270833333333321 0.10437499999999995
0 0.6440393518518519 0.13489583333333335 0.09160879629629619 0.09572916666666666
0 0.6385561342592593 0.071015625 0.08492476851851852 0.06255208333333333
0 0.8298466435185186 0.722421875 0.08032407407407405 0.06458333333333321
0 0.82734375 0.6548437500000001 0.07809606481481488 0.08859375000000007
0 0.8299913194444445 0.5895572916666667 0.0870081018518519 0.07671875000000003
0 0.8242042824074074 0.49643229166666664 0.08191550925925917 0.08651041666666667
0 0.8210648148148149 0.43270833333333336 0.09296875 0.09036458333333339
0 0.8251880787037036 0.36518229166666666 0.09198495370370381 0.08484375000000002
0 0.822902199074074 0.29294270833333336 0.09288194444444464 0.0880208333333334
0 0.8206018518518519 0.23083333333333336 0.07887731481481489 0.06760416666666666
0 0.8141927083333333 0.15247395833333335 0.07989004629629619 0.09494791666666665
0 0.8108217592592591 0.08249999999999999 0.07320601851851842 0.06177083333333333
0 0.9272569444444445 0.7117708333333332 0.07719907407407404 0.06437500000000007
0 0.9272424768518519 0.637734375 0.07997685185185191 0.07624999999999993
0 0.9239583333333332 0.5806250000000001 0.08379629629629619 0.07416666666666671
0 0.9260706018518519 0.4903645833333334 0.08524305555555571 0.07114583333333328
1 0.9336226851851851 0.43125 0.08715277777777786 0.05958333333333332
0 0.9190393518518519 0.07958333333333334 0.0865162037037038 0.04239583333333332