0 0.92421875 0.748828125 0.116796875 0.2390625
1 0.824609375 0.794140625 0.103515625 0.246484375
0 0.732421875 0.823046875 0.16328125 0.231640625
1 0.64296875 0.8640625 0.130078125 0.201953125
0 0.544140625 0.890625 0.132421875 0.208203125
0 0.450390625 0.9078125 0.116796875 0.184375
0 0.345703125 0.931640625 0.133984375 0.13671875
0 0.058203125 0.764453125 0.105078125 0.22890625
0 0.1609375 0.740625 0.103515625 0.234765625
0 0.265234375 0.693359375 0.091796875 0.25546875
0 0.35078125 0.670703125 0.103515625 0.246484375
0 0.4375 0.63984375 0.1109375 0.2421875
0 0.52890625 0.60234375 0.1015625 0.236328125
0 0.611328125 0.56171875 0.11328125 0.25546875
0 0.697265625 0.5328125 0.116796875 0.2125
0 0.77578125 0.508203125 0.1 0.252734375
0 0.86015625 0.460546875 0.103515625 0.215625
0 0.9453125 0.450390625 0.103515625 0.2421875
0 0.11875 0.419921875 0.107421875 0.2125
0 0.21015625 0.39453125 0.11328125 0.188671875
0 0.294921875 0.373828125 0.08828125 0.16328125
0 0.378515625 0.34765625 0.09921875 0.16328125
1 0.46640625 0.323828125 0.1 0.16328125
0 0.53671875 0.28984375 0.103515625 0.16796875
1 0.6140625 0.2765625 0.09921875 0.16328125
1 0.690234375 0.251171875 0.103515625 0.160546875
0 0.759765625 0.223046875 0.091796875 0.18125
1 0.835546875 0.208203125 0.083984375 0.147265625
0 0.901171875 0.16328125 0.105859375 0.16796875
0 0.959765625 0.1359375 0.07265625 0.176953125
1 0.09296875 0.189453125 0.0734375 0.130859375
1 0.176171875 0.18046875 0.08671875 0.13359375
1 0.25390625 0.16328125 0.08828125 0.116015625
1 0.325390625 0.13828125 0.09921875 0.11875
0 0.40234375 0.11875 0.082421875 0.130859375
1 0.468359375 0.094921875 0.08671875 0.116015625
1 0.547265625 0.080078125 0.0859375 0.112890625
1 0.613671875 0.066015625 0.080078125 0.116015625
1 0.68125 0.04921875 0.08828125 0.098046875
1 0.751953125 0.039453125 0.094140625 0.07890625