1 0.11875 0.792578125 0.105078125 0.15390625
1 0.101171875 0.940234375 0.101953125 0.11953125
1 0.223828125 0.937109375 0.114453125 0.12578125
1 0.3546875 0.935546875 0.116796875 0.12890625
1 0.478515625 0.935546875 0.13125 0.12265625
1 0.612109375 0.932421875 0.117578125 0.13515625
1 0.732421875 0.933984375 0.13125 0.13203125
1 0.854296875 0.926953125 0.123828125 0.14609375
1 0.95390625 0.925390625 0.0921875 0.13359375
1 0.9109375 0.804296875 0.116796875 0.13515625
1 0.8015625 0.794921875 0.151953125 0.13984375
1 0.690234375 0.800390625 0.135546875 0.160546875
1 0.579296875 0.799609375 0.119921875 0.162109375
1 0.468359375 0.798046875 0.140625 0.160546875
0 0.3546875 0.789453125 0.116796875 0.173046875
0 0.2375 0.781640625 0.10625 0.162109375
0 0.063671875 0.577734375 0.082421875 0.092578125
0 0.153515625 0.574609375 0.079296875 0.09609375
0 0.248046875 0.576953125 0.085546875 0.086328125
0 0.349609375 0.574609375 0.076953125 0.09609375
0 0.438671875 0.577734375 0.08125 0.089453125
0 0.526171875 0.576953125 0.092578125 0.09609375
0 0.616796875 0.580859375 0.091796875 0.09609375
0 0.709375 0.580078125 0.088671875 0.10234375
0 0.794140625 0.571484375 0.092578125 0.092578125
0 0.884765625 0.569921875 0.073828125 0.086328125
0 0.969921875 0.569140625 0.057421875 0.089453125
1 0.919921875 0.49140625 0.089453125 0.09765625
1 0.83125 0.49375 0.098828125 0.089453125
1 0.749609375 0.4859375 0.091796875 0.078515625
1 0.6703125 0.484375 0.089453125 0.075390625
0 0.584765625 0.47265625 0.071875 0.086328125
1 0.501953125 0.48203125 0.075 0.080078125
0 0.425 0.467578125 0.082421875 0.09609375
0 0.3390625 0.4859375 0.094921875 0.086328125
1 0.25 0.4953125 0.075 0.080078125
1 0.171875 0.49921875 0.0875 0.086328125
1 0.086328125 0.4953125 0.0875 0.089453125
1 0.044921875 0.3734375 0.075 0.062890625
1 0.120703125 0.36875 0.070703125 0.062890625
1 0.196484375 0.3765625 0.073828125 0.064453125
1 0.2625 0.37421875 0.070703125 0.055078125
1 0.333984375 0.36875 0.089453125 0.062890625
1 0.409375 0.37109375 0.071875 0.058203125
1 0.482421875 0.36640625 0.064453125 0.053515625
1 0.547265625 0.36953125 0.079296875 0.055078125
1 0.61875 0.36875 0.084375 0.053515625
1 0.6875 0.36796875 0.067578125 0.055078125
1 0.7609375 0.36875 0.085546875 0.066015625
1 0.827734375 0.36875 0.082421875 0.058203125
1 0.8953125 0.36875 0.088671875 0.044140625
1 0.862890625 0.316015625 0.094921875 0.047265625
1 0.795703125 0.314453125 0.084375 0.042578125
1 0.728125 0.317578125 0.0875 0.039453125
1 0.6625 0.318359375 0.082421875 0.037890625
1 0.599609375 0.318359375 0.078125 0.042578125
1 0.533984375 0.318359375 0.070703125 0.037890625
1 0.462890625 0.321484375 0.073828125 0.039453125
1 0.402734375 0.323828125 0.067578125 0.044140625
1 0.334765625 0.317578125 0.070703125 0.039453125
1 0.268359375 0.319921875 0.064453125 0.048828125
1 0.2 0.317578125 0.066796875 0.053515625
1 0.1328125 0.317578125 0.070703125 0.053515625
1 0.060546875 0.314453125 0.085546875 0.047265625
1 0.034765625 0.23046875 0.063671875 0.044140625
1 0.095703125 0.2328125 0.073828125 0.036328125
1 0.15625 0.23203125 0.061328125 0.037890625
1 0.214453125 0.2328125 0.069921875 0.039453125
1 0.271875 0.23046875 0.060546875 0.031640625
1 0.33125 0.23046875 0.060546875 0.039453125
1 0.390625 0.2328125 0.05625 0.036328125
1 0.4453125 0.234375 0.059375 0.047265625
1 0.504296875 0.23515625 0.067578125 0.036328125
1 0.5640625 0.2328125 0.060546875 0.036328125
1 0.623046875 0.23515625 0.066796875 0.036328125
1 0.679296875 0.23984375 0.066796875 0.039453125
1 0.737890625 0.23984375 0.066796875 0.036328125
1 0.796484375 0.2421875 0.070703125 0.039453125
1 0.762109375 0.201953125 0.071875 0.036328125
1 0.712890625 0.205859375 0.071875 0.031640625
1 0.659765625 0.203515625 0.063671875 0.031640625
1 0.60625 0.202734375 0.064453125 0.025
1 0.551171875 0.201953125 0.063671875 0.031640625
1 0.498046875 0.199609375 0.057421875 0.031640625
1 0.441796875 0.200390625 0.057421875 0.028125
1 0.387109375 0.199609375 0.057421875 0.031640625
1 0.330078125 0.200390625 0.053125 0.033203125
1 0.2765625 0.197265625 0.051953125 0.031640625
1 0.053125 0.197265625 0.073828125 0.031640625
1 0.108203125 0.195703125 0.063671875 0.028125
1 0.163671875 0.198046875 0.061328125 0.028125
1 0.219921875 0.195703125 0.059375 0.033203125
1 0.031640625 0.1390625 0.060546875 0.031640625
1 0.044140625 0.1125 0.061328125 0.0171875
1 0.090234375 0.11484375 0.061328125 0.021875
1 0.085546875 0.1390625 0.053125 0.036328125
1 0.131640625 0.1390625 0.054296875 0.0265625
1 0.140234375 0.11484375 0.053125 0.0265625
1 0.184375 0.14140625 0.053125 0.031640625
1 0.188671875 0.1171875 0.05 0.0265625
1 0.232421875 0.14140625 0.051953125 0.031640625
1 0.234375 0.11953125 0.053125 0.0265625
1 0.281640625 0.14375 0.046875 0.036328125
1 0.282421875 0.11484375 0.045703125 0.0265625
1 0.3296875 0.1421875 0.051953125 0.028125
1 0.330078125 0.11796875 0.046875 0.028125
1 0.375390625 0.11484375 0.054296875 0.021875
1 0.379296875 0.14140625 0.053125 0.0265625
1 0.425 0.11953125 0.053125 0.021875
1 0.426953125 0.1484375 0.057421875 0.0265625
1 0.469921875 0.1203125 0.057421875 0.025
1 0.478515625 0.146875 0.051953125 0.033203125
1 0.519140625 0.12265625 0.053125 0.025
1 0.528515625 0.146875 0.051953125 0.025
1 0.5640625 0.1234375 0.054296875 0.021875
1 0.5765625 0.15 0.05 0.021875
1 0.6078125 0.121875 0.05625 0.0265625
1 0.623046875 0.146875 0.057421875 0.028125
1 0.655859375 0.1234375 0.060546875 0.0265625
1 0.670703125 0.1484375 0.05625 0.021875
1 0.696484375 0.125 0.059375 0.025
1 0.719140625 0.146875 0.054296875 0.028125
1 0.025 0.069921875 0.05 0.021875
1 0.034765625 0.051171875 0.054296875 0.0203125
1 0.069140625 0.073828125 0.05625 0.0203125
1 0.077734375 0.052734375 0.051953125 0.0265625
1 0.112890625 0.071484375 0.051953125 0.025
1 0.1203125 0.053515625 0.048828125 0.025
1 0.1546875 0.076171875 0.05 0.028125
1 0.1609375 0.055078125 0.05 0.0265625
1 0.2 0.076171875 0.048828125 0.025
1 0.203515625 0.055078125 0.046875 0.0265625
1 0.241796875 0.074609375 0.05 0.0265625
1 0.243359375 0.055859375 0.04375 0.025
1 0.282421875 0.076953125 0.042578125 0.0265625
1 0.283984375 0.058203125 0.045703125 0.025
1 0.325 0.050390625 0.042578125 0.021875
1 0.329296875 0.073828125 0.05 0.025
1 0.365234375 0.056640625 0.045703125 0.0265625
1 0.36875 0.079296875 0.046875 0.021875
1 0.407421875 0.056640625 0.046875 0.021875
1 0.4125 0.080078125 0.048828125 0.025
1 0.450390625 0.060546875 0.048828125 0.0203125
1 0.45625 0.079296875 0.048828125 0.021875
1 0.490625 0.060546875 0.048828125 0.025
1 0.503125 0.084765625 0.05 0.015625
1 0.530078125 0.063671875 0.048828125 0.021875
1 0.544140625 0.083203125 0.04375 0.021875
1 0.571484375 0.063671875 0.039453125 0.021875
1 0.585546875 0.082421875 0.041796875 0.015625
1 0.613671875 0.062890625 0.04375 0.025
1 0.626171875 0.084765625 0.045703125 0.015625
1 0.647265625 0.064453125 0.05 0.0203125
1 0.666015625 0.083203125 0.048828125 0.0171875
1 0.057421875 0.01875 0.053125 0.0171875
1 0.097265625 0.01875 0.041796875 0.0171875
1 0.136328125 0.0203125 0.045703125 0.015625
1 0.172265625 0.0203125 0.046875 0.0203125
1 0.2109375 0.02265625 0.041796875 0.015625
1 0.246875 0.0234375 0.051953125 0.021875
1 0.287109375 0.0265625 0.036328125 0.015625
1 0.2875 0.01015625 0.038671875 0.0171875
1 0.326171875 0.009375 0.041796875 0.015625
1 0.3265625 0.0234375 0.039453125 0.0125
1 0.359765625 0.01015625 0.035546875 0.0171875
1 0.363671875 0.028125 0.036328125 0.0125
1 0.400390625 0.0265625 0.048828125 0.015625
1 0.397265625 0.0109375 0.042578125 0.0203125
1 0.436328125 0.031640625 0.029296875 0.015625
1 0.433984375 0.01328125 0.035546875 0.0203125
1 0.473828125 0.032421875 0.042578125 0.0171875
1 0.471875 0.0125 0.038671875 0.021875
1 0.508984375 0.031640625 0.041796875 0.015625
1 0.506640625 0.01484375 0.036328125 0.021875
1 0.549609375 0.0296875 0.039453125 0.0171875
1 0.541015625 0.01484375 0.04375 0.021875
1 0.577734375 0.01640625 0.048828125 0.0171875
1 0.583203125 0.036328125 0.045703125 0.0109375
1 0.612109375 0.01484375 0.04375 0.0171875
1 0.625390625 0.032421875 0.041796875 0.0171875