0 0.8562210648148149 0.22562210648148148 0.16989004629629614 0.27181712962962956
1 0.7489612268518518 0.19578993055555555 0.15820023148148152 0.2748553240740741
0 0.6529224537037037 0.18125 0.2128819444444444 0.278125
1 0.5565827546296297 0.15457175925925926 0.1735474537037037 0.2385127314814815
0 0.45424189814814814 0.14660011574074075 0.1774537037037037 0.2388020833333333
0 0.3589236111111111 0.14032118055555556 0.15699652777777776 0.21776620370370367
0 0.25188946759259256 0.13278356481481482 0.16214699074074074 0.17520254629629634
0 0.04255208333333334 0.3446180555555555 0.08510416666666668 0.25329861111111107
0 0.1130931712962963 0.3503616898148148 0.155775462962963 0.26374421296296297
0 0.2250347222222222 0.381322337962963 0.14887152777777776 0.2804108796296296
0 0.31329571759259256 0.3905960648148148 0.15820023148148152 0.27485532407407404
0 0.40501446759259263 0.4079427083333333 0.16443287037037035 0.272974537037037
0 0.5021614583333334 0.43116319444444445 0.15421875000000007 0.26440972222222214
0 0.5914583333333333 0.4588831018518519 0.16999999999999993 0.2866608796296297
0 0.6816261574074074 0.4745515046296296 0.1634490740740741 0.24557291666666675
0 0.7636111111111111 0.4868778935185185 0.1558969907407409 0.280150462962963
0 0.8563773148148147 0.5211082175925925 0.15094907407407412 0.24464699074074078
0 0.9302777777777778 0.5168113425925925 0.13473379629629606 0.269212962962963
0 0.14156828703703703 0.6745225694444444 0.154056712962963 0.24253472222222214
0 0.23645833333333335 0.6858506944444445 0.1546759259259259 0.22071759259259255
0 0.3235590277777778 0.6934751157407407 0.12398148148148147 0.1879918981481481
0 0.411009837962963 0.7065972222222222 0.1349363425925926 0.1911458333333334
1 0.5019994212962964 0.7168547453703703 0.13571759259259258 0.19120370370370363
0 0.5780439814814814 0.7396846064814815 0.13966435185185197 0.1969618055555557
1 0.6562008101851852 0.7411747685185185 0.1349363425925926 0.1911458333333332
1 0.7362239583333333 0.7545283564814815 0.13804976851851852 0.18981481481481488
0 0.8099652777777777 0.7717158564814814 0.13192708333333342 0.2065393518518519
1 0.8873263888888889 0.7751012731481481 0.11604745370370395 0.17100694444444448
0 0.942583912037037 0.8077256944444444 0.10529513888888857 0.19519675925925917
0 0.9815480324074073 0.8239004629629629 0.02718171296296319 0.19097222222222215
1 0.1668142361111111 0.9069878472222221 0.10184606481481481 0.15121527777777785
1 0.24969907407407405 0.9033564814814815 0.11595486111111111 0.1585069444444443
1 0.3293923611111111 0.9084780092592591 0.11348379629629628 0.14114583333333358
1 0.40472222222222226 0.922265625 0.12446180555555557 0.14742476851851832
0 0.48400752314814816 0.9263020833333332 0.11045717592592581 0.14739583333333356
1 0.5534751157407408 0.9364655671296298 0.11192129629629619 0.12706886574074047
1 0.6339699074074074 0.9384982638888889 0.11033564814814803 0.12300347222222215
1 0.701556712962963 0.9401258680555555 0.10487847222222228 0.11974826388888893
1 0.7714699074074074 0.9471354166666668 0.10866898148148145 0.10572916666666643
1 0.8426099537037036 0.9509114583333332 0.11010416666666671 0.09817708333333357