0 0.20502604166666666 0.8892447916666667 0.16859374999999996 0.21546875000000015
0 0.3234375 0.8730121527777778 0.1598958333333334 0.23689236111111106
0 0.43013020833333326 0.8279166666666666 0.16364583333333335 0.23472222222222214
0 0.5469270833333333 0.7815885416666667 0.1736458333333335 0.24451388888888878
0 0.6659635416666667 0.739470486111111 0.16421874999999986 0.25500000000000006
0 0.7719010416666666 0.6830468749999999 0.16552083333333342 0.23947916666666663
0 0.8836197916666666 0.6369444444444444 0.16343749999999985 0.25496527777777783
0 0.9629427083333333 0.607595486111111 0.07411458333333343 0.24626736111111108
0 0.8521093750000001 0.15201822916666669 0.21182291666666658 0.30403645833333337
0 0.7312239583333333 0.19630208333333332 0.21286458333333336 0.27196180555555555
0 0.589609375 0.2582291666666666 0.2 0.2776215277777778
0 0.474609375 0.2903732638888889 0.19927083333333329 0.2900520833333333
0 0.3519791666666666 0.3549826388888889 0.20057291666666668 0.27453125
0 0.22421875 0.3837760416666667 0.20609374999999996 0.27555555555555544
0 0.11447916666666666 0.45368923611111106 0.18687499999999999 0.2910590277777778