0 0.95859375 0.29641493055555557 0.0828125 0.32639467592592586
0 0.8953125 0.2828211805555555 0.209375 0.4054571759259259
0 0.748828125 0.30109375 0.2765625 0.40361111111111114
0 0.60703125 0.2966753472222222 0.271875 0.3840451388888889
0 0.469921875 0.29456597222222225 0.271875 0.3840451388888889
0 0.348828125 0.29624421296296294 0.27578125 0.4012615740740741
0 0.210546875 0.2589872685185185 0.2828125 0.3739699074074074
0 0.1140625 0.2897800925925926 0.225 0.35088541666666667
1 0.909765625 0.6784172453703704 0.16171875 0.22854166666666664
1 0.826171875 0.9458333333333332 0.12109375 0.09699074074074047
0 0.801171875 0.6729716435185186 0.18046875 0.22477430555555564
0 0.69609375 0.6534375000000001 0.18203125 0.21619212962962955
0 0.57890625 0.6527430555555556 0.2046875 0.26010995370370366
0 0.481640625 0.6401822916666667 0.16796875 0.22311921296296297
0 0.37578125 0.6581539351851852 0.2 0.2585127314814814
1 0.30703125 0.6375694444444444 0.16796875 0.23874421296296297
0 0.213671875 0.6507609953703704 0.17890625 0.23491898148148138
0 0.14140625 0.6704369212962964 0.20234375 0.27103009259259264
0 0.077734375 0.6670023148148149 0.15546875 0.2253703703703703
0 0.02109375 0.67875 0.0421875 0.21906250000000008
0 0.75625 0.9350231481481481 0.10625 0.11953703703703696
1 0.684375 0.9324305555555554 0.1046875 0.12577546296296305
1 0.620703125 0.9411053240740742 0.09296875 0.10928240740740733
1 0.55078125 0.925607638888889 0.1125 0.1414583333333333
0 0.475390625 0.9277285879629631 0.10390625 0.1382696759259261
1 0.41328125 0.9309230324074076 0.1140625 0.13287615740740719
0 0.35546875 0.9254918981481481 0.0953125 0.11398726851851855
1 0.290625 0.9216753472222223 0.08671875 0.088923611111111