0 0.9884693287037039 0.3817274305555556 0.023061342592592383 0.1656539351851852
0 0.9498119212962962 0.35889756944444445 0.10037615740740762 0.19811921296296298
0 0.921417824074074 0.32987557870370365 0.15716435185185204 0.18292824074074074
0 0.8693315972222223 0.3013454861111111 0.16129629629629613 0.19618055555555552
1 0.8054658564814815 0.2806134259259259 0.15903935185185175 0.18440393518518522
0 0.7491087962962963 0.24785879629629629 0.1591377314814814 0.19921875
1 0.6885243055555555 0.21643518518518517 0.1433680555555556 0.1830439814814815
1 0.6337065972222222 0.18323206018518517 0.1552777777777777 0.19985532407407408
0 0.5729832175925926 0.14946469907407406 0.15463541666666672 0.20217013888888888
1 0.5150202546296296 0.12264178240740739 0.1251215277777778 0.17769097222222224
0 0.4475896990740741 0.09514612268518519 0.15789351851851857 0.19029224537037037
0 0.3587962962962963 0.09048032407407407 0.15353009259259257 0.18096064814814813
0 0.28846932870370373 0.10480324074074074 0.1889641203703704 0.20266203703703703
0 0.23798611111111115 0.1579571759259259 0.17686921296296296 0.18272569444444448
1 0.2002806712962963 0.21533564814814818 0.14597222222222223 0.14806134259259257
0 0.17047743055555556 0.26733217592592595 0.167337962962963 0.14027777777777778
1 0.12922743055555555 0.31114004629629627 0.15350115740740744 0.13041087962962958
0 0.09616030092592592 0.3609085648148148 0.13695601851851852 0.12745949074074076
1 0.7167997685185185 0.5086082175925926 0.10859953703703695 0.12251157407407405
1 0.6581857638888888 0.5170428240740741 0.11554976851851854 0.14771412037037024
1 0.6054774305555556 0.5260416666666666 0.09955439814814823 0.1408854166666668
1 0.5562123842592592 0.5270833333333333 0.10630787037037041 0.1364583333333332
1 0.5030439814814816 0.5349247685185186 0.09725115740740745 0.12832754629629636
1 0.44789930555555557 0.5424479166666666 0.09987268518518522 0.13310185185185192
1 0.4008391203703704 0.5410590277777778 0.09545138888888896 0.11111111111111108
1 0.5488107638888888 0.4153935185185185 0.09826388888888893 0.1322627314814815
0 0.4859664351851851 0.41850405092592596 0.11067708333333322 0.14441550925925922
1 0.43615451388888893 0.43013599537037034 0.11320023148148155 0.134375
0 0.3722974537037037 0.429369212962963 0.11269097222222228 0.12578125
1 0.3328732638888889 0.44453125 0.11687500000000002 0.13061342592592595
0 0.28257523148148145 0.44796006944444444 0.11108217592592595 0.12494212962962958
0 0.35282118055555556 0.5565393518518518 0.10620949074074079 0.12164351851851851
0 0.3057175925925926 0.5610243055555555 0.10657407407407415 0.11464120370370381
0 0.1522511574074074 0.574146412037037 0.11530671296296298 0.11730324074074083
0 0.19979166666666667 0.5704282407407406 0.10055555555555555 0.11831597222222215
0 0.24618055555555554 0.5604890046296296 0.1151736111111111 0.12821180555555572
0 0.07257233796296296 0.755613425925926 0.061163194444444444 0.0981481481481481
0 0.09031249999999999 0.7576967592592594 0.08708333333333332 0.10144675925925917
0 0.13353009259259258 0.7470920138888889 0.09034722222222222 0.10390625
0 0.1738107638888889 0.7463831018518519 0.09425347222222222 0.10405092592592595
0 0.2074710648148148 0.7396556712962963 0.08197916666666671 0.0942418981481481
0 0.24802372685185184 0.7303240740740741 0.08864583333333335 0.10150462962962976
0 0.2984375 0.7288483796296296 0.08809606481481484 0.10538194444444429
0 0.3455873842592593 0.7251446759259259 0.09714120370370374 0.0870081018518519
1 0.39542824074074073 0.7272135416666666 0.09746527777777772 0.09247685185185191
0 0.44050925925925927 0.721629050925926 0.09190393518518522 0.09071180555555554
1 0.4899565972222222 0.7170572916666667 0.09893518518518504 0.09097222222222215
0 0.5328096064814816 0.7135127314814815 0.09875000000000007 0.08784722222222215
0 0.5801446759259259 0.7129340277777778 0.09057291666666671 0.09456018518518512
0 0.6356163194444444 0.7175347222222223 0.0957638888888889 0.09007523148148149
0 0.6868315972222222 0.709765625 0.10210648148148138 0.09186921296296298
0 0.7385561342592593 0.7105902777777777 0.08942129629629622 0.08828125
0 0.7907638888888889 0.712962962962963 0.07976851851851859 0.08324652777777786
0 0.8504340277777779 0.7025318287037037 0.09034143518518505 0.09065393518518512
0 0.9066377314814815 0.6996672453703704 0.09140046296296304 0.09537037037037024
0 0.9612702546296296 0.7021701388888889 0.07745949074074084 0.10844907407407404