1 0.04782696759259259 0.688203125 0.09565393518518518 0.18421874999999996
1 0.013347800925925923 0.8240624999999999 0.026695601851851845 0.14656249999999993
1 0.07580729166666667 0.8587760416666667 0.15078703703703705 0.16031249999999986
1 0.2010792824074074 0.8996614583333333 0.15411458333333333 0.16442708333333336
1 0.3189496527777778 0.9291015625 0.16649305555555555 0.141796875
1 0.4477054398148148 0.947265625 0.15536458333333342 0.10546875
1 0.5625 0.9669270833333332 0.1662037037037038 0.06614583333333357
1 0.6819357638888889 0.9803645833333334 0.16132523148148153 0.039270833333333144
1 0.7716724537037036 0.9347786458333334 0.15600115740740747 0.13044270833333335
1 0.6701012731481482 0.9086718749999999 0.1918460648148148 0.18265625000000013
1 0.5623321759259259 0.87984375 0.18249999999999994 0.2013541666666665
1 0.4572309027777777 0.843046875 0.16753472222222218 0.19802083333333337
1 0.3517592592592592 0.8058333333333334 0.1872685185185185 0.20322916666666657
0 0.2463020833333333 0.76078125 0.1680613425925926 0.20817708333333335
0 0.13691840277777778 0.715859375 0.1540914351851852 0.1940104166666668
0 0.044730902777777776 0.466015625 0.08946180555555555 0.11786458333333324
0 0.1210792824074074 0.49216145833333336 0.10743634259259256 0.12005208333333321
0 0.2103269675925926 0.524765625 0.11015625 0.11244791666666672
0 0.30789930555555556 0.5555729166666666 0.10505208333333335 0.11911458333333336
0 0.3916984953703704 0.5874218750000001 0.10715277777777779 0.11458333333333322
0 0.4753298611111111 0.6149479166666667 0.12009837962962955 0.12401041666666668
0 0.5602604166666667 0.64765625 0.11931712962962955 0.12395833333333339
0 0.6488888888888888 0.6770833333333334 0.1188194444444445 0.12937499999999993
0 0.7321643518518519 0.6963541666666666 0.11915509259259256 0.12083333333333321
0 0.8189207175925926 0.7240885416666667 0.09905671296296284 0.10859375
0 0.9002488425925925 0.7506770833333334 0.08417245370370381 0.10682291666666668
1 0.8766811342592593 0.6609114583333333 0.11779513888888893 0.12463541666666664
1 0.7914265046296297 0.634453125 0.12454282407407398 0.11963541666666658
1 0.7163425925925926 0.6008333333333333 0.11451967592592602 0.10651041666666679
1 0.6409346064814814 0.5734635416666667 0.11123263888888886 0.10317708333333328
0 0.563359375 0.5349739583333333 0.09671296296296301 0.10843749999999996
1 0.4815856481481481 0.5169791666666667 0.09799189814814824 0.10307291666666671
0 0.41264467592592596 0.47828125000000005 0.11060185185185181 0.12104166666666671
0 0.3249768518518518 0.468125 0.11965277777777779 0.1154166666666665
1 0.23742476851851851 0.4481770833333333 0.09799189814814815 0.10307291666666671
1 0.16171296296296295 0.42666666666666664 0.11254050925925929 0.11338541666666675
1 0.08142939814814815 0.3950520833333333 0.1134837962962963 0.11656250000000004
1 0.07986979166666666 0.26638020833333337 0.09323495370370372 0.08640624999999993
1 0.15331886574074075 0.28617187499999996 0.0884664351851852 0.08453125000000003
1 0.22299479166666666 0.3182552083333333 0.09249421296296294 0.08713541666666665
1 0.2866782407407407 0.33739583333333334 0.0865393518518518 0.07739583333333329
1 0.356322337962963 0.35497395833333334 0.10667824074074073 0.09041666666666667
1 0.4274537037037037 0.38166666666666665 0.08826388888888896 0.08062500000000003
1 0.4985792824074074 0.4009114583333333 0.0793460648148148 0.07380208333333335
1 0.5592650462962963 0.42494791666666665 0.09443287037037038 0.07947916666666668
1 0.627884837962963 0.44716145833333326 0.09912037037037039 0.07979166666666657
1 0.6933998842592592 0.46877604166666664 0.08333333333333322 0.07562500000000014
1 0.7630902777777778 0.4930208333333333 0.10445601851851852 0.09260416666666664
1 0.8266319444444445 0.5148958333333333 0.09854166666666657 0.08364583333333328
1 0.8909751157407406 0.5364322916666666 0.100277777777778 0.07208333333333332
1 0.8764756944444445 0.47588541666666667 0.10755208333333321 0.07723958333333325
1 0.8129947916666665 0.45283854166666665 0.09546874999999995 0.06942708333333325
1 0.7477285879629629 0.433984375 0.09769097222222226 0.06723958333333328
1 0.6848871527777778 0.4137239583333333 0.09206018518518526 0.06374999999999997
1 0.6251909722222222 0.39328124999999997 0.08991898148148145 0.06750000000000007
1 0.562410300925926 0.3718489583333333 0.0809606481481481 0.0598958333333333
1 0.4940596064814814 0.3520052083333333 0.08420717592592589 0.062447916666666624
1 0.43576388888888895 0.33479166666666665 0.079681712962963 0.06526041666666664
1 0.3729369212962963 0.30669270833333334 0.08104166666666668 0.0614583333333333
1 0.3092534722222222 0.2875520833333333 0.07832175925925924 0.06906249999999999
1 0.24466145833333336 0.2632552083333334 0.08168981481481481 0.07395833333333339
1 0.18070891203703704 0.24174479166666668 0.0856770833333333 0.07578125
1 0.11270254629629631 0.21526041666666665 0.09805555555555556 0.07427083333333331
1 0.11413483796296295 0.12716145833333334 0.07573495370370371 0.06421874999999999
1 0.17140624999999998 0.14901041666666667 0.08326388888888889 0.05927083333333334
1 0.22960069444444448 0.1681770833333333 0.07146412037037034 0.056927083333333336
1 0.28464988425925924 0.18752604166666667 0.08104166666666668 0.06145833333333335
1 0.3398611111111111 0.20375000000000001 0.06879629629629633 0.050520833333333307
1 0.3964728009259259 0.223203125 0.07154513888888889 0.05848958333333334
1 0.45259259259259255 0.24458333333333332 0.06665509259259253 0.05427083333333336
1 0.5041261574074074 0.26369791666666664 0.07269097222222225 0.06557291666666672
1 0.5599363425925926 0.28348958333333335 0.07771412037037032 0.057343749999999985
1 0.6174508101851852 0.3006510416666667 0.0706018518518519 0.055312499999999966
1 0.6731799768518518 0.3220052083333333 0.0769328703703703 0.05729166666666661
1 0.7253327546296295 0.344296875 0.07787615740740747 0.06046874999999998
1 0.7811834490740741 0.36330729166666664 0.0769328703703703 0.05729166666666661
1 0.8361313657407408 0.38460937500000003 0.0810416666666665 0.0614583333333333
1 0.8159461805555555 0.33544270833333334 0.08170138888888881 0.05916666666666668
1 0.767583912037037 0.323203125 0.07989583333333332 0.05437500000000002
1 0.7180237268518519 0.303828125 0.07196180555555554 0.05151041666666671
1 0.6672309027777779 0.285546875 0.07085648148148138 0.045208333333333336
1 0.6148755787037037 0.2671614583333334 0.07196180555555554 0.05151041666666671
1 0.5649247685185186 0.24776041666666665 0.06563078703703695 0.049531249999999985
1 0.5113368055555556 0.23046875 0.06468750000000015 0.046354166666666696
1 0.45939236111111104 0.21171875 0.06563078703703695 0.049531249999999985
1 0.4046325231481481 0.19434895833333332 0.06254629629629634 0.05010416666666666
1 0.35474247685185184 0.17377604166666666 0.060862268518518545 0.04765625
1 0.14211516203703703 0.10158854166666667 0.08228009259259261 0.05531250000000001
1 0.19496238425925924 0.118046875 0.07101851851851855 0.04833333333333334
1 0.2468460648148148 0.13796875 0.06863425925925934 0.047395833333333345
1 0.30127604166666666 0.154140625 0.06809606481481482 0.052031250000000015
1 0.13945601851851852 0.03947916666666667 0.06879629629629629 0.050520833333333334
1 0.15952835648148148 0.022786458333333332 0.06531828703703706 0.028489583333333336
1 0.20277199074074073 0.03546875000000001 0.06674768518518519 0.041041666666666664
1 0.19067997685185184 0.057005208333333335 0.06348958333333332 0.05328124999999999
1 0.23460358796296293 0.07169270833333333 0.06144097222222218 0.04380208333333333
1 0.2505410879629629 0.05158854166666667 0.059837962962962975 0.04291666666666667
1 0.2841637731481481 0.09106770833333333 0.06168402777777775 0.04848958333333333
1 0.29586516203703705 0.06950520833333333 0.05745370370370369 0.04197916666666666
1 0.32999999999999996 0.10666666666666666 0.060862268518518545 0.04765625
1 0.33849537037037036 0.08645833333333333 0.059837962962962975 0.04291666666666667
1 0.37610532407407404 0.12463541666666667 0.05711805555555553 0.05052083333333335
1 0.3857465277777778 0.09744791666666666 0.052725694444444395 0.040885416666666674
1 0.4224131944444444 0.13869791666666667 0.05991898148148156 0.04447916666666667
1 0.4302488425925926 0.11609375000000002 0.05436921296296297 0.042552083333333345
1 0.47433449074074074 0.12765625 0.05963541666666661 0.03901041666666667
1 0.4698321759259259 0.15401041666666665 0.059837962962962975 0.04291666666666667
1 0.5203182870370371 0.14796875 0.05885416666666661 0.03895833333333334
1 0.512980324074074 0.17609375 0.06460648148148138 0.04479166666666665
1 0.5626388888888889 0.16333333333333333 0.06374421296296298 0.043177083333333324
1 0.5627430555555556 0.1915625 0.060943287037036956 0.04921875
1 0.6087239583333334 0.18169270833333334 0.059797453703703596 0.04213541666666663
1 0.6101215277777777 0.20765625000000001 0.058975694444444574 0.041302083333333336
1 0.6514554398148148 0.19669270833333335 0.05963541666666679 0.03901041666666667
1 0.6550347222222223 0.22593749999999999 0.0556886574074074 0.037968750000000016
1 0.6935271990740741 0.209296875 0.06300347222222236 0.043906250000000015
1 0.7002719907407406 0.23796875 0.06468750000000015 0.046354166666666606
1 0.7388917824074074 0.22643229166666665 0.06777199074074076 0.045781250000000016
1 0.745245949074074 0.255078125 0.062019675925925985 0.03994791666666666
1 0.7769357638888889 0.24111979166666667 0.06612847222222218 0.04411458333333336
1 0.7919444444444445 0.26916666666666667 0.06152199074074076 0.045364583333333285
1 0.275625 0.028958333333333336 0.05656249999999998 0.024791666666666667
1 0.3191116898148148 0.036953124999999996 0.055526620370370414 0.03484374999999999
1 0.3282118055555555 0.027760416666666666 0.05295138888888893 0.015208333333333334
1 0.3593923611111111 0.046302083333333334 0.05745370370370377 0.04197916666666666
1 0.3666203703703704 0.035416666666666666 0.049571759259259274 0.02510416666666666
1 0.3973958333333333 0.06177083333333333 0.04956018518518519 0.03989583333333333
1 0.4049479166666667 0.044635416666666664 0.052604166666666605 0.03854166666666666
1 0.44621238425925924 0.05013020833333333 0.048535879629629616 0.03515625
1 0.4430237268518519 0.073828125 0.05659143518518519 0.04036458333333335
1 0.4828616898148148 0.06903645833333334 0.052725694444444395 0.04088541666666666
1 0.4789322916666666 0.09190104166666667 0.05252314814814803 0.036979166666666674
1 0.5229195601851852 0.08268229166666666 0.0525231481481482 0.036979166666666674
1 0.5204918981481481 0.10682291666666668 0.05581018518518519 0.04031250000000001
1 0.5623842592592593 0.10020833333333332 0.05400462962962962 0.03552083333333335
1 0.5625231481481482 0.12020833333333333 0.054866898148148026 0.03713541666666664
1 0.6008998842592592 0.113359375 0.05581018518518519 0.040312500000000015
1 0.6053819444444445 0.1403125 0.05380208333333343 0.031614583333333356
1 0.6373206018518518 0.1291145833333333 0.054866898148148026 0.03713541666666664
1 0.6447395833333334 0.15234375 0.049357638888889 0.03598958333333333
1 0.6770081018518519 0.14234375 0.045370370370370415 0.03416666666666668
1 0.6844675925925927 0.16479166666666667 0.04586805555555564 0.028750000000000008
1 0.7174971064814815 0.15523437499999998 0.050260416666666786 0.03838541666666666
1 0.7224710648148148 0.18026041666666667 0.049814814814814666 0.02979166666666666
1 0.7489814814814815 0.16791666666666666 0.055607638888888825 0.036406250000000015
1 0.7610879629629629 0.19145833333333334 0.05306134259259245 0.032343749999999984
1 0.455697337962963 0.033515625 0.041730324074073975 0.009010416666666665
1 0.48972800925925924 0.04244791666666667 0.039293981481481485 0.022083333333333333
1 0.5253009259259259 0.051875000000000004 0.05298032407407405 0.03078124999999999
1 0.5265277777777777 0.043333333333333335 0.0469444444444445 0.01947916666666667
1 0.5581452546296296 0.06856770833333334 0.033206018518518475 0.024791666666666656
1 0.561400462962963 0.051145833333333335 0.04126157407407405 0.02999999999999999
1 0.5935561342592592 0.08111979166666668 0.04673032407407405 0.03036458333333334
1 0.5976938657407407 0.061796874999999994 0.04458912037037042 0.034114583333333344
1 0.6274855324074075 0.09200520833333334 0.04586805555555564 0.028749999999999987
1 0.6303096064814815 0.07533854166666666 0.042204861111111214 0.033177083333333336
1 0.6664930555555555 0.10322916666666666 0.04356481481481485 0.029375000000000005
1 0.6630671296296297 0.08614583333333334 0.04935763888888882 0.03598958333333333
1 0.6976359953703704 0.09981770833333334 0.05306134259259245 0.032343750000000004
1 0.6965625 0.12052083333333333 0.04804976851851848 0.02578125
1 0.7308449074074075 0.10947916666666666 0.04833333333333343 0.03125
1 0.7379947916666667 0.13033854166666667 0.045949074074074045 0.03031250000000001