0 0.9468663194444445 0.7786197916666667 0.10626736111111086 0.3407465277777778
0 0.8158825231481481 0.7023003472222221 0.2191087962962964 0.3696527777777778
0 0.6733940972222222 0.6120920138888889 0.22289930555555557 0.35411458333333334
0 0.5518605324074073 0.5554079861111111 0.20403356481481474 0.33807291666666667
0 0.4523321759259259 0.46307291666666667 0.20762731481481483 0.2959722222222222
0 0.34631944444444446 0.39197916666666666 0.1973263888888889 0.27621527777777766
0 0.2626678240740741 0.33328125 0.20108796296296294 0.2567708333333333
0 0.18465277777777778 0.2971180555555556 0.18682291666666667 0.22911458333333332
0 0.10380787037037036 0.248125 0.15710069444444447 0.22376736111111112
0 0.298822337962963 0.7837239583333334 0.3163773148148149 0.4249305555555555
0 0.18158854166666666 0.674592013888889 0.2698726851851852 0.3684374999999999
1 0.44439814814814815 0.8160416666666667 0.2697685185185186 0.35437499999999994
1 0.11654224537037036 0.5959461805555556 0.22683449074074075 0.35810763888888886
1 0.08325810185185185 0.4802604166666667 0.16149305555555554 0.2894791666666666
0 0.5940393518518519 0.1313541666666667 0.12469328703703689 0.17227430555555556
1 0.5153009259259259 0.10302083333333334 0.13233796296296294 0.14979166666666668
0 0.4451417824074074 0.07254340277777778 0.1166782407407407 0.14475694444444445
0 0.3754571759259259 0.05703125 0.11806712962962962 0.1140625
1 0.3007667824074074 0.045425347222222225 0.09442708333333334 0.09085069444444445