0 0.0578125 0.815234375 0.115234375 0.334765625
0 0.197265625 0.730859375 0.20390625 0.3578125
0 0.3359375 0.6328125 0.20859375 0.3421875
0 0.4546875 0.569140625 0.190625 0.326953125
0 0.55 0.47109375 0.1953125 0.284765625
0 0.653125 0.394140625 0.186328125 0.265234375
0 0.733984375 0.330859375 0.190625 0.24609375
0 0.810546875 0.290234375 0.17734375 0.219140625
0 0.8890625 0.23671875 0.1484375 0.215234375
0 0.7171875 0.7828125 0.29921875 0.4078125
0 0.829296875 0.6671875 0.255078125 0.35390625
1 0.573046875 0.826953125 0.255078125 0.34609375
1 0.8921875 0.584765625 0.215625 0.34609375
1 0.922265625 0.4671875 0.155078125 0.280859375
0 0.39453125 0.148046875 0.117578125 0.165234375
1 0.472265625 0.115234375 0.1265625 0.1421875
0 0.541015625 0.080859375 0.1109375 0.13828125
0 0.609765625 0.0578125 0.112890625 0.115234375
1 0.683984375 0.044140625 0.091015625 0.08828125