0 0.0421875 0.1 0.03984375 0.1328125
0 0.085546875 0.105859375 0.038671875 0.115234375
0 0.121484375 0.103125 0.03984375 0.126953125
0 0.15859375 0.1 0.04296875 0.109375
0 0.204296875 0.095703125 0.04296875 0.10078125
0 0.2484375 0.1125 0.04296875 0.09765625
0 0.28828125 0.1078125 0.04296875 0.10078125
0 0.3265625 0.1078125 0.04296875 0.10078125
0 0.36953125 0.113671875 0.04296875 0.10078125
0 0.409375 0.105859375 0.03984375 0.103515625
0 0.4484375 0.1 0.03515625 0.103515625
0 0.494921875 0.1015625 0.03984375 0.11796875
0 0.608984375 0.09296875 0.047265625 0.12421875
0 0.649609375 0.1 0.03984375 0.12109375
0 0.689453125 0.1109375 0.037109375 0.1125
0 0.732421875 0.113671875 0.04296875 0.1125
0 0.771484375 0.113671875 0.038671875 0.1125
0 0.812109375 0.12265625 0.03984375 0.1125
0 0.851953125 0.105859375 0.030859375 0.115234375
0 0.887890625 0.1078125 0.04453125 0.12421875
0 0.930078125 0.109375 0.03984375 0.12109375
0 0.96953125 0.1125 0.037109375 0.1328125
0 0.140234375 0.319921875 0.070703125 0.052734375
0 0.134375 0.37578125 0.070703125 0.064453125
0 0.128515625 0.4421875 0.0765625 0.07421875
0 0.121484375 0.53984375 0.078125 0.07421875
0 0.1203125 0.6125 0.06953125 0.0703125
0 0.112890625 0.6765625 0.072265625 0.0828125
0 0.109765625 0.75546875 0.06640625 0.0859375
0 0.10234375 0.818359375 0.06328125 0.0828125
0 0.09609375 0.890625 0.06484375 0.0859375
0 0.090625 0.963671875 0.078125 0.07265625
0 0.292578125 0.308203125 0.06953125 0.05859375
0 0.28828125 0.359765625 0.075 0.05
0 0.285546875 0.4421875 0.060546875 0.07421875
0 0.2765625 0.525 0.06953125 0.0671875
0 0.2765625 0.594140625 0.06640625 0.052734375
0 0.27890625 0.659375 0.073828125 0.064453125
0 0.273046875 0.7359375 0.070703125 0.0828125
0 0.272265625 0.8109375 0.06640625 0.06171875
0 0.26171875 0.8921875 0.06953125 0.0703125
0 0.26015625 0.96640625 0.06953125 0.064453125
0 0.378125 0.963671875 0.084375 0.07265625
0 0.379296875 0.884765625 0.0796875 0.0671875
0 0.3859375 0.8140625 0.08125 0.06171875
1 0.3859375 0.73125 0.075 0.07421875
0 0.38515625 0.66796875 0.082421875 0.05859375
0 0.386328125 0.597265625 0.0765625 0.0703125
0 0.387109375 0.521875 0.08125 0.06171875
0 0.3859375 0.441015625 0.08671875 0.05859375
0 0.387890625 0.37578125 0.073828125 0.052734375
0 0.384375 0.3140625 0.08125 0.05859375
0 0.5359375 0.3140625 0.078125 0.052734375
0 0.542578125 0.38046875 0.070703125 0.0671875
0 0.542578125 0.4453125 0.06796875 0.06171875
0 0.545703125 0.530859375 0.06796875 0.07421875
1 0.544140625 0.6046875 0.070703125 0.06171875
0 0.54921875 0.6578125 0.078125 0.07421875
0 0.545703125 0.74453125 0.0765625 0.0828125
1 0.542578125 0.821875 0.073828125 0.0703125
0 0.547265625 0.904296875 0.0765625 0.0703125
1 0.5484375 0.962890625 0.0765625 0.064453125
0 0.64609375 0.3140625 0.06484375 0.05859375
0 0.64453125 0.37578125 0.06796875 0.05859375
0 0.6421875 0.4453125 0.072265625 0.07421875
0 0.648828125 0.529296875 0.062109375 0.05859375
0 0.649609375 0.6015625 0.06953125 0.080078125
0 0.65546875 0.673828125 0.072265625 0.064453125
0 0.652734375 0.740234375 0.075 0.091796875
0 0.65703125 0.821875 0.083984375 0.09453125
0 0.66171875 0.9 0.083984375 0.0859375
0 0.6625 0.96484375 0.0796875 0.05546875
0 0.795703125 0.315625 0.075 0.05546875
0 0.79921875 0.383203125 0.070703125 0.080078125
0 0.8078125 0.4484375 0.08125 0.0671875
0 0.810546875 0.54140625 0.075 0.07734375
0 0.812890625 0.6046875 0.085546875 0.080078125
0 0.823046875 0.672265625 0.085546875 0.07421875
0 0.82734375 0.74453125 0.085546875 0.07734375
0 0.83046875 0.806640625 0.073828125 0.05859375
0 0.83125 0.884765625 0.072265625 0.0859375
0 0.834765625 0.96015625 0.06796875 0.064453125
0 0.89453125 0.327734375 0.072265625 0.05546875
0 0.901171875 0.4015625 0.073828125 0.0671875
0 0.903125 0.45859375 0.078125 0.064453125
0 0.91328125 0.548828125 0.0796875 0.06171875
1 0.926171875 0.6078125 0.082421875 0.05
0 0.94375 0.97109375 0.082421875 0.0578125