0 0.093671875 0.2027199074074074 0.10145833333333334 0.1638425925925926
0 0.14791666666666667 0.20113425925925926 0.15630208333333334 0.19041087962962963
0 0.21223958333333334 0.19822627314814817 0.15364583333333331 0.17398148148148146
0 0.27208333333333334 0.19264756944444444 0.15218749999999998 0.18722800925925925
1 0.3389322916666667 0.19830439814814815 0.15062499999999995 0.1754976851851852
0 0.4025 0.18993344907407408 0.15010416666666662 0.19109953703703703
1 0.46976562499999996 0.18424479166666669 0.13505208333333343 0.1760474537037037
1 0.53171875 0.17511574074074074 0.14625000000000005 0.19182291666666665
0 0.5996354166666666 0.16746238425925924 0.14567708333333335 0.19493634259259257
1 0.6628385416666667 0.16535300925925928 0.11687499999999992 0.17265625
0 0.7355729166666667 0.16544849537037037 0.14958333333333335 0.18328703703703705
0 0.8261458333333334 0.1809201388888889 0.14499999999999993 0.2081944444444444
0 0.8815104166666667 0.23718750000000002 0.18057291666666667 0.19155092592592593
0 0.9119010416666666 0.30594618055555556 0.16989583333333336 0.17188078703703696
1 0.928984375 0.37451099537037036 0.13963541666666685 0.1394328703703703
0 0.9292187500000001 0.4341724537037037 0.14156249999999987 0.12885416666666671
1 0.944921875 0.4905179398148148 0.11015625 0.12004050925925931
0 0.9566927083333333 0.550138888888889 0.08661458333333343 0.1189699074074074
1 0.3486979166666667 0.44449652777777776 0.10374999999999997 0.11626736111111118
1 0.4008072916666666 0.47539641203703703 0.10859375 0.14209490740740732
1 0.4476822916666666 0.5040277777777777 0.09260416666666664 0.13639467592592602
1 0.4936197916666666 0.5244618055555555 0.10005208333333329 0.13104166666666667
1 0.54125 0.5526909722222222 0.09098958333333336 0.12388310185185177
1 0.5904427083333333 0.5808969907407407 0.09359374999999996 0.1278240740740742
1 0.635 0.5982233796296296 0.09057291666666671 0.10592592592592602
1 0.5365624999999999 0.4237268518518519 0.09203125000000015 0.12780092592592598
0 0.5946875 0.45101851851851854 0.1036979166666665 0.13890046296296302
1 0.6377604166666666 0.4812702546296297 0.10692708333333342 0.12880208333333343
0 0.698046875 0.5057928240740741 0.10786458333333329 0.11945023148148141
1 0.7301041666666667 0.5350347222222223 0.11130208333333336 0.12418402777777775
0 0.7762239583333332 0.558203125 0.10630208333333328 0.11942708333333325
0 0.6751302083333333 0.631255787037037 0.10057291666666668 0.11543981481481484
0 0.7180989583333334 0.654079861111111 0.10166666666666657 0.10843171296296283
0 0.8581770833333333 0.7259056712962962 0.11114583333333314 0.11013310185185184
0 0.8145052083333333 0.7042650462962963 0.09572916666666664 0.11302662037037034
0 0.7743489583333333 0.676707175925926 0.10958333333333332 0.12181712962962976
0 0.8887760416666666 0.9326880787037037 0.08901041666666672 0.09419560185185176
0 0.8570833333333333 0.9206452546296295 0.08213541666666657 0.0964351851851852
0 0.8197135416666667 0.893828125 0.08625000000000008 0.09961805555555543
0 0.782265625 0.8775694444444444 0.0900520833333335 0.09811342592592567
0 0.7528385416666667 0.858454861111111 0.07781249999999992 0.09012731481481495
0 0.7179427083333334 0.8335561342592592 0.08374999999999985 0.09723958333333335
0 0.6708072916666666 0.8127488425925925 0.08317708333333336 0.10035300925925919
0 0.6275000000000001 0.7907118055555555 0.09437500000000014 0.08100694444444442
1 0.5801822916666667 0.7730353009259259 0.09473958333333332 0.08647569444444443
0 0.5395833333333334 0.7505671296296296 0.08838541666666658 0.08482060185185177
1 0.4946093749999999 0.7269907407407408 0.09541666666666657 0.08492476851851852
0 0.45572916666666663 0.7068431712962963 0.09593750000000015 0.0810300925925926
0 0.41104166666666664 0.6875636574074073 0.08635416666666665 0.08947337962962969
0 0.35750000000000004 0.6703703703703704 0.09223958333333329 0.08409722222222235
0 0.31190104166666666 0.6432841435185186 0.09859375000000004 0.08575231481481485
0 0.262890625 0.6236776620370371 0.0859375 0.0832233796296297
0 0.21317708333333335 0.6052546296296296 0.07625000000000001 0.07839699074074069
0 0.160546875 0.5724074074074075 0.08682291666666667 0.08479745370370359
0 0.10846354166666665 0.5477633101851852 0.08791666666666666 0.08949652777777786
0 0.062109375 0.5269444444444444 0.06078125000000001 0.10392361111111122