0 0.8753877314814815 0.860089699074074 0.1584722222222222 0.279820601851852
0 0.7790248842592593 0.8291753472222222 0.20637152777777779 0.34164930555555556
0 0.6353096064814815 0.7775318287037037 0.24344328703703705 0.386875
0 0.5031394675925925 0.7284953703703703 0.24052083333333338 0.367326388888889
0 0.37644965277777775 0.6791087962962963 0.24052083333333335 0.3673263888888888
0 0.2657175925925926 0.6317939814814816 0.24259259259259255 0.3845254629629629
0 0.1255497685185185 0.6147251157407407 0.251099537037037 0.35414930555555557
0 0.07209780092592592 0.5501851851851851 0.14419560185185185 0.33943287037037034
1 0.9259519675925926 0.48899594907407407 0.12596643518518533 0.21807291666666676
1 0.960474537037037 0.18098090277777779 0.07317129629629626 0.14972800925925922
0 0.8328530092592592 0.4531423611111111 0.16403935185185184 0.21132523148148152
0 0.7287673611111111 0.43205439814814817 0.16610532407407402 0.20196759259259256
0 0.6206539351851852 0.388666087962963 0.18534722222222227 0.24506944444444442
0 0.5260590277777778 0.36374131944444443 0.15078125 0.2120081018518519
0 0.4359056712962962 0.3075925925925926 0.17987847222222225 0.24502893518518523
1 0.3649971064814815 0.3008159722222222 0.14814236111111115 0.22839120370370364
0 0.2843431712962963 0.25372395833333333 0.16048032407407414 0.22301504629629632
0 0.22551793981481483 0.20835648148148148 0.18100694444444443 0.25675347222222217
0 0.1528443287037037 0.18203125 0.16638310185185184 0.21134259259259255
0 0.07755497685185185 0.13849537037037035 0.11178819444444443 0.2140625
0 0.9106278935185184 0.16224826388888888 0.08903356481481453 0.18421296296296297
1 0.8365943287037038 0.15544849537037037 0.09116319444444443 0.15064236111111112
1 0.7792129629629629 0.1272829861111111 0.08258680555555564 0.12480324074074076
1 0.7083738425925926 0.11816261574074075 0.0997800925925926 0.15148726851851851
0 0.6388831018518519 0.08990740740740741 0.0909548611111111 0.1436111111111111
1 0.5809143518518518 0.06837962962962964 0.10448495370370363 0.12574652777777778
0 0.5246672453703705 0.054678819444444436 0.08660300925925916 0.10218171296296297
1 0.46304398148148146 0.0378125 0.08016203703703706 0.06932870370370371