0 0.056640625 0.822265625 0.11328125 0.30703125
0 0.15625 0.81015625 0.151171875 0.37734375
0 0.309765625 0.751171875 0.188671875 0.36484375
0 0.448046875 0.719921875 0.188671875 0.344921875
0 0.58125 0.6875 0.188671875 0.344921875
0 0.698046875 0.655078125 0.188671875 0.3625
0 0.84140625 0.65625 0.2046875 0.330078125
0 0.926953125 0.60234375 0.14609375 0.32265625
1 0.05625 0.42734375 0.1125 0.205078125
1 0.059765625 0.117578125 0.0875 0.13984375
0 0.162890625 0.405078125 0.134765625 0.194921875
0 0.26953125 0.39765625 0.138671875 0.18515625
0 0.383203125 0.36875 0.151171875 0.22734375
0 0.48046875 0.35625 0.12109375 0.19765625
0 0.578515625 0.3125 0.14609375 0.22734375
1 0.65 0.31484375 0.116015625 0.21484375
0 0.737109375 0.27890625 0.1296875 0.207421875
0 0.801953125 0.24140625 0.144921875 0.23984375
0 0.878125 0.225 0.1375 0.194921875
0 0.959375 0.19140625 0.08125 0.205078125
0 0.1296875 0.107421875 0.0625 0.17734375
1 0.204296875 0.11015625 0.069921875 0.142578125
1 0.265234375 0.08984375 0.06484375 0.117578125
1 0.337109375 0.08984375 0.078515625 0.142578125
0 0.41015625 0.07109375 0.07109375 0.13515625
1 0.47109375 0.057421875 0.0875 0.11484375
0 0.52890625 0.048828125 0.072265625 0.09765625
1 0.592578125 0.036328125 0.069921875 0.07265625