1 0.9045717592592591 0.215625 0.1295717592592595 0.17111111111111113
1 0.9415653935185185 0.0696875 0.11345486111111107 0.1360763888888889
1 0.8236400462962964 0.0678125 0.13405671296296298 0.135625
1 0.6940972222222221 0.06428385416666667 0.13651620370370382 0.12856770833333334
1 0.5716145833333334 0.05838541666666667 0.15040509259259274 0.11677083333333334
1 0.43897569444444445 0.057291666666666664 0.13767361111111107 0.11458333333333333
1 0.32015335648148147 0.051493055555555556 0.15031828703703703 0.10298611111111111
1 0.19790219907407408 0.05375868055555556 0.14482060185185186 0.10751736111111113
1 0.09903067129629631 0.04622395833333333 0.1113136574074074 0.09244791666666666
1 0.1238136574074074 0.14230034722222223 0.13752893518518522 0.15430555555555553
1 0.23039641203703703 0.1601822916666667 0.17378472222222224 0.16449652777777776
1 0.3410445601851852 0.16306423611111112 0.1604166666666666 0.1826215277777778
1 0.45066550925925924 0.17262152777777778 0.1455729166666666 0.18196180555555555
1 0.559866898148148 0.18297743055555554 0.1659143518518519 0.18364583333333337
0 0.6711516203703705 0.2002604166666667 0.14360532407407406 0.1920138888888889
0 0.7855758101851852 0.2170138888888889 0.13145254629629638 0.17977430555555554
0 0.9249421296296296 0.43427951388888886 0.09673032407407404 0.1056944444444444
0 0.8357783564814815 0.43044270833333337 0.09450231481481489 0.10871527777777779
0 0.7425491898148149 0.420546875 0.09887152777777786 0.10032986111111111
0 0.6417534722222221 0.41488715277777777 0.09215856481481488 0.10861111111111103
0 0.5543692129629629 0.40512152777777777 0.09505208333333322 0.10250000000000004
0 0.4680266203703704 0.39881944444444445 0.10787037037037024 0.11164930555555559
0 0.37873263888888886 0.38796875000000003 0.1070601851851852 0.11083333333333326
0 0.2873263888888889 0.3815017361111111 0.1049479166666667 0.11697916666666668
0 0.20222800925925927 0.38372395833333334 0.10694444444444447 0.10770833333333334
0 0.11235532407407407 0.37796875 0.0870949074074074 0.0982465277777778
0 0.032045717592592594 0.37234375000000003 0.06409143518518519 0.09911458333333326
1 0.06508969907407408 0.4537760416666667 0.10477430555555556 0.11229166666666668
1 0.15305266203703705 0.4584461805555556 0.11310763888888889 0.10564236111111107
1 0.23247974537037036 0.4724652777777778 0.10407986111111107 0.09354166666666668
1 0.3105758101851852 0.48030381944444445 0.10083912037037042 0.09027777777777786
0 0.393359375 0.4984635416666666 0.08553240740740745 0.09817708333333322
1 0.4765335648148148 0.49554687499999994 0.08764467592592595 0.09203125000000015
0 0.5502604166666667 0.5160590277777778 0.09765625 0.10963541666666661
0 0.6384403935185186 0.5043402777777778 0.10827546296296298 0.10152777777777774
1 0.727835648148148 0.5019270833333334 0.08764467592592595 0.09203125000000015
1 0.805367476851852 0.5039409722222222 0.10121527777777777 0.10043402777777785
1 0.889597800925926 0.5146267361111111 0.10133101851851833 0.10355902777777785
1 0.9110966435185185 0.6396354166666667 0.08469328703703702 0.07552083333333322
1 0.8354890046296296 0.6383159722222222 0.08075810185185191 0.07456597222222214
1 0.7619068287037037 0.6244270833333333 0.08394097222222233 0.07626736111111114
1 0.69609375 0.6218923611111111 0.07890625 0.06668402777777782
1 0.6247395833333333 0.6215538194444445 0.09881365740740744 0.07770833333333335
1 0.5505497685185186 0.6135416666666667 0.08058449074074084 0.06987847222222214
1 0.477662037037037 0.6124913194444445 0.07256944444444446 0.0640625
1 0.4140046296296296 0.6044010416666666 0.08752893518518516 0.06784722222222221
1 0.34321469907407404 0.5993576388888889 0.09296875 0.06730902777777778
1 0.27513020833333335 0.5949739583333333 0.07578125 0.066545138888889
1 0.20283564814814814 0.5884375000000001 0.09577546296296298 0.07991319444444436
1 0.13673321759259258 0.5831857638888889 0.09157986111111112 0.07192708333333328
1 0.07024016203703703 0.577951388888889 0.09577546296296295 0.058854166666666784
1 0.0939380787037037 0.6330555555555556 0.10217013888888889 0.06303819444444443
1 0.1599826388888889 0.6398697916666667 0.09100115740740744 0.05630208333333329
1 0.2269820601851852 0.6419618055555556 0.09325810185185188 0.054062500000000034
1 0.2919415509259259 0.646484375 0.08848379629629628 0.05151041666666671
1 0.35416666666666663 0.6511284722222221 0.08472222222222223 0.05524305555555564
1 0.41909722222222223 0.6564322916666667 0.07670717592592595 0.04942708333333332
1 0.48998842592592595 0.6587413194444445 0.0799189814814815 0.05190972222222214
1 0.5495659722222223 0.6611631944444445 0.07459490740740744 0.05557291666666675
1 0.6158275462962963 0.6726475694444445 0.07676504629629619 0.050989583333333324
1 0.6816261574074074 0.6755729166666666 0.07239583333333321 0.059375
1 0.7488136574074075 0.6831163194444445 0.07491319444444429 0.06416666666666657
1 0.815306712962963 0.6883506944444445 0.07884837962962976 0.06512152777777765
1 0.8863425925925927 0.6972829861111112 0.09273726851851834 0.06105902777777779
1 0.8983796296296296 0.7829340277777778 0.07065972222222214 0.0546180555555555
1 0.8385850694444444 0.7758420138888888 0.07902199074074083 0.04875000000000007
1 0.7786747685185185 0.771875 0.06730324074074083 0.04822916666666668
1 0.7211516203703704 0.7666319444444445 0.07598379629629619 0.05095486111111107
1 0.6642939814814814 0.7644791666666666 0.06550925925925917 0.041909722222222355
1 0.6055700231481481 0.7600694444444445 0.06657986111111107 0.04975694444444443
1 0.547337962962963 0.7529079861111111 0.06174768518518512 0.045642361111111106
1 0.49334490740740744 0.7471180555555555 0.06684027777777786 0.056788194444444426
1 0.43504050925925924 0.7419097222222222 0.07352430555555553 0.0477256944444445
1 0.375853587962963 0.7394704861111111 0.06646412037037042 0.04663194444444443
1 0.31799768518518523 0.7326822916666667 0.07274305555555553 0.04769097222222225
1 0.26296296296296295 0.7234288194444444 0.07285879629629637 0.050815972222222075
1 0.20502025462962964 0.718984375 0.07274305555555553 0.04769097222222207
1 0.14755497685185187 0.7121788194444444 0.07676504629629628 0.050989583333333324
1 0.17521701388888888 0.7550173611111111 0.07743055555555553 0.04789930555555557
1 0.2243634259259259 0.7547829861111112 0.07647569444444446 0.043177083333333324
1 0.2767795138888889 0.7610329861111111 0.06863425925925926 0.042048611111111
1 0.32923900462962963 0.7661111111111112 0.06840277777777777 0.035798611111111
1 0.38365162037037037 0.7711024305555556 0.06863425925925926 0.042048611111111
1 0.4356626157407407 0.7777604166666666 0.06235532407407405 0.04098958333333336
1 0.4913049768518519 0.7811371527777777 0.06145833333333321 0.037829861111111106
1 0.5453269675925926 0.7861458333333333 0.06235532407407405 0.04098958333333336
1 0.601736111111111 0.7898784722222223 0.05847800925925917 0.041597222222222285
1 0.6541087962962963 0.7973003472222222 0.05685763888888893 0.03996527777777779
1 0.8749710648148149 0.8147829861111111 0.07884837962962976 0.044062500000000074
1 0.820486111111111 0.8117447916666667 0.06773726851851869 0.03888888888888893
1 0.7657407407407407 0.8052083333333332 0.06536458333333339 0.03800347222222209
1 0.7100405092592592 0.8033940972222222 0.06475694444444446 0.04265624999999993
1 0.8868055555555555 0.8743142361111111 0.06550925925925917 0.041909722222222
1 0.8702546296296296 0.9000086805555556 0.06417824074074083 0.02703124999999993
1 0.825245949074074 0.8938194444444445 0.06435185185185191 0.03171875000000028
1 0.8335358796296296 0.8700520833333332 0.05859375 0.04472222222222229
1 0.788035300925926 0.8666145833333333 0.058246527777777855 0.03534722222222229
1 0.775853587962963 0.8901649305555555 0.05746527777777786 0.03531249999999986
1 0.736400462962963 0.8603298611111111 0.05763888888888893 0.039999999999999855
1 0.7285011574074074 0.8840798611111111 0.054340277777777855 0.03517361111111121
1 0.6889612268518519 0.8565885416666668 0.05685763888888893 0.03996527777777779
1 0.6834780092592593 0.8782812499999999 0.05746527777777786 0.03531249999999986
1 0.640842013888889 0.8501475694444445 0.05231481481481488 0.04366319444444429
1 0.635474537037037 0.8792447916666667 0.04962384259259256 0.034184027777777716
1 0.5929542824074074 0.8479861111111111 0.05596064814814809 0.036805555555555716
1 0.5889322916666667 0.87234375 0.05124421296296298 0.035815972222222214
1 0.5433159722222223 0.8720312499999998 0.05729166666666661 0.030624999999999857
1 0.5439236111111111 0.8450954861111111 0.05746527777777786 0.03531249999999986
1 0.4952835648148149 0.8632465277777778 0.056510416666666785 0.030590277777777786
1 0.4979166666666667 0.8342708333333334 0.061400462962962976 0.036267361111111285
1 0.45098379629629626 0.8589756944444445 0.06134259259259256 0.03470486111111128
1 0.44652777777777786 0.8318749999999999 0.056915509259259166 0.04152777777777779
1 0.40285011574074076 0.8529253472222222 0.05662615740740744 0.03371527777777779
1 0.39714988425925923 0.8278298611111111 0.05584490740740744 0.03368055555555571
1 0.35855034722222223 0.8486545138888889 0.05729166666666661 0.030624999999999857
1 0.3502170138888889 0.8209461805555556 0.0533854166666667 0.030451388888888785
1 0.31494502314814815 0.8466927083333333 0.06061921296296298 0.036232638888888856
1 0.3038194444444445 0.820668402777778 0.06145833333333339 0.037829861111111286
1 0.2675636574074074 0.8413888888888887 0.06452546296296298 0.036406250000000286
1 0.25721932870370373 0.8153298611111112 0.059664351851851906 0.03151041666666652
1 0.22795138888888888 0.8369097222222223 0.06290509259259255 0.034774305555555426
1 0.20894097222222224 0.8131857638888889 0.05830439814814812 0.03690972222222229
1 0.8826678240740741 0.9439149305555556 0.05338541666666678 0.030451388888889142
1 0.8701967592592592 0.9542187500000001 0.05665509259259238 0.013437499999999858
1 0.8396556712962961 0.936467013888889 0.05960648148148166 0.02994791666666643
1 0.827416087962963 0.9510503472222223 0.05546875 0.023524305555555715
1 0.7960069444444444 0.9356770833333332 0.05584490740740726 0.03368055555555571
1 0.7853153935185185 0.9505815972222222 0.05251736111111107 0.028072916666666715
1 0.7553530092592593 0.927734375 0.0543981481481481 0.03673611111111121
1 0.746021412037037 0.9480381944444446 0.054340277777777855 0.03517361111111086
1 0.7106336805555555 0.9242621527777779 0.052690972222222146 0.032760416666666715
1 0.7040219907407408 0.9448350694444445 0.05118634259259256 0.03425347222222221
1 0.6689814814814815 0.9222135416666667 0.054340277777777855 0.03517361111111086
1 0.664771412037037 0.9411197916666666 0.047222222222222145 0.03251736111111114
1 0.6293981481481481 0.9169531249999998 0.046469907407407265 0.03326388888888872
1 0.6248119212962964 0.9354861111111111 0.04956597222222214 0.032621527777777715
1 0.5829137731481481 0.9400781250000001 0.04629629629629619 0.028576388888888714
1 0.5826244212962963 0.9163020833333334 0.05350115740740744 0.03357638888888914
1 0.5442563657407408 0.9308767361111112 0.04962384259259256 0.034184027777777716
1 0.5443287037037037 0.9078645833333333 0.05023148148148149 0.02953125000000014
1 0.502662037037037 0.9272656250000001 0.05023148148148149 0.02953125000000014
1 0.5012008101851851 0.9035416666666667 0.052690972222222146 0.032760416666666715
1 0.4608072916666666 0.9201562500000001 0.05173611111111107 0.028038194444444286
1 0.4580005787037037 0.901171875 0.05179398148148149 0.029600694444444287
1 0.42113715277777775 0.9172395833333333 0.05269097222222232 0.032760416666666715
1 0.41271701388888893 0.891875 0.05237268518518516 0.024166666666666715
1 0.3823784722222222 0.9107725694444444 0.05179398148148149 0.029600694444444287
1 0.37183159722222225 0.8901822916666667 0.047106481481481485 0.029392361111111143
1 0.3415509259259259 0.9075173611111111 0.04317129629629628 0.02843750000000007
1 0.33058449074074076 0.8877256944444444 0.04450231481481479 0.022256944444444572
1 0.2999131944444445 0.905078125 0.047222222222222145 0.03251736111111114
1 0.2910011574074074 0.8824652777777778 0.0484375 0.023211805555555288
1 0.26691261574074077 0.9010850694444444 0.05332754629629628 0.028888888888888787
1 0.25128761574074077 0.880720486111111 0.051620370370370414 0.024913194444444287
1 0.6557291666666666 0.964140625 0.054282407407407265 0.012552083333333287
1 0.6167534722222222 0.963532986111111 0.038831018518518515 0.016545138888888998
1 0.5773003472222222 0.9652864583333333 0.04117476851851851 0.01664930555555557
1 0.5420138888888889 0.9703645833333333 0.03778935185185191 0.009479166666666572
1 0.5412471064814814 0.9594791666666665 0.038136574074074045 0.01885416666666657
1 0.5046440972222223 0.9579861111111111 0.05078125 0.023315972222222214
1 0.5050347222222222 0.9684982638888888 0.04508101851851851 0.016822916666666642
1 0.47022569444444445 0.95015625 0.03194444444444446 0.02013888888888893
1 0.469603587962963 0.9669531250000001 0.03828125 0.02276041666666657
1 0.43331886574074074 0.9463368055555555 0.04534143518518512 0.02385416666666664
1 0.4318142361111111 0.9659027777777777 0.04239004629629619 0.028402777777778
1 0.39829282407407407 0.9443836805555555 0.04450231481481488 0.022256944444444572
1 0.398046875 0.9615538194444444 0.04001736111111107 0.027517361111111426
1 0.3577690972222222 0.9434548611111111 0.04221643518518512 0.023715277777777998
1 0.3638310185185185 0.9587847222222223 0.047106481481481485 0.029392361111111143
1 0.32811053240740745 0.9545225694444444 0.051620370370370414 0.024913194444444287
1 0.3257523148148148 0.9339583333333333 0.04748263888888893 0.018489583333333216
1 0.2938368055555555 0.9533159722222223 0.04615162037037042 0.024670138888888714
1 0.2836082175925926 0.9346614583333335 0.04456018518518512 0.02381944444444457