1 0.7116145833333334 0.3609375 0.1455729166666666 0.29359375
0 0.6375 0.34265625 0.14203124999999997 0.28713541666666664
0 0.5556770833333333 0.3281770833333334 0.1515625 0.3017708333333333
0 0.47067708333333336 0.31427083333333333 0.12937499999999993 0.28395833333333337
1 0.389609375 0.2943489583333333 0.15229166666666663 0.28937500000000005
0 0.31197916666666664 0.2640625 0.16083333333333333 0.28916666666666657
1 0.24619791666666666 0.244375 0.18973958333333335 0.30276041666666664
1 0.17158854166666665 0.23940104166666668 0.1794791666666667 0.3005208333333333
0 0.6545833333333333 0.7808854166666667 0.11838541666666665 0.2124479166666667
0 0.5928385416666667 0.7712760416666666 0.10723958333333332 0.2202604166666667
1 0.5336979166666667 0.7579166666666666 0.09869791666666661 0.18546875000000007
0 0.47067708333333336 0.7556770833333333 0.10421875000000007 0.18661458333333342
0 0.41046875000000005 0.7406770833333334 0.11411458333333332 0.1833854166666667
0 0.3434895833333333 0.7213020833333333 0.12677083333333333 0.19822916666666685
0 0.27705729166666665 0.7113802083333333 0.1361979166666666 0.22296875000000008
1 0.21893229166666667 0.7004427083333333 0.12838541666666664 0.19911458333333343
1 0.15973958333333332 0.69375 0.12817708333333333 0.2193229166666665