0 0.6842939814814815 0.6916666666666667 0.19684027777777774 0.2677083333333334
0 0.49865162037037036 0.6608333333333334 0.1922569444444445 0.23937500000000006
0 0.33941840277777774 0.6687239583333333 0.21860532407407404 0.25203124999999993
0 0.17936631944444442 0.6548697916666667 0.23712384259259262 0.23380208333333333
0 0.05721788194444444 0.6416145833333333 0.11443576388888888 0.18671875
1 0.5922685185185185 0.4844791666666667 0.24883101851851847 0.1442708333333334
0 0.43379918981481486 0.4701302083333333 0.2421238425925925 0.15005208333333328
0 0.27858217592592593 0.460625 0.23246527777777776 0.14395833333333333
0 0.12184027777777777 0.47302083333333333 0.22582175925925924 0.12093749999999996
0 0.051140046296296295 0.44708333333333333 0.10228009259259259 0.12458333333333335
0 0.4941637731481482 0.311953125 0.12574074074074063 0.11270833333333333
0 0.39803530092592593 0.32653645833333333 0.13015624999999992 0.09276041666666668
0 0.2925810185185185 0.32578125 0.13678240740740738 0.0854166666666667
1 0.19376736111111112 0.32458333333333333 0.12342013888888888 0.08296875000000004
0 0.09184895833333333 0.323203125 0.12196759259259257 0.1
0 0.9321527777777778 0.3559375 0.09453703703703695 0.05145833333333325
0 0.9130439814814814 0.31906249999999997 0.12694444444444458 0.04583333333333339
0 0.9022251157407407 0.28747395833333333 0.13867476851851848 0.03182291666666668
0 0.8798611111111111 0.26833333333333337 0.13583333333333342 0.03708333333333336
0 0.8609664351851851 0.24234375 0.12621527777777786 0.031770833333333304
0 0.8530555555555555 0.22223958333333335 0.1360069444444445 0.025416666666666643
0 0.850289351851852 0.20802083333333332 0.16026620370370362 0.027812500000000018
0 0.8247598379629629 0.18986979166666668 0.1360069444444445 0.025416666666666688