0 0.600390625 0.753125 0.1859375 0.1890625
1 0.662109375 0.782421875 0.15078125 0.190625
0 0.7453125 0.821484375 0.14921875 0.185546875
0 0.84296875 0.8578125 0.145703125 0.168359375
0 0.925390625 0.918359375 0.131640625 0.15390625
0 0.748046875 0.5578125 0.168359375 0.134765625
1 0.819921875 0.615234375 0.158984375 0.15390625
0 0.895703125 0.627734375 0.128515625 0.179296875
0 0.39453125 0.65859375 0.193359375 0.190625
0 0.273046875 0.619140625 0.180078125 0.2015625
0 0.151171875 0.581640625 0.1875 0.1890625
0 0.071484375 0.526953125 0.1375 0.185546875
0 0.566015625 0.5015625 0.17265625 0.14609375
0 0.466796875 0.459375 0.16328125 0.15703125
0 0.371484375 0.435546875 0.141796875 0.177734375
0 0.298828125 0.4015625 0.14921875 0.171484375
0 0.21953125 0.3578125 0.144140625 0.14609375
0 0.141796875 0.314453125 0.156640625 0.2
0 0.060546875 0.259375 0.11484375 0.174609375
0 0.75078125 0.168359375 0.141796875 0.16015625
0 0.6609375 0.116796875 0.14765625 0.13984375
0 0.573828125 0.09296875 0.141796875 0.171484375
0 0.473828125 0.05703125 0.11640625 0.1140625
0 0.966015625 0.6640625 0.06796875 0.1796875
0 0.3953125 0.05390625 0.120703125 0.1078125
1 0.828515625 0.183984375 0.119140625 0.174609375