1 0.3165075231481482 0.11779803240740741 0.06668981481481477 0.12519675925925927
1 0.25513310185185184 0.11883391203703704 0.06962962962962962 0.12216435185185186
0 0.1965596064814815 0.11430844907407407 0.06273148148148149 0.11104166666666666
1 0.13906828703703705 0.11483796296296296 0.06410879629629629 0.107962962962963
0 0.3188078703703704 0.22925347222222223 0.06028935185185187 0.09615162037037032
1 0.2652662037037037 0.22379629629629633 0.05436342592592584 0.10143518518518517
1 0.20614293981481482 0.22320023148148146 0.05905092592592594 0.10157407407407408
1 0.15359085648148146 0.2212355324074074 0.060983796296296286 0.1078703703703704
0 0.09467592592592593 0.2241550925925926 0.05905092592592594 0.10157407407407408
0 0.43096064814814816 0.22006076388888887 0.05914351851851851 0.10313657407407409
1 0.4286863425925926 0.11564814814814814 0.06410879629629633 0.10796296296296296
1 0.4848668981481482 0.11280960648148149 0.0642939814814815 0.11108796296296294
1 0.4882928240740741 0.22344907407407408 0.05758101851851851 0.10309027777777775
1 0.540335648148148 0.21682002314814816 0.06282407407407398 0.11260416666666666
0 0.5461487268518519 0.11021122685185185 0.06410879629629633 0.10796296296296296
1 0.5978269675925926 0.11063657407407408 0.06494212962962961 0.12202546296296295
1 0.5992563657407407 0.2272048611111111 0.05289351851851851 0.10295138888888891
1 0.6512297453703704 0.21940393518518517 0.054594907407407335 0.10534143518518517
1 0.7000318287037037 0.21091435185185184 0.05560185185185187 0.09601273148148144
1 0.7527459490740741 0.21561342592592592 0.05702546296296305 0.09371527777777777
1 0.6851302083333334 0.13113715277777777 0.11546296296296284 0.05333333333333332
0 0.7931741898148148 0.13184895833333332 0.11564814814814817 0.05645833333333332
0 0.8090856481481481 0.20885706018518518 0.054178240740740694 0.09831018518518517
1 0.8607870370370371 0.20967303240740742 0.06070601851851833 0.1031828703703704
0 0.9149450231481481 0.2057204861111111 0.05629629629629633 0.10773148148148144
1 0.9032118055555556 0.11997974537037037 0.11142361111111114 0.06413194444444445
1 0.9633130787037036 0.2031134259259259 0.06553240740740733 0.10566550925925924
1 0.3289467592592593 0.5060011574074074 0.05003472222222225 0.0810300925925926
1 0.2801186342592593 0.5074479166666667 0.05315972222222225 0.08112268518518526
1 0.22894675925925928 0.5089641203703703 0.05315972222222225 0.08112268518518526
1 0.1789670138888889 0.5041840277777778 0.05486111111111107 0.0835127314814816
0 0.322728587962963 0.42087962962962966 0.05784722222222225 0.08126157407407408
0 0.27640624999999996 0.42499131944444446 0.05872685185185187 0.09610532407407409
0 0.22304976851851852 0.42265914351851847 0.05858796296296296 0.09376157407407408
0 0.1290133101851852 0.5064467592592592 0.05444444444444443 0.0764814814814816
0 0.08158854166666667 0.5117650462962964 0.04994212962962963 0.07946759259259259
1 0.17072627314814814 0.4179484953703704 0.05527777777777776 0.09054398148148142
1 0.1201070601851852 0.42218750000000005 0.0628587962962963 0.08686921296296295
1 0.06854456018518519 0.42371527777777784 0.056608796296296296 0.08668402777777776
1 0.43757233796296297 0.4174768518518518 0.05247685185185187 0.09592013888888892
1 0.439609375 0.5046788194444445 0.05784722222222207 0.08126157407407408
1 0.48773437499999994 0.4187297453703704 0.05527777777777772 0.09054398148148142
1 0.4886689814814815 0.5071383101851852 0.05619212962962976 0.07965277777777793
1 0.5378385416666667 0.4982465277777777 0.05150462962962976 0.07951388888888893
1 0.5385156249999999 0.4172251157407407 0.05940972222222207 0.08130787037037042
1 0.5847482638888889 0.41820312499999995 0.055046296296296225 0.08663773148148154
0 0.5838425925925926 0.5019704861111111 0.05306712962962958 0.07956018518518526
0 0.6350896990740741 0.4092766203703704 0.053715277777777716 0.09049768518518508
1 0.6330613425925926 0.5005121527777778 0.054629629629629584 0.07960648148148142
1 0.6811979166666667 0.49399884259259264 0.05118055555555543 0.07404513888888893
1 0.6792997685185185 0.40914062500000004 0.055185185185185046 0.08898148148148155
0 0.735529513888889 0.41373553240740735 0.06699652777777772 0.09089120370370374
0 0.7259375 0.4961950231481482 0.04975694444444443 0.0763425925925926
0 0.7775000000000001 0.4946672453703703 0.05059027777777771 0.09040509259259259
0 0.8250868055555556 0.4920833333333333 0.04861111111111107 0.08332754629629627
1 0.7780150462962963 0.41091145833333337 0.05486111111111107 0.08351273148148142
1 0.8304021990740742 0.40348958333333335 0.06699652777777772 0.09089120370370374
1 0.8786313657407409 0.3985387731481482 0.06267361111111143 0.0837442129629629
1 0.8664670138888889 0.4838136574074074 0.06087962962962976 0.07979166666666657
1 0.9152256944444446 0.48119502314814816 0.05472222222222243 0.08116898148148141
1 0.9294820601851852 0.3982060185185185 0.061296296296296404 0.08682291666666675
1 0.9703269675925925 0.39567997685185186 0.05934606481481488 0.08392939814814815
1 0.9635503472222222 0.48445891203703706 0.060972222222222074 0.08135416666666657
1 0.9945341435185184 0.3970630787037037 0.010931712962963048 0.08844907407407412
0 0.988130787037037 0.4805092592592593 0.02373842592592581 0.08121527777777775
1 0.3308304398148148 0.6632523148148148 0.044513888888888964 0.0668287037037036
1 0.3356163194444445 0.7308072916666667 0.04295138888888887 0.06678240740740726
1 0.29269097222222223 0.7262094907407407 0.04777777777777779 0.06926504629629626
0 0.2860677083333333 0.6606655092592593 0.04309027777777778 0.06912615740740727
1 0.24578703703703705 0.6610763888888889 0.052326388888888964 0.06706018518518526
1 0.24965277777777778 0.7263107638888888 0.052326388888888874 0.06706018518518526
1 0.20031249999999998 0.6596846064814814 0.04663194444444443 0.07624999999999993
0 0.20590277777777777 0.7276070601851853 0.046076388888888875 0.06687499999999993
1 0.16033854166666667 0.7313049768518518 0.044513888888888874 0.06682870370370378
1 0.15633391203703703 0.6637268518518519 0.054166666666666655 0.07179398148148142
1 0.11808159722222222 0.7313831018518518 0.04805555555555556 0.07395254629629626
0 0.10656249999999998 0.6624623842592593 0.05600694444444444 0.07652777777777775
1 0.07021701388888887 0.7292795138888889 0.04295138888888888 0.06678240740740744
0 0.06536458333333332 0.667204861111111 0.04621527777777778 0.06921874999999993
1 0.4379050925925926 0.6542100694444445 0.046493055555555426 0.07390624999999992
1 0.43839409722222217 0.721892361111111 0.052465277777777784 0.06940393518518526
1 0.48415798611111105 0.6489265046296296 0.052881944444444426 0.07643518518518526
1 0.4862818287037037 0.7243865740740741 0.047638888888888786 0.06692129629629626
1 0.528046875 0.6499739583333334 0.05003472222222225 0.0810300925925926
0 0.532583912037037 0.7265364583333334 0.046493055555555426 0.07390624999999992
1 0.5725086805555556 0.6474826388888889 0.054629629629629764 0.0796064814814816
1 0.5746788194444445 0.7237239583333334 0.052604166666666785 0.07174768518518526
1 0.6179832175925926 0.6488744212962964 0.054629629629629764 0.0796064814814816
0 0.615625 0.7213368055555556 0.051180555555555604 0.07404513888888893
1 0.6564322916666667 0.7166059027777777 0.052881944444444426 0.07643518518518526
1 0.6637557870370371 0.6486921296296296 0.052881944444444426 0.07643518518518526
0 0.7089988425925926 0.6461776620370371 0.05619212962962976 0.07965277777777775
0 0.7019068287037037 0.7179976851851851 0.046354166666666786 0.07156249999999993
0 0.7462239583333333 0.6470312500000001 0.05444444444444443 0.0764814814814816
1 0.7461863425925926 0.7190335648148147 0.05122685185185176 0.07482638888888893
1 0.7973466435185186 0.6380815972222222 0.06685185185185176 0.0752893518518519
1 0.7847395833333334 0.7092824074074074 0.06216435185185176 0.0751504629629629
1 0.8264670138888889 0.7068721064814815 0.06046296296296312 0.07276041666666658
1 0.8375115740740741 0.6357175925925926 0.06225694444444443 0.0767129629629629
1 0.8797685185185184 0.6356394675925927 0.06134259259259238 0.08760416666666657
0 0.8685185185185185 0.7099305555555555 0.05656250000000007 0.08590277777777774
1 0.9125868055555555 0.7007986111111111 0.062442129629629764 0.0798379629629629
1 0.9267100694444445 0.6287702546296297 0.06694444444444443 0.07685185185185191
1 0.9657725694444445 0.6276128472222222 0.06464120370370381 0.06430555555555557
1 0.9549131944444443 0.7018923611111111 0.07517361111111143 0.0841145833333334
1 0.9927025462962963 0.6305324074074073 0.014594907407407477 0.0725752314814816
1 0.986328125 0.699458912037037 0.02734375 0.08569444444444443
0 0.9887803819444445 0.8237008101851853 0.022439236111111073 0.076435185185185
1 0.9613078703703704 0.8230092592592593 0.03233796296296276 0.07192708333333328
1 0.9210040509259259 0.8230295138888888 0.037945601851851765 0.07443287037037019
1 0.9355960648148148 0.8777719907407409 0.08531249999999986 0.04464120370370352
1 0.8732407407407408 0.8952719907407406 0.05692129629629648 0.0656365740740739
1 0.8829079861111111 0.8272887731481482 0.04741319444444443 0.07627314814814809
1 0.8421006944444445 0.832019675925926 0.04732060185185176 0.0747106481481481
1 0.8368431712962963 0.8951765046296295 0.05628472222222243 0.08121527777777757
1 0.8014756944444444 0.8332233796296297 0.05067129629629612 0.06545138888888893
1 0.76 0.8332783564814814 0.03960069444444443 0.07604166666666679
1 0.7241782407407407 0.8362962962962964 0.04405671296296294 0.07227430555555543
1 0.6836921296296297 0.83984375 0.043043981481481454 0.06834490740740726
1 0.6424247685185185 0.8434143518518518 0.05421296296296294 0.07257523148148123
1 0.5987210648148148 0.8454918981481481 0.055636574074074116 0.07027777777777758
1 0.5609664351851851 0.8423061342592593 0.05435185185185176 0.07491898148148124
1 0.5227546296296296 0.8446122685185184 0.03936921296296294 0.07213541666666642
1 0.48088831018518513 0.8446788194444445 0.044195601851851764 0.07461805555555542
0 0.4422887731481481 0.8536487268518519 0.04561921296296312 0.07232060185185177
1 0.4002401620370371 0.8572424768518518 0.046950231481481496 0.06846064814814809
1 0.3594762731481482 0.8561024305555556 0.043043981481481454 0.06834490740740726
0 0.7962181712962962 0.8963802083333334 0.047679398148148165 0.05444444444444443
0 0.7562384259259259 0.901869212962963 0.051863425925925986 0.059247685185185264
1 0.7173148148148148 0.9053703703703704 0.047957175925925986 0.05913194444444443
0 0.6783883101851852 0.9022193287037037 0.047957175925925986 0.05913194444444443
1 0.6383362268518519 0.8998842592592592 0.04786458333333332 0.05756944444444443
1 0.6003790509259259 0.9064872685185186 0.04974537037037034 0.04982638888888857
1 0.5633391203703704 0.9087586805555556 0.05043981481481481 0.06154513888888857
1 0.5207609953703703 0.9100202546296297 0.04786458333333332 0.05756944444444443
1 0.4814438657407408 0.9068807870370371 0.045931712962962834 0.051273148148148096
1 0.4434172453703703 0.9123119212962962 0.043177083333333324 0.05743055555555543
1 0.4007002314814815 0.9112297453703704 0.043177083333333324 0.05743055555555543
1 0.083828125 0.8533130787037038 0.07038773148148147 0.06915509259259238
0 0.11389178240740741 0.8719878472222222 0.06694444444444443 0.07685185185185191
0 0.14774884259259258 0.895245949074074 0.0737384259259259 0.05989583333333357
0 0.17096643518518517 0.917254050925926 0.08390046296296294 0.07345486111111085
1 0.21874421296296295 0.9310995370370371 0.0815509259259259 0.06012731481481452
1 0.244140625 0.9436516203703704 0.08155092592592598 0.06012731481481488
1 0.2718142361111111 0.9616145833333334 0.0754398148148148 0.062285879629629906
0 0.30600983796296294 0.970775462962963 0.07056134259259261 0.045763888888888715