0 0.5702604166666667 0.7234114583333333 0.19972222222222236 0.21001157407407406
1 0.6296961805555557 0.7522685185185185 0.16534722222222237 0.207974537037037
0 0.7095920138888889 0.7908362268518518 0.16288194444444457 0.20236689814814818
0 0.804375 0.8265711805555555 0.15859375 0.18494791666666677
0 0.8820746527777779 0.8761921296296297 0.14296875 0.14891203703703723
0 0.7318489583333333 0.5265827546296297 0.1781944444444445 0.15412037037037046
1 0.7992447916666666 0.5834461805555555 0.17078124999999994 0.17162615740740747
0 0.8738715277777779 0.5957986111111111 0.1416319444444447 0.19408564814814824
0 0.37182291666666667 0.6298408564814815 0.20758680555555556 0.21281828703703703
0 0.2536979166666667 0.5911979166666667 0.1953125 0.22223379629629642
0 0.1347482638888889 0.5545543981481481 0.2012847222222222 0.2101041666666667
0 0.06734375000000001 0.4996469907407407 0.13468750000000002 0.20070601851851855
0 0.5547916666666667 0.4715364583333333 0.18312500000000007 0.16533564814814813
0 0.4589670138888889 0.4300115740740741 0.17477430555555565 0.17576388888888897
0 0.36546874999999995 0.4066840277777778 0.15489583333333332 0.19409143518518518
0 0.29560763888888886 0.3729832175925926 0.1617881944444445 0.18825810185185182
0 0.21971354166666668 0.32988715277777775 0.1549652777777778 0.16210648148148143
0 0.14537326388888888 0.2870891203703704 0.1718055555555556 0.2177199074074075
0 0.06856770833333334 0.23234375 0.1274479166666667 0.18778356481481479
0 0.7639236111111112 0.13652199074074073 0.15371527777777771 0.1760763888888889
0 0.6780642361111111 0.08543402777777778 0.15796875000000005 0.15682291666666667
0 0.5927604166666667 0.0779658564814815 0.1547569444444445 0.155931712962963
0 0.4955815972222222 0.045286458333333335 0.12446180555555557 0.09057291666666667
0 0.9413454861111111 0.6315914351851852 0.08140624999999986 0.18739583333333343
0 0.4175694444444444 0.04259259259259259 0.12892361111111117 0.08518518518518518
1 0.8400520833333334 0.15151620370370372 0.13213541666666656 0.1880613425925926