1 0.230078125 0.668359375 0.1078125 0.31484375
1 0.3484375 0.673046875 0.118359375 0.329296875
1 0.465625 0.66953125 0.11640625 0.3171875
1 0.582421875 0.67421875 0.109765625 0.3171875
1 0.692578125 0.668359375 0.11484375 0.31484375
1 0.807421875 0.66953125 0.111328125 0.3125
1 0.91875 0.66953125 0.11484375 0.322265625
0 0.91796875 0.313671875 0.119921875 0.307421875
0 0.797265625 0.30625 0.1078125 0.3125
0 0.689453125 0.3125 0.121484375 0.2953125
0 0.575390625 0.3109375 0.109765625 0.3125
0 0.465625 0.316015625 0.119921875 0.307421875
0 0.345703125 0.316015625 0.112890625 0.29765625
0 0.2328125 0.3171875 0.119921875 0.285546875