0 0.20826099537037038 0.594765625 0.3002604166666667 0.4761458333333334
0 0.40771412037037036 0.5764843749999999 0.297355324074074 0.4307291666666666
0 0.626953125 0.5154687499999999 0.26804398148148145 0.3625
1 0.7886776620370369 0.5001302083333334 0.30500000000000005 0.39927083333333335
0 0.8876620370370369 0.45583333333333337 0.22467592592592603 0.36541666666666667
0 0.12179976851851851 0.2950520833333333 0.2352662037037037 0.3088541666666667
0 0.2916984953703704 0.25296875 0.24985532407407404 0.30125
0 0.4581221064814815 0.23833333333333334 0.25298032407407406 0.30145833333333333
0 0.6252835648148147 0.23544270833333333 0.2176099537037036 0.2655729166666666
0 0.7620312499999999 0.21921875000000002 0.18458912037037029 0.25635416666666666
0 0.8769820601851851 0.191015625 0.19741319444444444 0.26812500000000006