1 0.8600925925925926 0.6369212962962962 0.15657407407407398 0.22256944444444446
1 0.7287586805555556 0.6034866898148149 0.12885416666666671 0.22934027777777785
0 0.8474537037037038 0.3523148148148148 0.2021817129629631 0.32016782407407407
0 0.692025462962963 0.34577546296296297 0.1882118055555555 0.30639467592592595
0 0.5663425925925927 0.36186342592592596 0.1782581018518517 0.3099247685185185
0 0.6192071759259259 0.6103877314814815 0.12451388888888885 0.20578703703703702
0 0.5196093749999999 0.6215711805555555 0.1194618055555555 0.19858217592592595
1 0.44872974537037036 0.3657262731481482 0.16017939814814816 0.2921006944444445
0 0.34867476851851853 0.370630787037037 0.14699074074074064 0.2783564814814815
1 0.26414930555555555 0.38550347222222225 0.15179976851851854 0.28087384259259257
1 0.18545717592592595 0.3935474537037037 0.16808449074074075 0.27913773148148147
0 0.08607349537037037 0.415697337962963 0.16854166666666667 0.2729166666666666
1 0.430306712962963 0.6002604166666666 0.12183449074074067 0.2142650462962962
0 0.3573119212962963 0.6116464120370371 0.1185706018518518 0.18139467592592595
0 0.27140046296296294 0.6155092592592593 0.10720486111111108 0.202806712962963
0 0.20006365740740742 0.6175636574074075 0.09609953703703704 0.15405092592592595
1 0.14728877314814814 0.6163917824074074 0.10806134259259256 0.1591724537037038
0 0.08433738425925925 0.615234375 0.12763310185185187 0.1606770833333334
0 0.027769097222222223 0.419285300925926 0.055538194444444446 0.23857060185185186
0 0.8865248842592592 0.9196903935185186 0.11744791666666679 0.14470486111111108
0 0.7805179398148148 0.9110677083333332 0.11164351851851854 0.15306712962962976
0 0.6907494212962962 0.8987413194444442 0.10695601851851855 0.15289351851851835
0 0.608504050925926 0.8847366898148149 0.09453703703703695 0.1539930555555557
1 0.5391898148148148 0.8704282407407409 0.09107060185185176 0.11721643518518547
0 0.466796875 0.8626591435185185 0.09879050925925928 0.1307581018518519
0 0.4002228009259259 0.8558883101851851 0.08785300925925928 0.13035300925925944
1 0.3410387731481482 0.834910300925926 0.0877199074074074 0.14282407407407405
0 0.2940017361111111 0.8362991898148149 0.09891203703703706 0.1331018518518518
1 0.24093749999999997 0.8331597222222221 0.07230902777777777 0.13133680555555563
0 0.1862037037037037 0.8244791666666667 0.08094328703703706 0.13243634259259274
1 0.1355324074074074 0.8053819444444444 0.09266203703703704 0.13287037037037025
1 0.09047743055555554 0.7911892361111111 0.09266203703703701 0.13287037037037042
0 0.026095196759259254 0.604195601851852 0.05219039351851851 0.1779224537037038