1 0.0984375 0.3819039351851852 0.16588541666666665 0.17346064814814816
1 0.17745659722222223 0.3533304398148148 0.17093749999999996 0.16440972222222222
1 0.2765625 0.3360995370370371 0.17229166666666665 0.1598148148148148
1 0.36806423611111116 0.30639467592592595 0.17451388888888886 0.1747511574074075
0 0.4645659722222222 0.28344328703703703 0.16993055555555547 0.17681712962962964
0 0.5492621527777778 0.2592332175925926 0.1607465277777777 0.16302662037037036
0 0.6276996527777777 0.22638599537037035 0.18706597222222215 0.15913194444444442
0 0.6881684027777778 0.21222800925925928 0.17347222222222208 0.15131365740740738
1 0.7755902777777777 0.19647280092592592 0.1813194444444445 0.15255787037037036
1 0.8449479166666667 0.18844618055555556 0.19342013888888906 0.16184606481481484
1 0.9154253472222222 0.15923032407407406 0.16914930555555543 0.13854166666666665
1 0.9529340277777777 0.13550057870370372 0.09413194444444457 0.12545717592592592
1 0.9174913194444445 0.043139467592592594 0.12951388888888893 0.08627893518518519
1 0.8358333333333334 0.04745804398148148 0.16572916666666665 0.09491608796296296
1 0.761015625 0.06064236111111111 0.18055555555555552 0.12128472222222222
1 0.6838802083333333 0.06888310185185184 0.1609375 0.13776620370370368
1 0.60375 0.08406828703703703 0.16328125 0.14993055555555554
0 0.5314583333333334 0.0965769675925926 0.15758680555555565 0.12699652777777776
0 0.4708072916666667 0.11544560185185186 0.1721354166666666 0.1387673611111111
1 0.37092881944444445 0.14173032407407407 0.17902777777777779 0.1711226851851852
0 0.2935503472222222 0.1631568287037037 0.19046875 0.16556712962962963
1 0.2090972222222222 0.19283564814814816 0.1813715277777778 0.17126157407407408
0 0.11622395833333335 0.20930555555555555 0.15835069444444447 0.1792476851851852