0 0.05677083333333334 0.84375 0.11354166666666668 0.3125
0 0.13734375000000001 0.838978587962963 0.22859375 0.32204282407407414
0 0.33934895833333334 0.8427242476851852 0.20885416666666662 0.3145515046296296
0 0.5022135416666667 0.8415740740740741 0.2299479166666666 0.3168518518518518
0 0.6903124999999999 0.8558854166666666 0.22020833333333342 0.2882291666666667
0 0.8448958333333334 0.8622395833333334 0.20593749999999994 0.2755208333333332
0 0.073046875 0.1212644675925926 0.14609375 0.24197337962962964
0 0.185078125 0.12391203703703704 0.22046875 0.2371759259259259
0 0.30739583333333337 0.13625868055555557 0.1805208333333333 0.24492476851851852
0 0.4276302083333333 0.15044270833333334 0.20255208333333333 0.26023726851851847
0 0.5870833333333334 0.16459780092592594 0.20317708333333329 0.26961226851851855
0 0.7201562499999999 0.1803269675925926 0.2203125 0.28152199074074075
0 0.8202343750000001 0.1850810185185185 0.19874999999999982 0.2732407407407408
0 0.9380989583333335 0.18775173611111112 0.12286458333333314 0.2555150462962963