1 0.69609375 0.725390625 0.080078125 0.27578125
0 0.619921875 0.725390625 0.078125 0.26953125
0 0.5375 0.719921875 0.083984375 0.282421875
0 0.4515625 0.71328125 0.06484375 0.26953125
1 0.368359375 0.71328125 0.087890625 0.26953125
0 0.2859375 0.72421875 0.096875 0.2671875
1 0.217578125 0.72734375 0.125 0.273828125
1 0.144140625 0.714453125 0.1140625 0.273828125
0 0.741015625 0.305078125 0.071875 0.19609375
0 0.67890625 0.299609375 0.0578125 0.20703125
1 0.618359375 0.2984375 0.0578125 0.172265625
0 0.55703125 0.285546875 0.062890625 0.172265625
0 0.494921875 0.285546875 0.075 0.166015625
0 0.425390625 0.288671875 0.083984375 0.17890625
0 0.35859375 0.282421875 0.087890625 0.202734375
1 0.299609375 0.27890625 0.0859375 0.17890625
1 0.241015625 0.271484375 0.080859375 0.200390625