1 0.110546875 0.389453125 0.14140625 0.21484375
1 0.242578125 0.419921875 0.11328125 0.2234375
0 0.1328125 0.6734375 0.18046875 0.31015625
0 0.28828125 0.676953125 0.1671875 0.297265625
0 0.41328125 0.658203125 0.157421875 0.3015625
0 0.351953125 0.4109375 0.1109375 0.199609375
0 0.451171875 0.398046875 0.10625 0.19296875
1 0.53046875 0.651953125 0.140234375 0.283984375
0 0.63046875 0.6453125 0.128125 0.27109375
1 0.7140625 0.62890625 0.1328125 0.2734375
1 0.792578125 0.619140625 0.148828125 0.27109375
0 0.891015625 0.5953125 0.15 0.264453125
1 0.541015625 0.417578125 0.107421875 0.208203125
0 0.61328125 0.4046875 0.10625 0.17578125
0 0.69921875 0.39921875 0.09375 0.197265625
0 0.7703125 0.395703125 0.085546875 0.149609375
1 0.823046875 0.395703125 0.09765625 0.15390625
0 0.8859375 0.395703125 0.1171875 0.15390625
0 0.964453125 0.58984375 0.070703125 0.234375
0 0.07421875 0.107421875 0.107421875 0.138671875
0 0.18046875 0.1140625 0.101171875 0.14765625
0 0.270703125 0.124609375 0.096484375 0.14765625
0 0.353125 0.13671875 0.083984375 0.149609375
1 0.423046875 0.149609375 0.0828125 0.112890625
0 0.4953125 0.15625 0.090234375 0.12578125
0 0.562109375 0.16171875 0.079296875 0.12578125
1 0.621875 0.18125 0.078125 0.138671875
0 0.66875 0.17890625 0.090234375 0.128125
1 0.721875 0.18125 0.06328125 0.128125
0 0.776953125 0.188671875 0.071875 0.128125
1 0.828125 0.20703125 0.083984375 0.128125
1 0.873828125 0.2203125 0.083984375 0.128125
0 0.962109375 0.40546875 0.07578125 0.1734375