0 0.1563425925925926 0.12476851851851853 0.2341898148148148 0.2457175925925926
0 0.2688396990740741 0.15163483796296295 0.2779456018518518 0.2925636574074074
0 0.46408854166666663 0.18274016203703705 0.2624479166666667 0.33955439814814814
0 0.6205237268518518 0.21514756944444446 0.2875347222222221 0.3872685185185185
0 0.8047800925925926 0.2544560185185185 0.27578703703703694 0.37123842592592593
0 0.9093894675925928 0.2900318287037037 0.17328125000000014 0.3643229166666666
0 0.02885127314814815 0.7798177083333333 0.0577025462962963 0.2596354166666666
0 0.09958622685185185 0.8160590277777778 0.1991724537037037 0.27430555555555564
0 0.19037037037037036 0.8422453703703704 0.2199826388888889 0.2724826388888889
0 0.3089091435185185 0.860474537037037 0.24348958333333331 0.27905092592592595
0 0.46467881944444445 0.8768373842592592 0.24399884259259252 0.24632523148148158
0 0.5959346064814814 0.8865306712962961 0.2611979166666668 0.22693865740740754
0 0.6928211805555555 0.9033854166666668 0.23778356481481494 0.19322916666666642
0 0.8088541666666667 0.928443287037037 0.168287037037037 0.14311342592592596