1 0.928125 0.43125 0.14375 0.15
1 0.851171875 0.39921875 0.15 0.13984375
1 0.753125 0.37734375 0.15234375 0.13515625
1 0.663671875 0.34375 0.15234375 0.15
0 0.56875 0.31640625 0.14765625 0.15234375
0 0.485546875 0.28828125 0.13984375 0.13984375
0 0.409375 0.251953125 0.167578125 0.13125
0 0.35 0.23515625 0.155078125 0.126171875
1 0.263671875 0.215625 0.1625 0.126171875
1 0.194921875 0.204296875 0.173828125 0.13359375
1 0.117578125 0.171875 0.169921875 0.111328125
1 0.06484375 0.14453125 0.1296875 0.10625
1 0.13203125 0.044921875 0.11640625 0.08984375
1 0.21328125 0.053125 0.15234375 0.092578125
1 0.28671875 0.073828125 0.16484375 0.10859375
1 0.36328125 0.08671875 0.142578125 0.126171875
1 0.441796875 0.111328125 0.144921875 0.126171875
0 0.51328125 0.126953125 0.142578125 0.10390625
0 0.57265625 0.148828125 0.155078125 0.113671875
1 0.670703125 0.179296875 0.157421875 0.144921875
0 0.746875 0.204296875 0.169921875 0.1375
1 0.829296875 0.2375 0.16015625 0.144921875
0 0.92109375 0.258203125 0.13515625 0.157421875