1 0.11941550925925926 0.576171875 0.16608796296296297 0.2265625
1 0.2532349537037037 0.557421875 0.13892939814814814 0.2328125
0 0.15796875 0.2953125 0.21666087962962965 0.325
0 0.31372685185185184 0.305078125 0.20140046296296302 0.3109375
0 0.4372627314814815 0.334765625 0.1921180555555555 0.3140625
0 0.3619820601851852 0.57578125 0.1343055555555555 0.20859375
0 0.46027488425925933 0.597265625 0.12862847222222232 0.2015625
1 0.5541550925925927 0.351171875 0.17281250000000004 0.2953125
0 0.6534461805555555 0.366796875 0.1598958333333332 0.28125
1 0.7361718749999999 0.390234375 0.1646527777777777 0.28359375
1 0.8140017361111112 0.406640625 0.18025462962962954 0.2828125
0 0.9101200810185185 0.4390625 0.17975983796296297 0.2765625
1 0.550943287037037 0.585546875 0.13141203703703716 0.21640625
0 0.6226041666666667 0.6046875 0.12655671296296306 0.184375
0 0.7081423611111111 0.617578125 0.11700231481481485 0.2046875
0 0.7787442129629629 0.62734375 0.10306712962962958 0.15625
1 0.8316174768518518 0.63203125 0.11572916666666658 0.16171875
0 0.894279513888889 0.6375 0.1353067129629629 0.16328125
0 0.9674074074074074 0.451171875 0.0651851851851852 0.23984375
0 0.07567997685185185 0.853515625 0.10515624999999999 0.14765625
0 0.17342881944444444 0.856640625 0.11791087962962968 0.15625
0 0.2639728009259259 0.85390625 0.11398148148148142 0.15546875
0 0.3470370370370371 0.84921875 0.10150462962962958 0.15625
1 0.4179224537037037 0.8421875 0.09572916666666664 0.11953125
0 0.4901880787037037 0.8421875 0.10471643518518511 0.1328125
0 0.5573871527777777 0.842578125 0.09375578703703695 0.13203125
1 0.618287037037037 0.828125 0.0941493055555556 0.1453125
0 0.6649681712962963 0.834765625 0.10478587962962962 0.13515625
1 0.7181510416666667 0.83671875 0.07815393518518512 0.1328125
0 0.7735503472222222 0.834375 0.08677083333333328 0.13359375
1 0.8254774305555556 0.8203125 0.09853587962962962 0.13515625
1 0.8720862268518518 0.811328125 0.09853587962962962 0.13515625
0 0.9613874421296297 0.634375 0.07722511574074069 0.1796875