0 0.273046875 0.7359375 0.17890625 0.25234375
0 0.46171875 0.695703125 0.1765625 0.224609375
0 0.62109375 0.695703125 0.201953125 0.23515625
0 0.7828125 0.67421875 0.221875 0.215234375
0 0.92421875 0.65390625 0.1375 0.175
1 0.380078125 0.523828125 0.240234375 0.123828125
0 0.540234375 0.5015625 0.233203125 0.130078125
0 0.696875 0.484375 0.223828125 0.125390625
0 0.853515625 0.4890625 0.218359375 0.10234375
0 0.939453125 0.458984375 0.12109375 0.114453125
0 0.490625 0.34609375 0.11875 0.10234375
0 0.5859375 0.355859375 0.124609375 0.08203125
0 0.6921875 0.35 0.131640625 0.07421875
1 0.79140625 0.34375 0.11796875 0.07265625
0 0.89375 0.3375 0.115625 0.08984375
0 0.046875 0.41171875 0.093359375 0.043359375
0 0.069140625 0.373828125 0.124609375 0.035546875
0 0.082421875 0.34140625 0.1375 0.0203125
0 0.10625 0.32109375 0.133984375 0.026171875
0 0.126953125 0.294140625 0.124609375 0.021484375
0 0.136328125 0.273828125 0.13515625 0.0140625
0 0.140234375 0.259375 0.159375 0.0140625
0 0.166796875 0.23984375 0.13515625 0.0140625