1 0.21122974537037037 0.3625 0.13370949074074073 0.32951388888888894
1 0.32952256944444447 0.36030092592592594 0.14508680555555548 0.34516782407407404
1 0.44679108796296296 0.3662471064814815 0.14237268518518514 0.332494212962963
1 0.5635098379629631 0.3643229166666667 0.13612268518518533 0.33203125
1 0.674056712962963 0.3725115740740741 0.14074074074074083 0.33003472222222224
1 0.7887297453703704 0.3735677083333333 0.13676504629629632 0.3274016203703704
1 0.9002314814814815 0.3759548611111111 0.14097222222222214 0.33784722222222224
0 0.907277199074074 0.7327256944444445 0.14521990740740734 0.3233506944444443
0 0.7869502314814815 0.7375144675925925 0.13364004629629633 0.3271701388888889
0 0.6787586805555555 0.7291087962962963 0.14565393518518518 0.3116898148148147
0 0.5648668981481482 0.7281105324074073 0.13520254629629633 0.3272858796296296
0 0.455078125 0.7207609953703704 0.14521990740740734 0.3233506944444443
0 0.3349710648148148 0.7181278935185185 0.13710648148148144 0.31261574074074083
0 0.22194155092592593 0.714453125 0.14300925925925922 0.30135995370370383