1 0.691015625 0.873046875 0.059375 0.123828125
1 0.75234375 0.873828125 0.062890625 0.120703125
0 0.810546875 0.880078125 0.056640625 0.108984375
1 0.86796875 0.88125 0.058203125 0.10625
0 0.6953125 0.76171875 0.0546875 0.09453125
1 0.7484375 0.76875 0.0484375 0.099609375
1 0.807421875 0.77109375 0.053125 0.099609375
1 0.859765625 0.774609375 0.0546875 0.10625
0 0.91875 0.7734375 0.053125 0.099609375
0 0.5828125 0.767578125 0.053125 0.101953125
1 0.57890625 0.871875 0.058203125 0.10625
1 0.52265625 0.873046875 0.058203125 0.108984375
1 0.52578125 0.7625 0.0515625 0.101953125
1 0.4734375 0.767578125 0.056640625 0.111328125
0 0.461328125 0.873828125 0.058203125 0.10625
1 0.409765625 0.871875 0.058203125 0.120703125
1 0.415234375 0.75546875 0.046875 0.101953125
1 0.362890625 0.76171875 0.0484375 0.10390625
1 0.313671875 0.76875 0.05 0.09453125
1 0.261328125 0.7625 0.0515625 0.0921875
1 0.323828125 0.848828125 0.112890625 0.050390625
0 0.216015625 0.844921875 0.112890625 0.053515625
0 0.2046875 0.767578125 0.0484375 0.096875
1 0.153125 0.765234375 0.0546875 0.101953125
0 0.098828125 0.767578125 0.05 0.10625
1 0.10546875 0.853515625 0.1078125 0.0609375
1 0.050390625 0.76875 0.059375 0.10390625
1 0.7015625 0.48515625 0.0453125 0.0796875
1 0.750390625 0.48515625 0.0484375 0.0796875
1 0.8015625 0.48515625 0.0484375 0.0796875
1 0.851171875 0.49140625 0.05 0.08203125
0 0.702734375 0.5703125 0.053125 0.0796875
0 0.74921875 0.567578125 0.053125 0.09453125
0 0.80234375 0.571484375 0.053125 0.0921875
0 0.901171875 0.490625 0.05 0.074609375
0 0.948828125 0.48671875 0.0453125 0.077734375
1 0.854296875 0.577734375 0.05 0.089453125
1 0.905078125 0.575 0.058203125 0.08515625
1 0.956640625 0.575 0.0515625 0.08515625
1 0.587890625 0.5703125 0.046875 0.09453125
1 0.591015625 0.483203125 0.053125 0.0796875
1 0.537890625 0.567578125 0.05 0.089453125
1 0.5421875 0.479296875 0.0515625 0.077734375
1 0.492578125 0.48671875 0.046875 0.077734375
1 0.487109375 0.567578125 0.0546875 0.0796875
1 0.441015625 0.565234375 0.05 0.08515625
0 0.446875 0.481640625 0.0484375 0.077734375
0 0.390234375 0.57265625 0.0484375 0.089453125
1 0.39765625 0.481640625 0.05 0.077734375
1 0.34921875 0.48671875 0.046875 0.07265625
1 0.34609375 0.571484375 0.05 0.087109375
0 0.290234375 0.565234375 0.06171875 0.089453125
0 0.3046875 0.483203125 0.0453125 0.074609375
0 0.253125 0.483203125 0.0453125 0.089453125
0 0.20546875 0.484375 0.043359375 0.08203125
1 0.24765625 0.566796875 0.05 0.08203125
1 0.194921875 0.57265625 0.06171875 0.089453125
1 0.146484375 0.576171875 0.058203125 0.08203125
1 0.163671875 0.49140625 0.056640625 0.077734375
1 0.11484375 0.492578125 0.05 0.0796875
1 0.095703125 0.575 0.056640625 0.08515625
1 0.05 0.576171875 0.064453125 0.08203125
1 0.066796875 0.487890625 0.056640625 0.0796875
1 0.017578125 0.573828125 0.03203125 0.087109375
0 0.02578125 0.490625 0.051171875 0.0796875
1 0.708984375 0.328125 0.040625 0.065234375
1 0.708203125 0.260546875 0.038671875 0.065234375
1 0.75078125 0.26640625 0.043359375 0.06796875
0 0.753515625 0.33203125 0.038671875 0.06796875
1 0.79375 0.3328125 0.0484375 0.065234375
1 0.79375 0.267578125 0.0484375 0.065234375
1 0.8390625 0.335546875 0.0421875 0.074609375
0 0.8375 0.267578125 0.0421875 0.065234375
1 0.883203125 0.265234375 0.040625 0.065234375
1 0.883203125 0.3328125 0.05 0.0703125
1 0.925390625 0.26640625 0.043359375 0.07265625
0 0.9328125 0.335546875 0.0515625 0.074609375
1 0.973046875 0.269921875 0.038671875 0.065234375
0 0.97421875 0.33203125 0.0421875 0.06796875
1 0.6015625 0.333984375 0.0421875 0.07265625
1 0.605078125 0.26640625 0.0484375 0.06796875
1 0.555078125 0.337890625 0.0484375 0.074609375
1 0.557421875 0.2625 0.043359375 0.065234375
1 0.511328125 0.335546875 0.0453125 0.0796875
0 0.511328125 0.258984375 0.0421875 0.07265625
1 0.466796875 0.33671875 0.05 0.077734375
1 0.469140625 0.260546875 0.0484375 0.0703125
1 0.421484375 0.333984375 0.05 0.077734375
0 0.428125 0.26171875 0.046875 0.07265625
1 0.387109375 0.265234375 0.0484375 0.074609375
1 0.37578125 0.3328125 0.0484375 0.074609375
0 0.33046875 0.333984375 0.0515625 0.077734375
0 0.341796875 0.2625 0.0421875 0.0703125
0 0.293359375 0.33203125 0.050390625 0.075390625
1 0.29765625 0.26015625 0.047265625 0.0734375
1 0.241796875 0.339453125 0.062109375 0.0734375
1 0.25859375 0.26875 0.0578125 0.0734375
1 0.216796875 0.269921875 0.05625 0.07109375
1 0.2015625 0.340625 0.0578125 0.075390625
1 0.159375 0.339453125 0.05625 0.086328125
0 0.175 0.265625 0.0515625 0.084375
1 0.13046875 0.2734375 0.0578125 0.077734375
1 0.112109375 0.344921875 0.062109375 0.075390625
1 0.073046875 0.344921875 0.060546875 0.062109375
1 0.08828125 0.27109375 0.070703125 0.08203125
1 0.0265625 0.340625 0.050390625 0.07109375
1 0.045703125 0.272265625 0.04453125 0.084375
0 0.046484375 0.148046875 0.048828125 0.075390625
1 0.0890625 0.15 0.027734375 0.07109375
1 0.129296875 0.151171875 0.03359375 0.0734375
1 0.11796875 0.09609375 0.082421875 0.041796875
1 0.18125 0.08046875 0.053125 0.064453125
1 0.167578125 0.148046875 0.04296875 0.075390625
1 0.20859375 0.14453125 0.04296875 0.0734375
1 0.217578125 0.081640625 0.0515625 0.0796875
1 0.24921875 0.14453125 0.047265625 0.064453125
1 0.290625 0.145703125 0.03515625 0.075390625
1 0.3265625 0.14375 0.03984375 0.07109375
1 0.3671875 0.14140625 0.038671875 0.066796875
1 0.40859375 0.1390625 0.050390625 0.07109375
1 0.45234375 0.13828125 0.0515625 0.06875
1 0.48984375 0.142578125 0.050390625 0.0734375
1 0.528125 0.14140625 0.03515625 0.07109375
1 0.569921875 0.142578125 0.03984375 0.0734375
0 0.608984375 0.134765625 0.04140625 0.07109375
1 0.651171875 0.132421875 0.04296875 0.066796875
1 0.691796875 0.134765625 0.038671875 0.066796875
0 0.258203125 0.081640625 0.04453125 0.052734375
0 0.2984375 0.07734375 0.048828125 0.0578125
1 0.3375 0.075 0.04453125 0.0578125
0 0.376171875 0.079296875 0.04453125 0.0578125
1 0.416015625 0.0828125 0.04453125 0.055859375
1 0.454296875 0.07734375 0.047265625 0.0484375
1 0.49140625 0.076171875 0.047265625 0.06015625
1 0.533984375 0.076171875 0.04453125 0.055859375
1 0.573046875 0.08046875 0.04296875 0.050390625
1 0.611328125 0.076171875 0.03984375 0.055859375
1 0.65390625 0.078515625 0.03984375 0.055859375
1 0.966796875 0.145703125 0.06640625 0.066796875
0 0.937890625 0.126171875 0.062109375 0.075390625
0 0.90546875 0.101953125 0.070703125 0.0578125
0 0.88359375 0.079296875 0.0796875 0.07109375
1 0.83671875 0.0640625 0.078125 0.0578125
1 0.812109375 0.05078125 0.078125 0.0578125
1 0.785546875 0.03203125 0.072265625 0.06015625
0 0.751953125 0.021875 0.06796875 0.04375