0 0.6158159722222223 0.7690885416666667 0.19190972222222236 0.1977893518518517
1 0.6787384259259259 0.7994560185185184 0.15676504629629626 0.19752893518518527
0 0.7628877314814815 0.8394328703703703 0.15513310185185175 0.19279513888888894
0 0.8618402777777778 0.877115162037037 0.15097222222222229 0.17549189814814808
0 0.9389814814814816 0.929230324074074 0.1220370370370368 0.14153935185185204
0 0.7570283564814815 0.5757031250000001 0.17234953703703687 0.1425462962962964
1 0.8309085648148148 0.6341174768518518 0.16404513888888878 0.16182291666666657
0 0.9072424768518518 0.6473119212962963 0.13393518518518518 0.1851388888888888
0 0.4070515046296296 0.6723177083333333 0.19974537037037035 0.19958333333333336
0 0.28423032407407406 0.6311950231481481 0.18662615740740734 0.2101273148148149
0 0.16144386574074074 0.592416087962963 0.19347222222222218 0.19783564814814802
0 0.07979166666666666 0.5365046296296296 0.14341435185185186 0.1924479166666666
0 0.5734288194444443 0.5171614583333334 0.1772106481481483 0.15440393518518505
0 0.4728269675925926 0.47357349537037036 0.16799768518518512 0.16506365740740742
0 0.37679976851851854 0.44886284722222225 0.1472048611111111 0.1847511574074073
0 0.3032667824074074 0.41388599537037035 0.15492476851851844 0.17873263888888893
0 0.2225636574074074 0.3693258101851852 0.14907407407407405 0.15278935185185186
0 0.14342303240740742 0.32481192129629627 0.16315393518518517 0.20708912037037042
0 0.06138020833333333 0.2688888888888889 0.11745949074074073 0.1799652777777778
0 0.7473524305555556 0.18613425925925925 0.14693865740740755 0.1667824074074074
0 0.6559866898148148 0.13344907407407408 0.15210648148148137 0.14663194444444444
0 0.5681568287037037 0.10859085648148148 0.1471122685185186 0.1785011574074074
0 0.46648148148148144 0.0716087962962963 0.12046296296296291 0.1191435185185185
0 0.9705960648148148 0.6844936342592592 0.058807870370370455 0.18245949074074072
0 0.3883275462962963 0.06734085648148148 0.12428819444444442 0.11379050925925924
1 0.8256857638888888 0.20251157407407408 0.1244907407407407 0.18017361111111113