1 0.33520833333333333 0.7658130787037037 0.10808449074074078 0.28972800925925934
0 0.4108912037037037 0.7647858796296296 0.10563657407407412 0.2825231481481481
0 0.49234085648148146 0.7579427083333333 0.11286458333333335 0.2963252314814815
0 0.5772887731481482 0.7501880787037036 0.09234375000000003 0.2807581018518519
1 0.6599971064814815 0.749291087962963 0.11502314814814821 0.2839988425925927
0 0.7432523148148148 0.7589699074074074 0.12360532407407412 0.2838541666666668
1 0.8115711805555555 0.7612991898148149 0.15263888888888885 0.2945891203703702
1 0.8831626157407406 0.7474826388888889 0.14168981481481496 0.2929976851851851
0 0.2478125 0.3449508101851852 0.0920486111111111 0.20815972222222215
0 0.30897858796296296 0.33855613425925923 0.07890625 0.21655092592592595
1 0.3690364583333333 0.3363715277777778 0.07527199074074069 0.18194444444444446
0 0.42892650462962967 0.3228587962962963 0.0799710648148149 0.1830729166666667
0 0.4905642361111111 0.3219618055555556 0.09160879629629637 0.17847222222222223
0 0.5600491898148148 0.3239872685185185 0.10196180555555542 0.19250578703703702
0 0.6258912037037037 0.3171585648148148 0.10857060185185183 0.2171875
1 0.6843518518518519 0.3125144675925926 0.10431712962962969 0.19346064814814817
1 0.7415885416666667 0.3042679398148148 0.10072337962962959 0.21426504629629628