0 0.817578125 0.53828125 0.229296875 0.4296875
0 0.614453125 0.534765625 0.233984375 0.383203125
0 0.384765625 0.490625 0.215234375 0.31875
1 0.219921875 0.487109375 0.24765625 0.348828125
0 0.09921875 0.452734375 0.1984375 0.32578125
0 0.874609375 0.233203125 0.235546875 0.26328125
0 0.676171875 0.206640625 0.2078125 0.25859375
0 0.50703125 0.204296875 0.2109375 0.25859375
0 0.3390625 0.213671875 0.180078125 0.228515625
0 0.19921875 0.2078125 0.14765625 0.226171875
0 0.079296875 0.18828125 0.15859375 0.235546875