1 0.12663194444444445 0.642332175925926 0.1786053240740741 0.18755787037037025
1 0.2091435185185185 0.6530815972222223 0.18280671296296297 0.17853009259259256
1 0.3096759259259259 0.6483796296296296 0.1833854166666667 0.17468171296296298
1 0.40464699074074073 0.657421875 0.1872800925925926 0.18975694444444446
0 0.5035300925925925 0.6587239583333333 0.18341435185185198 0.19024884259259256
0 0.5912471064814815 0.663990162037037 0.17256944444444447 0.17621527777777785
0 0.6739814814814815 0.6790364583333333 0.1981886574074075 0.175
0 0.7355729166666667 0.6795717592592593 0.18450231481481474 0.16620370370370363
1 0.8243865740740741 0.6757378472222222 0.19161458333333323 0.168287037037037
1 0.893816550925926 0.6686342592592592 0.20460069444444437 0.17858796296296298
1 0.9394560185185185 0.680541087962963 0.12108796296296305 0.15298032407407405
1 0.9787355324074074 0.6948640046296296 0.04252893518518519 0.13475115740740726
1 0.9623032407407408 0.806467013888889 0.07539351851851847 0.11889467592592595
1 0.9126331018518516 0.8197771990740741 0.1734259259259261 0.13269675925925917
1 0.8361371527777777 0.8191695601851852 0.189982638888889 0.15182291666666678
1 0.758504050925926 0.826880787037037 0.17188078703703696 0.16293402777777785
1 0.6763773148148149 0.8235532407407407 0.17426504629629633 0.16388888888888892
0 0.6032494212962962 0.8274016203703705 0.16684027777777785 0.14076967592592596
0 0.5402228009259259 0.821875 0.1815509259259258 0.15431134259259274
1 0.43768229166666667 0.8180989583333333 0.19098379629629622 0.18614004629629619
0 0.35748842592592595 0.814236111111111 0.20163773148148145 0.18148148148148166
1 0.2695081018518518 0.8038917824074074 0.19410879629629624 0.18637152777777785
0 0.17520543981481482 0.807740162037037 0.17185763888888891 0.19250578703703702