0 0.08125 0.848046875 0.1625 0.303515625
0 0.198828125 0.83984375 0.201171875 0.3203125
0 0.40078125 0.835546875 0.18125 0.32890625
0 0.563671875 0.828515625 0.201171875 0.34296875
0 0.751953125 0.835546875 0.19296875 0.32890625
0 0.906640625 0.835546875 0.17890625 0.32890625
0 0.06875 0.123828125 0.1375 0.2328125
0 0.1859375 0.114453125 0.201171875 0.228515625
0 0.30859375 0.118359375 0.1609375 0.23671875
0 0.4296875 0.124609375 0.18125 0.24921875
0 0.5890625 0.127734375 0.18125 0.25546875
0 0.723046875 0.133203125 0.19765625 0.266015625
0 0.823046875 0.130078125 0.1765625 0.259765625
0 0.94453125 0.123828125 0.110546875 0.247265625