1 0.20225405092592594 0.3706163194444444 0.16337384259259258 0.3372511574074074
1 0.31806712962962963 0.33923032407407405 0.1759895833333333 0.35352430555555553
1 0.4342071759259259 0.3164178240740741 0.1719965277777778 0.34160300925925924
1 0.5484548611111111 0.28550347222222217 0.1657349537037037 0.3397164351851852
1 0.6583188657407407 0.2665306712962963 0.1704108796296296 0.33839699074074076
1 0.7713657407407408 0.23958333333333331 0.16648726851851858 0.3358506944444445
1 0.8808854166666666 0.21438078703703703 0.1712500000000002 0.34625000000000006
0 0.9247714120370369 0.5627517361111111 0.14380208333333327 0.330769675925926
0 0.8218287037037036 0.5962037037037037 0.16257523148148145 0.3348668981481481
0 0.7143142361111111 0.6142737268518518 0.17340277777777774 0.32059027777777765
0 0.6020457175925926 0.6415711805555556 0.16491898148148146 0.33498842592592587
0 0.4929571759259259 0.6612847222222222 0.17348958333333328 0.3323090277777778
0 0.37483506944444445 0.6881047453703705 0.1648148148148149 0.3209259259259259
0 0.26336805555555554 0.7126273148148148 0.17020833333333335 0.3110532407407408