0 0.6795572916666666 0.7101273148148147 0.21465277777777772 0.2881076388888889
0 0.49853298611111113 0.6607494212962963 0.20777777777777776 0.25951967592592595
0 0.3407638888888889 0.6529369212962963 0.2346354166666666 0.2747685185185185
0 0.1838628472222222 0.6236111111111111 0.2514409722222222 0.2588541666666668
0 0.06391493055555555 0.595630787037037 0.1278298611111111 0.20092592592592595
1 0.6040538194444445 0.492650462962963 0.2572916666666668 0.1711516203703704
0 0.44873263888888887 0.462427662037037 0.2511631944444445 0.17615740740740743
0 0.29640625 0.4378327546296297 0.24086805555555557 0.16915509259259257
0 0.14047743055555556 0.43495370370370373 0.23175347222222223 0.1450810185185185
0 0.06417100694444444 0.40076678240740743 0.12834201388888888 0.13807870370370376
0 0.5203819444444444 0.30931712962962965 0.13305555555555557 0.12607060185185182
0 0.42472222222222217 0.314453125 0.13574652777777776 0.1067708333333334
0 0.32006076388888893 0.3034866898148148 0.14184027777777786 0.10020254629629637
1 0.2228125 0.29236111111111107 0.12770833333333337 0.09603587962962959
0 0.12244791666666666 0.2810763888888889 0.12807291666666668 0.11244212962962959
0 0.9454774305555557 0.3963831018518518 0.08949652777777786 0.06122685185185191
0 0.9299652777777778 0.3573640046296296 0.12222222222222215 0.05975115740740744
0 0.9232899305555555 0.3243200231481481 0.13675347222222242 0.046788194444444466
0 0.9042708333333334 0.3027199074074074 0.13687499999999986 0.05225694444444447
0 0.8877343750000002 0.27469618055555556 0.12737847222222243 0.04609375
0 0.8815625 0.25409432870370374 0.13661458333333343 0.04053819444444447
0 0.879548611111111 0.23942418981481478 0.16090277777777767 0.04545717592592595
0 0.8562239583333333 0.21853298611111108 0.13661458333333343 0.04053819444444444