1 0.6837094907407407 0.9311284722222222 0.08590277777777774 0.13530092592592596
1 0.7444675925925927 0.9389221643518517 0.08888888888888893 0.12215567129629648
0 0.8020109953703702 0.951244212962963 0.07955439814814805 0.09751157407407404
1 0.8592534722222223 0.9583564814814813 0.08097800925925931 0.08328703703703724
0 0.6987123842592593 0.8228674768518518 0.07476851851851851 0.10512731481481481
1 0.7511776620370371 0.8407754629629629 0.06957754629629634 0.10953124999999994
1 0.8096846064814814 0.8554918981481482 0.07431134259259267 0.11055555555555543
1 0.8615277777777777 0.8694733796296298 0.07702546296296298 0.11692708333333357
0 0.9202170138888889 0.8806944444444443 0.07431134259259267 0.11055555555555543
0 0.5859085648148148 0.8053356481481482 0.07523148148148148 0.11293981481481481
1 0.5720515046296296 0.906646412037037 0.08097800925925931 0.11791087962962976
1 0.5157291666666667 0.8959375000000002 0.08111689814814813 0.12025462962962977
1 0.5296064814814815 0.7883969907407408 0.07362268518518515 0.11207754629629622
1 0.4770775462962963 0.7825578703703704 0.08047453703703696 0.12255787037037039
0 0.4546730324074074 0.8842042824074074 0.08097800925925931 0.11791087962962976
1 0.40328993055555556 0.8714149305555555 0.0841550925925926 0.1320949074074072
1 0.4199681712962963 0.7585677083333333 0.06888888888888896 0.11105324074074083
1 0.3675086805555555 0.7539004629629631 0.07059027777777774 0.11347800925925924
1 0.31746238425925927 0.7505266203703703 0.07008101851851851 0.10488425925925923
1 0.2658246527777778 0.7334403935185185 0.0715046296296297 0.10262152777777782
1 0.31988715277777774 0.8308738425925926 0.12351273148148145 0.07338541666666672
0 0.2128009259259259 0.8046817129629629 0.12369791666666663 0.07651041666666672
0 0.2089525462962963 0.7265972222222222 0.06939236111111116 0.10640624999999986
1 0.15796006944444443 0.713828125 0.07679398148148149 0.11302083333333321
0 0.10329282407407407 0.7047627314814815 0.07229166666666666 0.11590277777777765
1 0.10328414351851851 0.7900462962962963 0.11786458333333334 0.08321759259259257
1 0.06696180555555556 0.6962586805555555 0.05818287037037036 0.1143923611111111
1 0.7321875 0.5531741898148148 0.06212384259259274 0.08889467592592588
1 0.7806973379629629 0.5634780092592593 0.06524884259259256 0.08905671296296305
1 0.8315509259259258 0.5739033564814815 0.06524884259259248 0.08905671296296305
1 0.8804311342592592 0.5904571759259258 0.06777777777777771 0.09230324074074084
0 0.7246875 0.6369010416666667 0.06998263888888889 0.09008101851851862
0 0.7714496527777778 0.6439988425925925 0.07320601851851868 0.1050462962962964
0 0.8241203703703703 0.6588020833333333 0.07306712962962969 0.10270254629629641
0 0.9304571759259259 0.6000607638888888 0.06575231481481474 0.08440972222222225
0 0.9736646412037036 0.6060474537037037 0.05267071759259281 0.08655092592592588
1 0.8753443287037037 0.6754774305555555 0.06897569444444436 0.09937499999999985
1 0.9260590277777776 0.6835590277777778 0.07660300925925938 0.0966550925925926
1 0.9714771412037038 0.6944155092592592 0.05704571759259238 0.09550925925925924
1 0.6103414351851851 0.6130584490740741 0.06690972222222236 0.10394097222222207
1 0.6220688657407407 0.5283825231481482 0.06998263888888889 0.09008101851851862
1 0.5608883101851851 0.5999797453703704 0.06897569444444436 0.09937500000000003
1 0.5737413194444445 0.5145833333333334 0.06832754629629641 0.08843749999999986
1 0.5236950231481481 0.5112094907407407 0.06359375000000007 0.08741319444444447
1 0.5100347222222222 0.5895543981481481 0.07159143518518522 0.09094328703703702
1 0.46453414351851857 0.5774594907407408 0.06796296296296304 0.09542824074074066
0 0.4784461805555555 0.49679108796296295 0.06515625000000007 0.08749421296296304
0 0.4129484953703704 0.5743952546296296 0.06741319444444441 0.09929398148148146
1 0.4295688657407407 0.4868576388888889 0.06671875000000002 0.08757523148148146
1 0.3805787037037037 0.4815914351851852 0.06248842592592592 0.08190393518518527
1 0.36910300925925926 0.5639438657407407 0.06883680555555553 0.09703124999999986
0 0.3139265046296297 0.5462847222222222 0.08078703703703702 0.10154513888888879
0 0.3365943287037037 0.4687962962962963 0.06101851851851849 0.08338541666666668
0 0.28535011574074076 0.45835069444444443 0.06424189814814821 0.09835069444444447
0 0.23771412037037037 0.4496498842592592 0.06065393518518523 0.09037615740740748
1 0.27143807870370373 0.5390190972222222 0.0677777777777778 0.09230324074074084
1 0.2185648148148148 0.5339409722222221 0.08078703703703702 0.10154513888888879
1 0.1698726851851852 0.5271325231481482 0.07563657407407405 0.09348958333333321
1 0.19515914351851854 0.4478327546296296 0.07306134259259256 0.0894618055555556
1 0.146328125 0.43868055555555563 0.06685763888888889 0.08991898148148145
1 0.11934027777777778 0.5155555555555555 0.07504050925925924 0.09657407407407419
1 0.07365740740740741 0.5069560185185186 0.08197916666666667 0.09537615740740754
1 0.0991261574074074 0.4241608796296297 0.07393518518518519 0.0910648148148148
1 0.046655092592592595 0.4981568287037037 0.03979166666666667 0.09318865740740741
0 0.05787905092592592 0.41812789351851853 0.0684201388888889 0.09000000000000004
1 0.7547077546296296 0.40090856481481485 0.05421296296296294 0.07368634259259252
1 0.7605150462962962 0.33461805555555557 0.052604166666666785 0.07282407407407412
1 0.802662037037037 0.34926504629629634 0.057523148148148094 0.07697337962962969
0 0.7987152777777778 0.41409432870370366 0.053570601851851765 0.07598958333333332
1 0.8389756944444443 0.423191550925926 0.0620717592592591 0.07487268518518522
1 0.8453125 0.3592650462962963 0.0620717592592591 0.07487268518518517
1 0.8836950231481481 0.435245949074074 0.05789351851851876 0.08322337962962964
0 0.8886747685185185 0.36813368055555556 0.05577546296296276 0.07376736111111111
1 0.9346788194444443 0.37558159722222223 0.05421296296296276 0.07368634259259262
1 0.9280902777777778 0.44183159722222226 0.06473958333333343 0.08046296296296304
1 0.9736284722222223 0.38554108796296294 0.05274305555555543 0.08170138888888889
0 0.971736111111111 0.45489004629629637 0.056527777777777996 0.08527199074074084
1 0.998689236111111 0.39817997685185186 0.002621527777777999 0.07140625000000007
0 0.9949797453703703 0.4588339120370371 0.010040509259259523 0.07509837962962962
1 0.6470283564814815 0.3844212962962963 0.057754629629629586 0.0808796296296296
1 0.6571556712962963 0.31874421296296296 0.06303819444444443 0.07803819444444446
1 0.6003356481481481 0.3784953703703704 0.06418981481481474 0.08432870370370367
1 0.61 0.305005787037037 0.05733796296296312 0.07384837962962969
1 0.5572251157407407 0.3673032407407407 0.06212384259259256 0.08889467592592588
0 0.564453125 0.29212962962962963 0.057754629629629586 0.0808796296296296
1 0.5123466435185184 0.35913483796296297 0.06671875000000008 0.08757523148148146
1 0.522355324074074 0.28488425925925925 0.06317708333333343 0.08038194444444446
1 0.4676273148148148 0.34708043981481485 0.06671875000000008 0.08757523148148146
0 0.4814293981481481 0.2776996527777778 0.06248842592592592 0.08190393518518517
1 0.44022858796296294 0.2724479166666667 0.06418981481481474 0.08432870370370367
1 0.42221932870370366 0.3365480324074074 0.06418981481481478 0.08432870370370367
0 0.37692708333333336 0.32796875 0.06832754629629623 0.08843750000000003
0 0.39511863425925925 0.2603732638888889 0.05683449074074076 0.0784953703703704
0 0.34015914351851856 0.31866319444444446 0.06657986111111107 0.08523148148148145
1 0.3512268518518519 0.24914062499999998 0.06253472222222226 0.08268518518518526
1 0.2877690972222222 0.31516782407407407 0.07751736111111107 0.08579861111111117
1 0.3115219907407408 0.2494184027777778 0.07356481481481474 0.08481481481481482
1 0.26979166666666665 0.24180266203703704 0.07108217592592592 0.08234953703703703
1 0.2476244212962963 0.30802372685185186 0.07370370370370374 0.0871585648148148
1 0.20575520833333333 0.2980642361111111 0.07430555555555554 0.09731481481481481
0 0.2285185185185185 0.22875868055555557 0.06947916666666662 0.09472800925925924
1 0.1832523148148148 0.22719039351851852 0.07462384259259255 0.08954282407407403
1 0.1579832175925926 0.2936400462962963 0.07843749999999998 0.08818287037037038
1 0.11933159722222222 0.2854050925925926 0.07374421296296299 0.07469907407407402
1 0.1417042824074074 0.21607928240740742 0.08827546296296296 0.09648148148148143
1 0.07332465277777778 0.27133680555555556 0.06556712962962963 0.08128472222222224
1 0.09919270833333334 0.2084230324074074 0.06240162037037038 0.09358217592592596
0 0.11184606481481481 0.08679976851851852 0.06501736111111112 0.08515046296296296
1 0.15415219907407407 0.09756076388888889 0.04267939814814814 0.0762037037037037
1 0.19406828703703705 0.10741898148148148 0.04916087962962963 0.08043402777777779
1 0.1883912037037037 0.051047453703703706 0.09147569444444441 0.0584837962962963
1 0.25291087962962966 0.048940972222222226 0.06675925925925927 0.07511574074074075
1 0.2325115740740741 0.11213831018518519 0.05872106481481474 0.0840451388888889
1 0.27410300925925923 0.11741030092592593 0.05858217592592592 0.08170138888888889
1 0.28887442129629626 0.05781539351851852 0.06837384259259256 0.08921874999999999
1 0.31431712962962965 0.12572627314814816 0.06124421296296294 0.07405092592592592
1 0.3553819444444445 0.1352546296296296 0.05159722222222225 0.08211805555555554
1 0.3915509259259259 0.14102430555555556 0.055318287037037006 0.07919560185185186
1 0.43240740740740746 0.14703703703703702 0.052696759259259277 0.07438657407407408
1 0.4736776620370371 0.15346064814814814 0.06556712962962977 0.08128472222222224
1 0.5173842592592592 0.16156828703703704 0.06620949074074076 0.07898148148148146
1 0.5543142361111111 0.1736082175925926 0.0657060185185184 0.08362847222222225
1 0.592896412037037 0.1806712962962963 0.05058449074074076 0.0781712962962963
1 0.6343518518518518 0.1902199074074074 0.05545717592592592 0.08153935185185186
0 0.6741030092592593 0.19072337962962962 0.0568807870370371 0.0792766203703704
1 0.7161545138888888 0.19718750000000002 0.05743055555555543 0.07541087962962964
1 0.7565075231481482 0.20784722222222224 0.052696759259259277 0.07438657407407409
0 0.3294560185185185 0.06576099537037036 0.05586226851851848 0.06208912037037036
0 0.3702199074074074 0.07021122685185185 0.06087384259259263 0.06780092592592593
1 0.40910011574074073 0.07573206018518518 0.056921296296296296 0.06681712962962963
0 0.4472251157407407 0.08822337962962963 0.056921296296296296 0.06681712962962964
1 0.4868663194444444 0.10001446759259261 0.05604745370370381 0.06521412037037039
1 0.5255613425925926 0.10241030092592593 0.05719328703703699 0.05826388888888889
1 0.5625578703703704 0.10900173611111112 0.060231481481481455 0.07010416666666666
1 0.6051388888888889 0.11782986111111111 0.056047453703703634 0.06521412037037036
1 0.6436313657407406 0.12995081018518517 0.053333333333333496 0.05884259259259261
1 0.6820283564814815 0.1338888888888889 0.05209490740740748 0.06423032407407407
1 0.7243576388888888 0.14504050925925926 0.05209490740740748 0.06423032407407407
1 0.9945254629629631 0.27394097222222225 0.010949074074073906 0.07769675925925927
0 0.9816059027777777 0.24987557870370375 0.0367881944444445 0.08676504629629633
0 0.9657465277777778 0.21978877314814813 0.06850694444444443 0.07193865740740739
0 0.9528602430555555 0.19350694444444444 0.094279513888889 0.08747106481481484
1 0.9080266203703704 0.16897280092592593 0.0900578703703701 0.07398726851851851
1 0.8847424768518518 0.15063078703703706 0.09005787037037045 0.07398726851851851
1 0.8599623842592592 0.12675925925925927 0.08468171296296276 0.0752662037037037
0 0.8278096064814815 0.10990451388888889 0.0774131944444445 0.05775462962962963