0 0.8132957175925926 0.6060011574074075 0.2901041666666668 0.4655266203703704
0 0.6126707175925926 0.5684230324074074 0.28820601851851857 0.42016782407407405
0 0.390625 0.4860792824074074 0.2603703703703705 0.35295138888888894
1 0.22793113425925923 0.45509259259259255 0.29656249999999995 0.3883912037037037
0 0.11817418981481483 0.4002893518518519 0.23306134259259256 0.3568287037037038
0 0.8872395833333334 0.31377314814814816 0.22552083333333323 0.3004629629629629
0 0.7169675925925926 0.2551765046296296 0.2435185185185187 0.2923090277777778
0 0.5495891203703704 0.22444155092592594 0.2466435185185185 0.2924016203703704
0 0.3819068287037037 0.20541377314814815 0.2120196759259259 0.2577893518518518
0 0.24421875 0.17594907407407406 0.17915509259259255 0.24978587962962964
0 0.12793692129629627 0.13657407407407407 0.1917361111111111 0.26109375