0 0.12223958333333333 0.41660300925925925 0.17864583333333334 0.39075231481481476
0 0.2223958333333333 0.4255208333333333 0.16234374999999998 0.32139467592592597
0 0.335546875 0.4353327546296296 0.18427083333333324 0.3817013888888889
0 0.4459375 0.43901620370370364 0.17833333333333332 0.3627083333333333
0 0.538125 0.4342361111111111 0.16270833333333332 0.3618981481481482
0 0.6354166666666667 0.4413425925925926 0.16171875 0.3353761574074074
0 0.7513541666666667 0.4282754629629629 0.19302083333333328 0.3728124999999999
0 0.8512760416666666 0.4277980324074074 0.16276041666666652 0.4093923611111112
0 0.9442317708333334 0.4400144675925926 0.11153645833333314 0.35656250000000006
0 0.11354166666666668 0.7741435185185186 0.1428125 0.2970254629629629
0 0.2157552083333333 0.7962818287037037 0.19749999999999998 0.2765046296296296
1 0.315 0.7444907407407408 0.16796875 0.2889872685185185
0 0.40783854166666667 0.7494762731481481 0.14156250000000004 0.2782754629629629
0 0.5144791666666666 0.7557060185185185 0.13546875000000008 0.2919733796296297
0 0.61390625 0.7242881944444445 0.15093749999999986 0.27876157407407404
0 0.7130989583333334 0.7540306712962963 0.12229166666666665 0.24613425925925939
0 0.8016666666666665 0.736111111111111 0.13656250000000006 0.27334490740740736
0 0.909921875 0.7724392361111111 0.13125 0.28708333333333336
0 0.9689713541666667 0.7440943287037036 0.062057291666666715 0.2768981481481482