0 0.1113136574074074 0.5072656249999999 0.20410879629629627 0.41515625000000006
0 0.20238715277777777 0.5031510416666667 0.19892361111111115 0.3454166666666666
0 0.3157378472222222 0.4979427083333333 0.2273148148148148 0.4089062500000001
0 0.4257349537037037 0.4984375 0.21968171296296296 0.38812499999999994
0 0.5171788194444444 0.5068229166666667 0.2032060185185184 0.38468750000000007
0 0.6145370370370371 0.5034635416666666 0.20009837962962962 0.35875
0 0.7289496527777778 0.5208854166666667 0.2356770833333334 0.40166666666666656
0 0.8284924768518518 0.5252083333333333 0.20928240740740733 0.43187499999999995
0 0.9226649305555554 0.5177864583333334 0.15467013888888914 0.37671875000000005
0 0.11521122685185185 0.15437499999999998 0.17626157407407406 0.30874999999999997
0 0.21839120370370368 0.142421875 0.2281655092592592 0.28484375
1 0.31398148148148153 0.18768229166666667 0.20031828703703702 0.31354166666666666
0 0.40669849537037034 0.18619791666666666 0.17258101851851854 0.2984375
0 0.5130989583333333 0.18419270833333332 0.16826388888888885 0.31062500000000004
0 0.6104195601851853 0.21919270833333332 0.18200231481481488 0.30062500000000003
0 0.7106336805555555 0.19333333333333333 0.1504918981481481 0.2634375
0 0.7977719907407408 0.21492187499999998 0.16773148148148156 0.29265625
0 0.9079687499999999 0.18252604166666667 0.16343749999999985 0.30562500000000004
0 0.9586776620370371 0.21552083333333333 0.08264467592592588 0.289375