0 0.6806944444444445 0.8336675347222222 0.275763888888889 0.33266493055555557
0 0.8180902777777778 0.8843402777777778 0.2547569444444445 0.2313194444444445
1 0.5393055555555556 0.7631163194444444 0.2735243055555555 0.37680555555555556
0 0.40252604166666667 0.682265625 0.2822395833333333 0.36217013888888905
0 0.28347222222222224 0.5720920138888889 0.27217013888888886 0.34633680555555557
0 0.143671875 0.49338541666666663 0.28734375 0.3461631944444445
0 0.07518229166666666 0.3900607638888889 0.15036458333333333 0.3394965277777778
0 0.8628645833333334 0.538828125 0.24100694444444457 0.2949131944444444
0 0.7398177083333334 0.4305208333333333 0.26310763888888894 0.3180381944444445
0 0.6042447916666667 0.3841059027777778 0.27197916666666655 0.3244791666666666
0 0.47254340277777784 0.28577256944444446 0.27265625 0.28703125000000007
0 0.3428472222222222 0.1863107638888889 0.27470486111111114 0.333125
0 0.18721354166666665 0.1249826388888889 0.24901041666666668 0.24670138888888887