0 0.7129108796296296 0.8373090277777777 0.29593749999999996 0.32538194444444457
0 0.8477575231481481 0.8943749999999999 0.27155671296296297 0.21125000000000008
1 0.5727748842592593 0.7676996527777777 0.2974189814814814 0.39385416666666656
0 0.43731192129629637 0.6752951388888888 0.30405671296296294 0.3807291666666668
0 0.319765625 0.5551822916666667 0.29341435185185183 0.36409722222222224
0 0.17496238425925925 0.4637413194444445 0.32080439814814815 0.366267361111111
0 0.10262731481481482 0.3543923611111111 0.19460648148148146 0.3494097222222222
0 0.8848437499999999 0.573046875 0.23031250000000006 0.31085069444444446
0 0.7777719907407408 0.4533246527777778 0.2824016203703703 0.33496527777777774
0 0.6429369212962962 0.39528645833333337 0.2912037037037038 0.3421875
0 0.5124334490740741 0.2858159722222222 0.2893576388888889 0.30623263888888896
0 0.38432002314814817 0.17796006944444445 0.2952025462962963 0.34539930555555554
0 0.23183738425925923 0.1171875 0.2652372685185185 0.2299652777777778