0 0.295703125 0.64140625 0.09921875 0.25625
0 0.3171875 0.392578125 0.094140625 0.21484375
0 0.3828125 0.651171875 0.078515625 0.275390625
0 0.39375 0.39921875 0.094140625 0.222265625
0 0.468359375 0.403125 0.083984375 0.220703125
0 0.468359375 0.6546875 0.069140625 0.251953125
0 0.059765625 0.634765625 0.08984375 0.259375
0 0.09140625 0.37421875 0.105859375 0.225
0 0.02890625 0.362109375 0.057421875 0.228125
0 0.548828125 0.406640625 0.0765625 0.2015625
0 0.544140625 0.6546875 0.070703125 0.27265625
0 0.62734375 0.66875 0.083984375 0.275390625
0 0.621484375 0.41328125 0.075 0.235546875
0 0.7 0.41171875 0.078515625 0.228125
0 0.714453125 0.6734375 0.083984375 0.278515625
0 0.797265625 0.678515625 0.078515625 0.27265625
0 0.776953125 0.41640625 0.070703125 0.235546875
0 0.86484375 0.423046875 0.078515625 0.248828125
0 0.887109375 0.6890625 0.08671875 0.262109375
0 0.85625 0.035546875 0.1375 0.06796875