0 0.094140625 0.578515625 0.153515625 0.383203125
0 0.193359375 0.564453125 0.14140625 0.314453125
0 0.30546875 0.548828125 0.159375 0.373828125
0 0.415234375 0.539453125 0.155078125 0.3546875
0 0.507421875 0.539453125 0.138671875 0.3546875
0 0.60390625 0.52734375 0.13984375 0.328515625
0 0.7203125 0.534375 0.169140625 0.364453125
0 0.819921875 0.5296875 0.135546875 0.40234375
0 0.930859375 0.51171875 0.126953125 0.35
0 0.06171875 0.22265625 0.1234375 0.290625
0 0.162109375 0.1953125 0.180078125 0.266796875
1 0.264453125 0.241796875 0.14921875 0.280859375
0 0.356640625 0.23203125 0.1234375 0.271484375
0 0.4625 0.2203125 0.11640625 0.285546875
0 0.563671875 0.246484375 0.1328125 0.271484375
0 0.660546875 0.21171875 0.10625 0.240625
0 0.75 0.225 0.119140625 0.266796875
0 0.85546875 0.183203125 0.112109375 0.280859375
0 0.942578125 0.20703125 0.097265625 0.271484375