0 0.7368923611111111 0.6216666666666667 0.12690972222222213 0.26336805555555554
0 0.6890769675925925 0.37507812500000004 0.11678240740740727 0.22189814814814818
0 0.6511429398148147 0.6379311342592592 0.10804398148148149 0.28119212962962975
0 0.613353587962963 0.38775173611111113 0.11782407407407405 0.2289351851851852
0 0.5398582175925926 0.3972829861111111 0.1075810185185185 0.22651620370370368
0 0.566333912037037 0.6479369212962963 0.09620949074074084 0.2568923611111112
0 0.9559895833333332 0.5964988425925926 0.08802083333333358 0.265625
0 0.911646412037037 0.33943576388888885 0.1296875 0.23292824074074084
0 0.9656828703703703 0.3225752314814815 0.06863425925925952 0.23179398148148148
0 0.46011284722222223 0.4068605324074074 0.09826388888888893 0.2069212962962963
0 0.4911458333333333 0.6539641203703704 0.10008680555555553 0.27722800925925917
0 0.40985243055555554 0.6744936342592592 0.11351273148148149 0.28123263888888894
0 0.38828125 0.41911458333333335 0.10028935185185191 0.24052083333333324
0 0.309910300925926 0.4236024305555556 0.10315393518518512 0.2335127314814814
0 0.32352430555555556 0.6856828703703703 0.11362847222222214 0.28435763888888876
0 0.24189814814814814 0.6972280092592593 0.10792824074074074 0.27806712962962976
0 0.23411458333333335 0.4343229166666667 0.09560185185185181 0.24048611111111104
0 0.14748263888888888 0.44785879629629627 0.10471643518518521 0.25461226851851854
0 0.15345775462962963 0.7146846064814815 0.1145833333333333 0.26796296296296307
0 0.11439525462962963 0.06088831018518519 0.14505208333333336 0.07839699074074073