0 0.3375 0.29421875000000003 0.15871527777777777 0.28218750000000004
0 0.30600694444444443 0.543828125 0.1432581018518519 0.2397916666666667
0 0.42475405092592594 0.29817708333333337 0.1425173611111111 0.29515625000000006
0 0.38233506944444445 0.549296875 0.1449247685185185 0.2469270833333333
0 0.45596354166666664 0.5572916666666667 0.13471064814814823 0.24234375000000002
0 0.5089756944444443 0.30859375 0.12808449074074063 0.26921874999999995
0 0.10516493055555556 0.26278645833333336 0.15013310185185183 0.28239583333333335
0 0.08285300925925926 0.5250781250000001 0.15359953703703705 0.25296874999999996
0 0.03947048611111111 0.52640625 0.06676504629629629 0.23937500000000006
0 0.5354803240740741 0.5668489583333334 0.12347222222222225 0.22130208333333332
0 0.583058449074074 0.320859375 0.13463541666666679 0.28994791666666664
0 0.6675028935185185 0.319921875 0.14800925925925928 0.2970833333333333
0 0.6078906249999999 0.571796875 0.12942708333333322 0.2544791666666667
0 0.6843460648148147 0.5858593750000001 0.13167824074074072 0.24838541666666672
0 0.753666087962963 0.32942708333333337 0.14883680555555562 0.3002604166666667
0 0.8355092592592592 0.33765624999999994 0.14170138888888886 0.2927604166666667
0 0.7607089120370369 0.5936718750000001 0.12550925925925932 0.2534375000000001
0 0.8480150462962962 0.6011458333333334 0.13666666666666671 0.2690104166666668
0 0.9254976851851853 0.34143229166666667 0.1478240740740741 0.2845833333333333