0 0.7390625 0.805078125 0.2390625 0.31796875
0 0.883984375 0.8671875 0.226171875 0.265234375
1 0.58984375 0.74453125 0.2328125 0.35546875
0 0.44453125 0.676953125 0.24296875 0.340234375
0 0.313671875 0.578515625 0.23515625 0.325390625
0 0.159375 0.513671875 0.262890625 0.322265625
0 0.07109375 0.418359375 0.1421875 0.326953125
0 0.887890625 0.492578125 0.212109375 0.27578125
0 0.7515625 0.395703125 0.22890625 0.296875
0 0.611328125 0.362109375 0.237109375 0.302734375
0 0.469140625 0.2765625 0.2421875 0.265234375
0 0.32890625 0.18984375 0.2390625 0.31171875
0 0.16640625 0.128125 0.22109375 0.25625