1 0.0410546875 0.7603414351851852 0.082109375 0.1280960648148149
0 0.06341145833333335 0.9475202546296296 0.12265625 0.1049594907407407
0 0.17033854166666665 0.927109375 0.1171875 0.1414236111111112
0 0.27390625 0.9036458333333333 0.1304166666666667 0.16416666666666657
0 0.37145833333333333 0.8766203703703704 0.12546874999999993 0.1602256944444445
0 0.46789062500000006 0.8605295138888888 0.11999999999999993 0.18361111111111095
0 0.552734375 0.8306741898148149 0.10828124999999993 0.14838541666666671
0 0.6412760416666666 0.7922482638888889 0.12546874999999993 0.1602256944444445
0 0.7253125 0.7627777777777778 0.12828125000000004 0.19070023148148146
0 0.8093229166666667 0.7219733796296296 0.12114583333333329 0.17737268518518512
0 0.8950260416666668 0.6792274305555556 0.13203125 0.1766724537037037
0 0.10294270833333334 0.7304195601851852 0.11973958333333332 0.1328530092592592
0 0.20229166666666668 0.6998900462962963 0.11994791666666664 0.1359780092592592
0 0.2748697916666667 0.6781510416666666 0.13791666666666663 0.1478240740740741
0 0.3606770833333333 0.6572916666666667 0.1317708333333334 0.14934027777777778
0 0.44158854166666667 0.6219357638888889 0.12057291666666661 0.15706597222222224
0 0.5180729166666667 0.6119502314814815 0.11380208333333339 0.12578125
0 0.5931510416666667 0.5820225694444444 0.11479166666666671 0.12891203703703696
0 0.6666145833333333 0.5645891203703703 0.13276041666666671 0.15247106481481473
0 0.7429947916666666 0.5503038194444445 0.11989583333333335 0.12348379629629633
1 0.8228125000000001 0.5254918981481481 0.11203125000000007 0.11093171296296304
0 0.8969531249999999 0.5037644675925925 0.14239583333333314 0.12130787037037045
0 0.8997395833333333 0.40920717592592587 0.10177083333333314 0.10929398148148155
1 0.8280208333333334 0.43564236111111115 0.09583333333333348 0.11393518518518522
0 0.7509635416666667 0.4424971064814815 0.11656249999999986 0.10862268518518511
0 0.6998697916666667 0.4468084490740741 0.10234375 0.10617476851851855
0 0.6147656250000001 0.46298321759259264 0.11296874999999992 0.10156828703703695
0 0.5403645833333334 0.4768923611111111 0.10807291666666678 0.11012152777777776
1 0.4700260416666667 0.5002112268518518 0.09484375000000007 0.09909143518518526
0 0.3969270833333334 0.5297627314814815 0.1046875 0.10619212962962976
0 0.32229166666666664 0.5471874999999999 0.1046875 0.10619212962962958
0 0.2496875 0.5751793981481482 0.10687499999999998 0.10386574074074062
0 0.16312500000000002 0.5897800925925927 0.11041666666666669 0.11013888888888879
0 0.07643229166666667 0.6356452546296296 0.11083333333333331 0.10467592592592592
0 0.0245703125 0.6523206018518518 0.049140625 0.11854745370370381
0 0.0426171875 0.4899537037037037 0.085234375 0.11475115740740734
0 0.10583333333333333 0.47601851851851845 0.09723958333333331 0.11160300925925917
0 0.18302083333333333 0.4613483796296296 0.10291666666666668 0.11476851851851855
0 0.2548697916666667 0.427097800925926 0.08734374999999997 0.10372106481481484
0 0.3286979166666667 0.4100578703703704 0.0924479166666666 0.09829282407407405
0 0.39583333333333337 0.39375 0.09223958333333337 0.09516782407407405
1 0.4563020833333334 0.38950810185185186 0.0828125 0.09431712962962954
0 0.520234375 0.36262442129629624 0.09718750000000007 0.09910879629629629
1 0.5770572916666666 0.36030960648148147 0.09223958333333329 0.09516782407407405
0 0.6390885416666666 0.3384924768518519 0.10369791666666668 0.09134837962962958
0 0.7028645833333333 0.31981481481481483 0.09739583333333321 0.1022337962962963
0 0.766640625 0.3069994212962963 0.10453125000000014 0.11556134259259263
0 0.8348697916666667 0.2918721064814815 0.11140624999999993 0.11326967592592592
0 0.8961458333333333 0.2813831018518519 0.08614583333333314 0.09746527777777772
0 0.021562500000000002 0.4205642361111111 0.043125000000000004 0.09581597222222218
0 0.07979166666666668 0.40352430555555563 0.09026041666666666 0.0889062500000001
0 0.15364583333333334 0.38609375 0.09026041666666665 0.08890624999999996
0 0.23588541666666668 0.36598958333333337 0.09718749999999998 0.09910879629629629
0 0.305 0.34930555555555554 0.08536458333333333 0.08574652777777772
0 0.371953125 0.3298697916666667 0.07052083333333332 0.08563657407407402
0 0.42596354166666667 0.3169820601851852 0.0828125 0.09431712962962964
0 0.47807291666666674 0.3091608796296296 0.07765625000000007 0.08725115740740738
0 0.54203125 0.2936111111111111 0.07984374999999985 0.09663773148148155
0 0.5922916666666668 0.27835069444444444 0.07802083333333343 0.08100694444444442
0 0.6521874999999999 0.27097800925925924 0.07666666666666658 0.08412037037037035
0 0.7151302083333333 0.24721354166666668 0.07427083333333329 0.07160879629629627
0 0.7689322916666667 0.23158854166666668 0.07427083333333329 0.08332175925925922
0 0.8247395833333332 0.21519675925925927 0.07567708333333334 0.08098958333333331
0 0.889609375 0.19769965277777776 0.07666666666666658 0.08412037037037035
0 0.020390625000000002 0.3236603009259259 0.040781250000000005 0.06607060185185185
0 0.06424479166666666 0.30844039351851854 0.07567708333333334 0.08098958333333339
0 0.1330208333333333 0.2968344907407407 0.08651041666666667 0.0795081018518518
0 0.190625 0.2769386574074074 0.08218750000000004 0.07322916666666668
0 0.246875 0.265630787037037 0.08395833333333336 0.08807870370370371
1 0.3006510416666667 0.26212094907407407 0.07666666666666666 0.08412037037037035
0 0.35809895833333333 0.2504311342592592 0.06583333333333333 0.08560185185185185
0 0.40864583333333326 0.23673611111111112 0.07885416666666667 0.09350694444444443
0 0.46307291666666667 0.21759837962962963 0.06364583333333336 0.07621527777777777
0 0.5193229166666666 0.20629050925925924 0.07703124999999993 0.07787615740740739
0 0.5790625 0.19539930555555557 0.07765625000000007 0.08725115740740744
0 0.6317708333333333 0.18445601851851853 0.08161458333333335 0.0880613425925926
0 0.6856510416666667 0.17352141203703703 0.07427083333333329 0.08332175925925926
0 0.7325781250000001 0.1555005787037037 0.07171875000000014 0.08017939814814815
0 0.7895572916666667 0.13911747685185186 0.07526041666666661 0.08645254629629631
0 0.8396875000000001 0.1316724537037037 0.08140624999999994 0.09664930555555555
0 0.8954947916666667 0.1152806712962963 0.07546874999999993 0.0895775462962963
0 0.004270833333333333 0.202806712962963 0.008541666666666666 0.07592592592592592
0 0.017109375 0.2716695601851852 0.03421875 0.06990162037037032
0 0.05591145833333333 0.2517100694444444 0.07703125000000002 0.06616319444444443
0 0.11697916666666668 0.2443460648148148 0.07703125000000001 0.06616319444444443
1 0.17622395833333332 0.22915219907407405 0.06755208333333336 0.06453124999999996
0 0.23260416666666667 0.21589120370370368 0.055312499999999966 0.056631944444444485
0 0.28132812500000004 0.21195312500000002 0.06697916666666667 0.06765046296296298
0 0.33760416666666665 0.20025462962962964 0.06364583333333336 0.07621527777777777
0 0.380078125 0.18454571759259258 0.06343750000000004 0.07309027777777777
0 0.43080729166666665 0.17397858796296295 0.06854166666666668 0.06766203703703706
0 0.48018229166666665 0.16027488425925926 0.06854166666666668 0.06766203703703706
0 0.5371614583333333 0.1438917824074074 0.07427083333333329 0.07160879629629631
0 0.5947916666666667 0.13532986111111112 0.06854166666666668 0.06766203703703706
0 0.6893750000000001 0.11179976851851851 0.05869791666666657 0.07227430555555556
0 0.7364322916666667 0.08596354166666667 0.07093749999999996 0.06846064814814815
0 0.792578125 0.0820804398148148 0.05630208333333329 0.05976273148148148
0 0.8363802083333333 0.07576099537037037 0.07213541666666642 0.07471643518518518
0 0.8865624999999999 0.05581018518518519 0.06755208333333336 0.06453125000000001
0 0.031966145833333334 0.19015046296296295 0.06393229166666667 0.08329282407407405
0 0.07877604166666666 0.18426793981481482 0.05515625 0.06600115740740745
0 0.12880208333333334 0.17838541666666666 0.06463541666666668 0.0793460648148148
0 0.18536458333333333 0.1682523148148148 0.07093750000000001 0.06846064814814819
0 0.22494791666666666 0.16072916666666667 0.06343750000000004 0.07309027777777777
0 0.273125 0.1474074074074074 0.062447916666666714 0.06995949074074073
0 0.3189322916666667 0.14032118055555556 0.06364583333333336 0.07621527777777777
0 0.3627604166666667 0.12774884259259262 0.06364583333333336 0.07621527777777778
0 0.40859375 0.1144097222222222 0.06598958333333335 0.0762326388888889
0 0.45544270833333333 0.10928530092592592 0.06364583333333336 0.07621527777777777
0 0.5048177083333334 0.09558159722222222 0.057499999999999926 0.06601851851851852
0 0.5543750000000001 0.08500578703703704 0.06364583333333336 0.07621527777777778
0 0.6036979166666667 0.08380787037037037 0.05729166666666661 0.06289351851851852
0 0.6416666666666666 0.059467592592592586 0.06479166666666672 0.06997685185185185
0 0.69828125 0.036828703703703704 0.06260416666666657 0.06059027777777777
1 0.6392447916666667 0.11924479166666666 0.07229166666666664 0.06534722222222222
0 0.7413541666666668 0.035584490740740736 0.07197916666666657 0.060659722222222226
0 0.7857031250000001 0.03278645833333334 0.05671874999999993 0.05429976851851852
0 0.8389322916666668 0.025755208333333335 0.06276041666666643 0.03950810185185185
0 0.8871354166666666 0.01790509259259259 0.06947916666666672 0.023159722222222224