0 0.87421875 0.85 0.1328125 0.141796875
0 0.9609375 0.829296875 0.078125 0.15625
0 0.76171875 0.851953125 0.13125 0.129296875
0 0.64609375 0.85625 0.1171875 0.116796875
0 0.53671875 0.851171875 0.1015625 0.11875
0 0.42578125 0.85 0.1203125 0.133203125
0 0.3125 0.845703125 0.1171875 0.141796875
0 0.2109375 0.839453125 0.13125 0.1375
0 0.10859375 0.842578125 0.1390625 0.148046875
0 0.490625 0.691796875 0.0984375 0.08125
0 0.4328125 0.665625 0.0984375 0.08125
0 0.37578125 0.651171875 0.1046875 0.089453125
0 0.33984375 0.635546875 0.1 0.079296875
0 0.29765625 0.61875 0.0796875 0.06875
0 0.0609375 0.6 0.0640625 0.064453125
0 0.11484375 0.576953125 0.065625 0.08125
0 0.175 0.567578125 0.065625 0.064453125
0 0.22421875 0.553125 0.0671875 0.060546875
0 0.2703125 0.54375 0.0640625 0.0625
0 0.30859375 0.533203125 0.0640625 0.054296875
0 0.35703125 0.523046875 0.065625 0.051953125
0 0.40078125 0.517578125 0.0703125 0.04375
0 0.7171875 0.688671875 0.1078125 0.075
0 0.6421875 0.651953125 0.1109375 0.075
0 0.58828125 0.636328125 0.09375 0.08125
0 0.54921875 0.623828125 0.0859375 0.054296875
0 0.521875 0.59375 0.1 0.041796875
0 0.46875 0.585546875 0.1203125 0.045703125
0 0.42578125 0.569921875 0.084375 0.045703125
0 0.94140625 0.60625 0.08125 0.085546875
0 0.87890625 0.590625 0.096875 0.079296875
0 0.8234375 0.576953125 0.0875 0.076953125
0 0.77421875 0.55625 0.0796875 0.066796875
0 0.71875 0.561328125 0.0765625 0.064453125
0 0.67109375 0.548828125 0.0796875 0.060546875
0 0.62890625 0.538671875 0.0734375 0.051953125
0 0.5828125 0.5375 0.0703125 0.048046875
0 0.55234375 0.526171875 0.0734375 0.051953125
0 0.521875 0.517578125 0.071875 0.054296875