1 0.08587094907407407 0.23891782407407405 0.10503472222222224 0.13654513888888892
0 0.13511574074074076 0.05995370370370371 0.1186689814814815 0.10868055555555556
0 0.2404947916666667 0.08804976851851852 0.11223958333333336 0.14878472222222222
0 0.3424392361111111 0.12135416666666665 0.12431712962962962 0.17387152777777776
0 0.43818576388888886 0.15771122685185185 0.11957175925925934 0.16961805555555554
0 0.5333796296296296 0.18310185185185185 0.11365740740740744 0.19181134259259255
0 0.6162760416666667 0.22123842592592596 0.10299189814814813 0.15668402777777776
0 0.7020283564814814 0.2677806712962963 0.11957175925925938 0.16961805555555556
0 0.7837528935185185 0.30583043981481484 0.1215740740740742 0.1994212962962963
0 0.8648524305555556 0.354369212962963 0.11435763888888886 0.18640046296296298
0 0.9424537037037037 0.40483217592592596 0.11509259259259252 0.18535879629629623
0 0.15939236111111113 0.2763599537037037 0.11446759259259257 0.1411458333333334
0 0.2567534722222222 0.31634837962962964 0.1152951388888889 0.1443287037037037
0 0.3278038194444444 0.34502314814814816 0.13266782407407404 0.15810185185185183
0 0.4121296296296296 0.37429108796296295 0.12644097222222223 0.15920138888888893
0 0.4904195601851852 0.4175491898148148 0.11482638888888878 0.1653645833333334
0 0.5663744212962962 0.43488136574074077 0.10890625000000007 0.13449074074074066
0 0.6391087962962964 0.471875 0.1097337962962964 0.13767361111111107
0 0.7116579861111111 0.49636863425925937 0.12726851851851856 0.16238425925925917
0 0.7865104166666667 0.5183015046296295 0.11512152777777765 0.13260995370370382
1 0.8650289351851852 0.5506510416666667 0.1078935185185184 0.11880787037037041
0 0.9343851273148148 0.579832175925926 0.1312297453703703 0.13272569444444446
0 0.9339641203703704 0.6735966435185186 0.09693287037037024 0.11643518518518511
1 0.8640162037037037 0.6403211805555555 0.09153356481481474 0.12071759259259274
0 0.7877170138888889 0.6260850694444444 0.11176504629629633 0.11675347222222214
0 0.7364583333333333 0.6164351851851853 0.09844907407407408 0.11342592592592596
0 0.6525983796296296 0.5922743055555555 0.10854745370370367 0.11027199074074083
0 0.5793142361111111 0.5708478009259259 0.1039756944444445 0.11773726851851851
1 0.5101938657407408 0.5407552083333333 0.09053240740740734 0.10581597222222214
0 0.43980902777777775 0.5043258101851852 0.10080439814814816 0.11438078703703702
0 0.366087962962963 0.4797453703703704 0.10080439814814816 0.11438078703703702
0 0.29532986111111115 0.444458912037037 0.10233217592592592 0.11215277777777785
0 0.20993055555555556 0.4217447916666667 0.10633101851851849 0.11869212962962958
0 0.12640625 0.36756365740740743 0.10701967592592591 0.1125
0 0.05738425925925926 0.3441116898148148 0.08222800925925926 0.12471064814814818
0 0.0750318287037037 0.5081307870370371 0.09623263888888889 0.12184606481481489
0 0.14478877314814814 0.528515625 0.09306134259259258 0.1184895833333334
0 0.22081886574074075 0.5509259259259259 0.09858796296296299 0.12280092592592595
0 0.29049189814814813 0.5919849537037037 0.08357060185185183 0.10998263888888893
0 0.36304108796296297 0.616478587962963 0.08896990740740743 0.10570023148148149
0 0.42893229166666663 0.639308449074074 0.08814236111111118 0.10251736111111107
1 0.48917534722222217 0.6496238425925925 0.07952546296296284 0.10031828703703702
0 0.5509201388888888 0.6822916666666666 0.09288773148148159 0.10677083333333322
1 0.6080034722222223 0.6900318287037037 0.088142361111111 0.10251736111111107
0 0.6685069444444445 0.7179253472222222 0.10058449074074076 0.09953703703703702
0 0.7305266203703704 0.7428096064814815 0.09371527777777793 0.10995370370370364
0 0.7936313657407407 0.7619212962962962 0.1001504629629629 0.1229166666666666
0 0.8610619212962962 0.7833043981481481 0.10637731481481474 0.12181712962962976
0 0.9213975694444445 0.7998697916666667 0.08269675925925916 0.1036747685185185
0 0.04206018518518519 0.573972800925926 0.06861111111111111 0.1010706018518519
0 0.1134375 0.5983796296296295 0.08726851851851851 0.09620949074074084
0 0.18637731481481482 0.6229021990740741 0.08726851851851851 0.09620949074074084
0 0.26717013888888885 0.6507378472222223 0.09288773148148141 0.1067708333333334
0 0.33502025462962964 0.6741030092592593 0.0817418981481481 0.09189814814814809
0 0.4009577546296296 0.7000578703703704 0.06767939814814809 0.09085648148148132
0 0.45350983796296296 0.7179976851851853 0.079525462962963 0.10031828703703702
0 0.5052054398148148 0.7308015046296296 0.07395254629629626 0.09288194444444428
0 0.5679658564814816 0.7530092592592593 0.07565393518518526 0.10237268518518512
0 0.6174276620370371 0.7730613425925925 0.0746412037037036 0.08668981481481489
0 0.676545138888889 0.7864149305555556 0.07390624999999992 0.08975694444444464
0 0.7378530092592592 0.8159288194444445 0.07137731481481477 0.07708333333333321
0 0.7908420138888889 0.8370225694444444 0.07155092592592585 0.08880208333333321
0 0.8453993055555555 0.8586226851851851 0.07307870370370359 0.08657407407407405
0 0.9089641203703703 0.8824508101851851 0.07390625000000028 0.08975694444444429
0 0.038796296296296294 0.6697193287037038 0.058796296296296305 0.07068865740740744
0 0.09178530092592593 0.6908130787037037 0.0730787037037037 0.08657407407407405
0 0.1595659722222222 0.7094907407407407 0.08321180555555556 0.08576388888888893
0 0.21573206018518518 0.7343315972222222 0.07999421296296294 0.07928240740740744
0 0.27100115740740743 0.7513020833333334 0.08099537037037034 0.09418402777777786
1 0.32458622685185184 0.7599537037037037 0.07390624999999992 0.08975694444444446
0 0.3814236111111111 0.7774305555555555 0.0629803240740741 0.08972800925925917
0 0.4308680555555555 0.7963107638888889 0.07560763888888893 0.09924768518518512
0 0.48390335648148153 0.820529513888889 0.061290509259259274 0.08101851851851834
0 0.5391724537037037 0.8375 0.07459490740740744 0.08356481481481488
0 0.598336226851852 0.853978587962963 0.07395254629629626 0.09288194444444428
0 0.65046875 0.8699363425925928 0.07865162037037035 0.09401041666666643
0 0.7033883101851852 0.8863425925925927 0.07155092592592602 0.08880208333333357
0 0.749375 0.9088686342592591 0.06837962962962969 0.0854456018518519
0 0.8051041666666666 0.9305555555555556 0.07159722222222235 0.09192708333333321
0 0.8544560185185185 0.943185763888889 0.07799768518518527 0.10254629629629619
0 0.9090075231481481 0.9584201388888889 0.07242476851851834 0.08315972222222215
0 0.01949074074074074 0.7888599537037038 0.01675925925925926 0.07771990740740745
0 0.034097222222222216 0.7212673611111111 0.04791666666666666 0.07378472222222214
0 0.07933738425925926 0.7460792824074074 0.0744212962962963 0.07184606481481488
0 0.13963252314814817 0.7599103009259259 0.07442129629629628 0.07184606481481488
1 0.1980787037037037 0.7806278935185185 0.06502314814814816 0.06958912037037024
0 0.25337094907407404 0.7991608796296296 0.05318865740740737 0.06090856481481488
0 0.3018894675925926 0.8082175925925925 0.06428819444444445 0.07265625
0 0.3575491898148148 0.8252170138888889 0.061290509259259274 0.08101851851851834
0 0.39881365740740743 0.8450520833333334 0.06046296296296294 0.0778356481481481
0 0.44899305555555563 0.860865162037037 0.06585069444444436 0.07277199074074084
0 0.497259837962963 0.8792679398148149 0.06585069444444436 0.07277199074074048
0 0.5529890046296296 0.9009548611111111 0.07137731481481495 0.07708333333333357
0 0.6101707175925926 0.915335648148148 0.06585069444444436 0.07277199074074048
0 0.702740162037037 0.947945601851852 0.05654513888888886 0.07676504629629619
0 0.7480613425925926 0.9706814236111111 0.06820601851851862 0.058637152777777854
0 0.8039959490740742 0.9776982060185185 0.054016203703703615 0.04460358796296297
0 0.8474652777777777 0.979029224537037 0.06907986111111128 0.041941550925925955
0 0.8958304398148147 0.9941623263888889 0.06502314814814839 0.011675347222222143
0 0.04821469907407407 0.8050347222222223 0.06685185185185186 0.08767361111111108
0 0.09753761574074074 0.8157118055555556 0.05253472222222224 0.06944444444444464
0 0.1472511574074074 0.826417824074074 0.062106481481481526 0.08342013888888893
0 0.20288773148148148 0.8418547453703704 0.06820601851851853 0.0737268518518519
0 0.2420775462962963 0.853342013888889 0.06046296296296294 0.0778356481481481
0 0.2891666666666667 0.871267361111111 0.0596354166666667 0.07465277777777786
0 0.33460069444444446 0.8828269675925927 0.061290509259259274 0.08101851851851834
0 0.3773813657407407 0.8996527777777779 0.061290509259259274 0.08101851851851834
0 0.42212673611111107 0.9174045138888889 0.06363425925925928 0.08119212962962977
0 0.4687094907407407 0.927488425925926 0.061290509259259274 0.08101851851851834
0 0.5173668981481482 0.9459201388888889 0.054890046296296194 0.07039930555555571
0 0.5659780092592592 0.9603587962962962 0.061290509259259274 0.07928240740740762
0 0.6152314814814815 0.9667896412037038 0.05484374999999986 0.06642071759259238
0 0.6515451388888889 0.9789279513888889 0.061979166666666606 0.04214409722222214
0 0.706568287037037 0.995240162037037 0.060243055555555536 0.009519675925925952
1 0.6533883101851853 0.9353153935185186 0.06972222222222228 0.07071759259259273
0 0.7495486111111112 0.9974392361111111 0.06959490740740737 0.005121527777777857