1 0.0421875 0.690625 0.084375 0.115625
0 0.06015625 0.8921875 0.1 0.109375
0 0.16875 0.878125 0.0890625 0.128125
0 0.2734375 0.8703125 0.09765625 0.15
0 0.372265625 0.8578125 0.093359375 0.146875
0 0.46875 0.85625 0.08203125 0.171875
0 0.55546875 0.8390625 0.077734375 0.1375
0 0.646484375 0.8140625 0.093359375 0.146875
0 0.73203125 0.796875 0.0890625 0.178125
0 0.81875 0.76875 0.084375 0.165625
0 0.9078125 0.7390625 0.095703125 0.1625
0 0.119921875 0.671875 0.093359375 0.11875
0 0.22109375 0.65625 0.093359375 0.121875
0 0.29453125 0.6453125 0.108984375 0.13125
0 0.38125 0.6375 0.10234375 0.134375
0 0.464453125 0.6140625 0.0890625 0.14375
0 0.541015625 0.615625 0.0890625 0.1125
0 0.61796875 0.596875 0.0890625 0.115625
0 0.6921875 0.590625 0.10234375 0.1375
0 0.76875 0.5875 0.095703125 0.109375
1 0.85 0.575 0.091015625 0.096875
0 0.925390625 0.5640625 0.119921875 0.103125
0 0.93671875 0.4703125 0.080078125 0.096875
1 0.86328125 0.4859375 0.0734375 0.103125
0 0.78671875 0.48125 0.095703125 0.09375
0 0.735546875 0.478125 0.08203125 0.09375
0 0.65 0.48125 0.093359375 0.0875
0 0.575390625 0.484375 0.08671875 0.096875
1 0.503515625 0.496875 0.075390625 0.0875
0 0.42890625 0.515625 0.084375 0.09375
0 0.353515625 0.521875 0.084375 0.09375
0 0.27890625 0.5390625 0.08671875 0.090625
0 0.1921875 0.540625 0.0890625 0.096875
0 0.10234375 0.5734375 0.091015625 0.090625
0 0.03125 0.5796875 0.062109375 0.109375
0 0.074609375 0.421875 0.077734375 0.103125
0 0.145703125 0.41875 0.075390625 0.1
0 0.2234375 0.415625 0.080078125 0.103125
0 0.29765625 0.3921875 0.066796875 0.09375
0 0.372265625 0.3859375 0.0734375 0.0875
0 0.43984375 0.3796875 0.0734375 0.084375
1 0.5 0.384375 0.064453125 0.084375
0 0.565625 0.3671875 0.077734375 0.0875
1 0.622265625 0.3734375 0.0734375 0.084375
0 0.685546875 0.3609375 0.08671875 0.078125
0 0.75 0.3515625 0.077734375 0.090625
0 0.814453125 0.3484375 0.08203125 0.103125
0 0.883203125 0.34375 0.0890625 0.1
0 0.94453125 0.3421875 0.066796875 0.0875
0 0.051171875 0.3484375 0.0578125 0.0875
0 0.1265625 0.3421875 0.0734375 0.078125
0 0.201171875 0.3359375 0.0734375 0.078125
0 0.284375 0.328125 0.077734375 0.0875
0 0.354296875 0.321875 0.06875 0.075
0 0.422265625 0.3125 0.053515625 0.078125
0 0.4765625 0.3078125 0.064453125 0.084375
0 0.52890625 0.3078125 0.06015625 0.078125
0 0.593359375 0.3015625 0.06015625 0.0875
0 0.64453125 0.29375 0.062109375 0.071875
0 0.704296875 0.2953125 0.06015625 0.075
0 0.76875 0.28125 0.06015625 0.0625
0 0.8234375 0.2734375 0.0578125 0.075
0 0.880078125 0.265625 0.06015625 0.071875
0 0.945703125 0.2578125 0.06015625 0.075
0 0.0578125 0.2515625 0.064453125 0.05625
0 0.119921875 0.2453125 0.06015625 0.071875
0 0.1890625 0.24375 0.07109375 0.06875
0 0.24765625 0.2328125 0.06875 0.0625
0 0.304296875 0.2296875 0.066796875 0.078125
1 0.3578125 0.234375 0.06015625 0.075
0 0.415625 0.23125 0.048828125 0.078125
0 0.466796875 0.225 0.06015625 0.084375
0 0.522265625 0.2140625 0.048828125 0.06875
0 0.57890625 0.2109375 0.062109375 0.06875
0 0.6390625 0.209375 0.06015625 0.078125
0 0.6921875 0.20625 0.064453125 0.078125
0 0.746484375 0.203125 0.0578125 0.075
0 0.79453125 0.1921875 0.05546875 0.071875
0 0.85234375 0.184375 0.0578125 0.078125
0 0.90234375 0.184375 0.062109375 0.0875
0 0.958984375 0.1765625 0.0578125 0.08125
0 0.043359375 0.1265625 0.048828125 0.06875
0 0.053515625 0.1984375 0.06875 0.059375
0 0.116796875 0.1875 0.064453125 0.05625
0 0.177734375 0.1890625 0.064453125 0.05625
1 0.237890625 0.1828125 0.05546875 0.05625
0 0.29453125 0.178125 0.04453125 0.05
0 0.343359375 0.18125 0.053515625 0.059375
0 0.4 0.178125 0.048828125 0.06875
0 0.443359375 0.16875 0.048828125 0.065625
0 0.49453125 0.165625 0.05546875 0.059375
0 0.54453125 0.159375 0.05546875 0.059375
0 0.60234375 0.1515625 0.06015625 0.0625
0 0.66015625 0.1515625 0.05546875 0.059375
0 0.75546875 0.1421875 0.04453125 0.065625
0 0.804296875 0.1234375 0.0578125 0.059375
0 0.86015625 0.128125 0.04453125 0.053125
0 0.904296875 0.128125 0.0578125 0.065625
0 0.95546875 0.115625 0.05546875 0.05625
0 0.095703125 0.121875 0.053515625 0.075
0 0.145703125 0.1234375 0.0421875 0.059375
0 0.195703125 0.125 0.048828125 0.071875
0 0.25234375 0.1234375 0.0578125 0.059375
0 0.2921875 0.121875 0.048828125 0.065625
0 0.341015625 0.115625 0.048828125 0.0625
0 0.38671875 0.115625 0.048828125 0.06875
0 0.43125 0.109375 0.048828125 0.06875
0 0.477734375 0.103125 0.051171875 0.06875
0 0.524609375 0.1046875 0.048828125 0.06875
0 0.574609375 0.0984375 0.04453125 0.059375
0 0.624609375 0.0953125 0.048828125 0.06875
0 0.6734375 0.1015625 0.04453125 0.05625
0 0.71328125 0.0828125 0.051171875 0.0625
0 0.77109375 0.06875 0.051171875 0.053125
1 0.70546875 0.1421875 0.06015625 0.05625
0 0.814453125 0.0734375 0.06015625 0.053125
0 0.858984375 0.0734375 0.04453125 0.05625
0 0.91328125 0.065625 0.051171875 0.059375
0 0.96328125 0.0578125 0.06015625 0.05625