0 0.11609085648148147 0.16917534722222222 0.13966435185185183 0.15322337962962967
0 0.037537615740740736 0.18891203703703702 0.07188078703703704 0.16219907407407405
0 0.2285040509259259 0.16914930555555557 0.13791666666666663 0.1406423611111111
0 0.3436168981481481 0.16692129629629632 0.1228877314814815 0.1273726851851852
0 0.45339988425925926 0.17378472222222224 0.10727430555555557 0.12734375
0 0.5642968749999999 0.17680266203703704 0.1270370370370369 0.1439814814814815
0 0.677583912037037 0.18306712962962962 0.12403935185185197 0.15241319444444446
0 0.7791869212962963 0.19106770833333334 0.1380439814814814 0.14923611111111112
0 0.8814322916666667 0.1897337962962963 0.14679976851851856 0.16061921296296297
0 0.5072945601851853 0.3338802083333333 0.10281249999999993 0.08964120370370372
0 0.5662471064814815 0.3611371527777778 0.10281249999999993 0.08964120370370363
0 0.6238541666666666 0.3766145833333333 0.10918981481481485 0.09855902777777778
0 0.6607870370370371 0.39297164351851854 0.10357060185185177 0.08811921296296292
0 0.7035908564814815 0.41041377314814814 0.08309606481481495 0.07612847222222219
0 0.9408564814814815 0.43325520833333336 0.06739004629629619 0.06984953703703703
0 0.888492476851852 0.4555208333333334 0.06998842592592566 0.0871585648148148
0 0.8285040509259259 0.4637297453703704 0.06895254629629619 0.06993055555555543
0 0.7803038194444444 0.4772337962962963 0.07045717592592596 0.06610532407407402
0 0.7347685185185184 0.48619212962962965 0.06736689814814803 0.06828703703703702
0 0.6970515046296296 0.49594618055555556 0.06645833333333329 0.05965277777777782
0 0.6491782407407408 0.5051736111111111 0.06798611111111122 0.057390046296296404
0 0.6055324074074073 0.5099363425925926 0.07255787037037038 0.049820601851851797
0 0.28089988425925927 0.33346064814814813 0.11132523148148152 0.08461805555555557
0 0.3579658564814815 0.3714149305555556 0.11445023148148152 0.08478009259259256
0 0.41246527777777775 0.3879021990740741 0.09812499999999998 0.08939814814814806
0 0.45208622685185185 0.40127604166666664 0.08834490740740737 0.061568287037037095
0 0.4810300925925926 0.4316608796296297 0.1022337962962963 0.050578703703703806
0 0.5342476851851852 0.4406655092592592 0.1226157407407408 0.0563194444444445
0 0.5782060185185185 0.4569965277777778 0.08665509259259263 0.05289351851851851
0 0.06114293981481481 0.4122309027777778 0.08568287037037037 0.09265624999999993
0 0.12423032407407408 0.42877314814814815 0.10044560185185185 0.08795717592592603
0 0.1806539351851852 0.44340856481481483 0.09102430555555556 0.08434606481481488
0 0.230546875 0.4651215277777778 0.08306134259259254 0.07378472222222214
0 0.28591145833333337 0.4609664351851852 0.07990162037037045 0.07127893518518516
0 0.3341145833333333 0.4740046296296295 0.08296875000000004 0.06753472222222215
0 0.37682581018518524 0.4851967592592592 0.0758101851851852 0.05857638888888879
0 0.4229079861111111 0.48680555555555555 0.07262731481481488 0.054508101851851974
0 0.453923611111111 0.49895254629629626 0.07581018518518512 0.05857638888888879
0 0.4845023148148148 0.5079542824074074 0.07428240740740737 0.060839120370370384