0 0.8268576388888889 0.9363802083333332 0.16798611111111122 0.12723958333333343
0 0.9158854166666668 0.9381336805555556 0.11805555555555572 0.12373263888888886
0 0.7158680555555555 0.9253819444444445 0.1639409722222222 0.14923611111111085
0 0.6012239583333333 0.905060763888889 0.14684027777777792 0.14609375
0 0.4944357638888889 0.870685763888889 0.13192708333333342 0.14387152777777779
0 0.38546006944444444 0.8397222222222223 0.1538541666666667 0.16355902777777764
0 0.274765625 0.8051736111111112 0.1534201388888889 0.17133680555555558
0 0.17582465277777776 0.7719270833333333 0.16585069444444445 0.1703298611111112
0 0.09603298611111111 0.7484982638888888 0.13359375 0.1813715277777778
0 0.47809027777777774 0.7046614583333334 0.11857638888888893 0.10663194444444457
0 0.4259809027777777 0.6637500000000001 0.11857638888888888 0.10663194444444439
0 0.3724565972222222 0.6348611111111111 0.12680555555555556 0.11635416666666672
0 0.3397743055555556 0.610017361111111 0.12006944444444442 0.10513888888888889
0 0.30151909722222225 0.5825868055555556 0.09675347222222222 0.08928819444444436
0 0.0717795138888889 0.5010329861111111 0.08 0.08074652777777783
0 0.1291232638888889 0.4930555555555555 0.08619791666666668 0.09739583333333321
0 0.18986111111111112 0.5000434027777778 0.08156249999999998 0.08081597222222214
0 0.24130208333333333 0.4996006944444444 0.08220486111111107 0.07772569444444458
0 0.28822916666666665 0.5028559027777778 0.07989583333333332 0.07840277777777782
0 0.3276128472222222 0.503046875 0.07798611111111109 0.07052083333333332
0 0.37725694444444446 0.506032986111111 0.07869791666666667 0.06899305555555557
0 0.4212152777777778 0.5126649305555555 0.0807291666666666 0.06206597222222214
0 0.7017100694444445 0.7625520833333332 0.12621527777777786 0.10307291666666671
0 0.6345225694444444 0.7069357638888889 0.12934027777777785 0.10321180555555572
0 0.5844791666666667 0.6774218750000001 0.11381944444444443 0.10486111111111107
0 0.5479947916666668 0.6547482638888888 0.0992881944444445 0.07614583333333336
0 0.5268836805555555 0.6183333333333334 0.10984374999999993 0.0680381944444445
0 0.47599826388888894 0.5961892361111112 0.1305381944444445 0.07753472222222228
0 0.43662326388888884 0.5698784722222222 0.09499999999999997 0.06737847222222229
0 0.9374826388888888 0.7430121527777779 0.10295138888888858 0.10593749999999993
0 0.8787586805555556 0.7111631944444444 0.11690972222222236 0.10421875000000007
0 0.8264409722222222 0.6831076388888888 0.10654513888888886 0.099079861111111
0 0.7820833333333332 0.6499479166666667 0.09664930555555565 0.08694444444444435
0 0.7262847222222222 0.6400607638888889 0.09260416666666664 0.08364583333333328
0 0.6819010416666667 0.6150868055555556 0.09480902777777764 0.08062500000000003
0 0.6419878472222222 0.5942100694444445 0.086579861111111 0.07090277777777772
0 0.5969357638888889 0.5805121527777778 0.08246527777777786 0.06604166666666664
0 0.5687934027777778 0.561328125 0.08657986111111118 0.07090277777777772
0 0.5403819444444444 0.5448611111111111 0.0850868055555555 0.0723958333333334