0 0.7746643518518518 0.2870630787037037 0.15480902777777777 0.354369212962963
1 0.7278153935185185 0.6966782407407408 0.14524884259259263 0.3476331018518518
0 0.6534346064814816 0.28476851851851853 0.15296874999999996 0.34491319444444446
0 0.5340653935185186 0.2854976851851852 0.13925347222222229 0.3559027777777777
0 0.4277806712962963 0.29217881944444446 0.1466956018518518 0.3438078703703703
1 0.31114583333333334 0.2927662037037037 0.15559027777777779 0.35440972222222217
1 0.19436342592592593 0.28517071759259255 0.14780092592592595 0.3547858796296296
0 0.08301504629629629 0.27846354166666665 0.14456018518518518 0.35071759259259255
1 0.6140075231481481 0.6939988425925925 0.14573495370370376 0.3640393518518518
0 0.5016608796296296 0.6814930555555556 0.15618634259259262 0.3482002314814814
0 0.38263599537037035 0.6837644675925926 0.14366319444444448 0.3467708333333334
0 0.2705613425925926 0.6884056712962963 0.14892939814814812 0.366545138888889
1 0.1599363425925926 0.6836111111111111 0.15251157407407404 0.3558101851851852
1 0.05998553240740741 0.6820428240740741 0.11997106481481482 0.35310185185185183