0 0.3939670138888889 0.6126793981481482 0.1524247685185185 0.11875578703703696
0 0.402974537037037 0.5588078703703704 0.12608796296296293 0.0799189814814815
0 0.41046006944444446 0.5021209490740741 0.11278356481481477 0.07766782407407398
1 0.42212673611111107 0.45346932870370366 0.10240740740740736 0.062297453703703806
0 0.5870543981481482 0.7466145833333333 0.15455439814814814 0.15711805555555552
0 0.5679484953703703 0.6377285879629631 0.14369212962962977 0.10893518518518519
0 0.5540653935185185 0.572115162037037 0.12312499999999993 0.0906944444444445
1 0.5477748842592594 0.5217505787037038 0.10887731481481495 0.07746527777777779
1 0.5522482638888888 0.48367187500000003 0.11122106481481495 0.07758680555555557
0 0.4320746527777778 0.4152835648148148 0.09229745370370371 0.06489583333333329
0 0.4338541666666667 0.3743287037037037 0.09232060185185187 0.06645833333333329
0 0.5375752314814815 0.4449913194444445 0.09855902777777778 0.06600115740740727
0 0.5444560185185185 0.40273726851851854 0.09916666666666671 0.054322916666666644
0 0.5356423611111112 0.3643605324074074 0.0803587962962963 0.049444444444444444
1 0.5336574074074074 0.34002025462962965 0.07409722222222222 0.04833912037037038
1 0.532494212962963 0.31298611111111113 0.0835532407407408 0.054293981481481526
0 0.5289930555555555 0.28543981481481484 0.08832175925925938 0.060005787037037
0 0.5309606481481481 0.25817708333333333 0.07400462962962955 0.04208912037037038
1 0.43706307870370364 0.3424392361111111 0.0843344907407408 0.054334490740740725
1 0.4386111111111111 0.31710937499999997 0.09206597222222221 0.049270833333333285
0 0.44368634259259265 0.29118055555555555 0.07641782407407405 0.04689814814814817
0 0.4495081018518518 0.26763599537037036 0.0631712962962963 0.048553240740740744
0 0.18493923611111113 0.631160300925926 0.12040509259259258 0.22326388888888893
0 0.24754918981481483 0.46865451388888885 0.08960648148148147 0.14672453703703708
0 0.28717303240740744 0.3800144675925926 0.04980324074074076 0.09469907407407403
0 0.6707060185185185 0.43039351851851854 0.07866319444444443 0.09307291666666662
0 0.7052430555555556 0.5267881944444445 0.08679976851851859 0.11535300925925931
1 0.7595891203703704 0.6582204861111112 0.11777777777777772 0.15130787037037036
1 0.9204774305555556 0.6434982638888889 0.11248842592592609 0.11043981481481477
0 0.8796354166666667 0.5768778935185186 0.0967129629629632 0.09947337962962965
0 0.8528038194444445 0.5145023148148148 0.09495370370370396 0.08611111111111107
0 0.8217881944444445 0.4706741898148149 0.07848958333333336 0.08135416666666657
0 0.7930815972222223 0.42931134259259257 0.06966435185185187 0.06528356481481482
0 0.7669820601851851 0.3966840277777778 0.05929976851851855 0.050694444444444466
0 0.7520949074074074 0.37245659722222224 0.05789930555555554 0.06155092592592597
0 0.7442100694444445 0.35054687500000004 0.05929976851851855 0.050694444444444466
1 0.7304484953703704 0.3295052083333333 0.06787037037037039 0.049577546296296224
1 0.7190596064814814 0.3066319444444444 0.07214699074074069 0.07478009259259259
1 0.7076765046296296 0.28336805555555555 0.07678819444444436 0.07189814814814817
1 0.6914467592592592 0.2442158564814815 0.052442129629629616 0.06204861111111111
1 0.6666030092592592 0.2323726851851852 0.056325231481481455 0.060688657407407386
1 0.6357378472222223 0.23116319444444447 0.05082175925925938 0.058061342592592526
1 0.6073206018518519 0.22304398148148152 0.04530671296296305 0.05465277777777777
0 0.5815798611111112 0.21897280092592591 0.04688078703703695 0.05551504629629633
0 0.5535243055555557 0.2128269675925926 0.04392939814814802 0.06707175925925926
0 0.5219068287037036 0.20962384259259262 0.046938657407407366 0.05942129629629631
0 0.49232928240740736 0.20066261574074074 0.05247685185185187 0.0643923611111111
0 0.46221643518518524 0.20144675925925926 0.04299768518518512 0.05687499999999997
0 0.42833043981481483 0.1930439814814815 0.041458333333333285 0.05835648148148147
0 0.39357060185185183 0.19085069444444444 0.05023726851851853 0.07130208333333332
0 0.36006944444444444 0.18285879629629628 0.04618055555555554 0.06094328703703704
1 0.3222829861111111 0.17386284722222223 0.04530671296296296 0.05465277777777779
0 0.2825549768518519 0.16398437500000002 0.04546875000000004 0.06559027777777779
0 0.2791261574074074 0.2107175925925926 0.06646990740740737 0.06043402777777782
0 0.2526533564814815 0.22967303240740738 0.08945023148148153 0.08348379629629629
0 0.2340451388888889 0.24551793981481485 0.0879108796296296 0.08496527777777771
0 0.21263310185185186 0.26590856481481484 0.0863252314814815 0.08332175925925922
0 0.16217881944444446 0.32036747685185185 0.09420717592592594 0.08841435185185187
0 0.1252662037037037 0.3579369212962963 0.10597222222222222 0.0921469907407408
0 0.09644675925925926 0.403353587962963 0.10979745370370371 0.08688078703703712
0 0.05587818287037037 0.4512065972222222 0.11175636574074074 0.11603009259259256
0 0.036383101851851854 0.5239409722222221 0.07276620370370371 0.11350694444444435
1 0.18454571759259258 0.2882986111111111 0.08853009259259262 0.07406828703703709
0 0.45185604453124995 0.75594323828125 0.46223001015625 0.658249171875 0.33320393828125 0.6869291328125 0.31004094296875 0.8200692585937499 0.45185604453124995 0.75594323828125