0 0.73359375 0.404296875 0.109375 0.071875
0 0.85703125 0.56328125 0.12578125 0.06953125
1 0.7359375 0.4890625 0.117578125 0.071875
1 0.7359375 0.56875 0.117578125 0.07421875
1 0.85390625 0.64609375 0.119140625 0.078515625
1 0.851953125 0.7296875 0.12578125 0.08515625
1 0.853125 0.809375 0.133984375 0.078515625
0 0.73359375 0.650390625 0.119140625 0.078515625
0 0.72890625 0.733203125 0.119140625 0.09140625
0 0.726953125 0.813671875 0.119140625 0.07421875
1 0.726171875 0.8921875 0.12421875 0.07421875
1 0.726953125 0.96953125 0.12890625 0.0609375
0 0.85390625 0.8921875 0.12890625 0.078515625
0 0.855078125 0.966015625 0.12578125 0.06796875
0 0.439453125 0.899609375 0.12421875 0.08046875
0 0.3171875 0.973828125 0.119140625 0.05234375
0 0.441015625 0.97265625 0.12109375 0.045703125
1 0.312890625 0.89765625 0.12421875 0.067578125
1 0.44453125 0.8171875 0.12421875 0.08046875
1 0.3203125 0.809375 0.112890625 0.07421875
0 0.44921875 0.7265625 0.12265625 0.06953125
0 0.321875 0.725390625 0.119140625 0.071875
1 0.3234375 0.642578125 0.12265625 0.067578125
0 0.326953125 0.476953125 0.12890625 0.0828125
0 0.330859375 0.565234375 0.130859375 0.06953125
1 0.44921875 0.64609375 0.12265625 0.078515625
1 0.44921875 0.56328125 0.12578125 0.07421875
1 0.451953125 0.482421875 0.12734375 0.076171875
1 0.330078125 0.404296875 0.12578125 0.071875
1 0.3375 0.322265625 0.117578125 0.07421875
1 0.457421875 0.32578125 0.119140625 0.071875
0 0.455859375 0.404296875 0.12578125 0.071875
1 0.458984375 0.241796875 0.119140625 0.065234375
0 0.33984375 0.244140625 0.112890625 0.06953125
0 0.46484375 0.1625 0.114453125 0.06953125
0 0.344140625 0.161328125 0.12109375 0.067578125
0 0.46796875 0.087109375 0.12109375 0.076171875
0 0.3421875 0.0859375 0.117578125 0.065234375
0 0.469921875 0.023046875 0.12734375 0.045703125
0 0.341796875 0.023828125 0.12109375 0.04765625
0 0.06953125 0.025 0.117578125 0.05
1 0.0703125 0.08046875 0.112890625 0.06328125
0 0.065234375 0.16015625 0.12890625 0.0828125
0 0.0578125 0.405859375 0.115625 0.06328125
0 0.05703125 0.48359375 0.1140625 0.0828125
0 0.05625 0.5703125 0.1125 0.0828125
1 0.05390625 0.655859375 0.1078125 0.08515625
0 0.053125 0.736328125 0.10625 0.076171875
0 0.053125 0.8203125 0.10625 0.078515625
0 0.048828125 0.89765625 0.09765625 0.071875
0 0.048828125 0.973828125 0.09765625 0.05234375