0 0.7998582175925926 0.42177951388888885 0.15261574074074086 0.09161458333333332
0 0.7963917824074074 0.512421875 0.15358217592592602 0.09788194444444435
1 0.7948466435185185 0.5909201388888888 0.14790509259259252 0.09072916666666657
0 0.7887962962962962 0.6765451388888889 0.1466203703703705 0.1000694444444445
1 0.7917621527777777 0.7740711805555556 0.1466203703703705 0.1000694444444445
1 0.7872945601851852 0.8721527777777778 0.1625694444444445 0.11135416666666664
1 0.7834403935185186 0.94953125 0.16364004629629622 0.06843750000000029
0 0.39598958333333334 0.8906076388888888 0.18295138888888882 0.11414930555555572
1 0.41222222222222227 0.7907031250000001 0.17807870370370366 0.10779513888888896
0 0.43333622685185186 0.6973263888888889 0.16631365740740733 0.10597222222222218
0 0.13600405092592593 0.37680555555555556 0.1472743055555555 0.14848958333333329
0 0.20772858796296295 0.3275868055555556 0.12652199074074078 0.1331944444444444
0 0.2555584490740741 0.26796875 0.11937499999999998 0.12913194444444445
1 0.30798900462962964 0.23752604166666663 0.10645833333333332 0.1147916666666667
0 0.36671585648148153 0.20538194444444446 0.11082754629629629 0.13050347222222222
0 0.4165538194444444 0.15703993055555554 0.12162615740740748 0.12605902777777778
1 0.4774421296296296 0.11782118055555554 0.09853009259259267 0.11071180555555556
0 0.5332291666666666 0.07949652777777778 0.13207754629629634 0.10989583333333335
0 0.5790075231481481 0.052599826388888896 0.12118634259259267 0.10519965277777779
0 0.6234288194444445 0.030590277777777775 0.11295138888888889 0.06118055555555555