0 0.4361487268518518 0.566461226851852 0.15905671296296298 0.12230902777777786
0 0.4419155092592592 0.5116319444444445 0.13027199074074075 0.0832349537037036
0 0.44634837962962964 0.4541377314814815 0.1176331018518518 0.08015046296296298
1 0.45556423611111113 0.4045920138888889 0.10581597222222214 0.06465856481481484
0 0.63625 0.6820023148148148 0.1636226851851852 0.1599479166666667
0 0.611111111111111 0.575300925925926 0.14990740740740732 0.11242476851851854
0 0.5935734953703704 0.5108767361111111 0.12853009259259257 0.09325231481481477
1 0.5843373842592593 0.4608564814814815 0.11294560185185176 0.07987268518518516
1 0.5867795138888889 0.4226880787037038 0.11607060185185177 0.08005787037037035
0 0.46303819444444444 0.3653414351851852 0.09584490740740748 0.06718171296296296
0 0.4625607638888889 0.3242100694444444 0.09593749999999997 0.06874421296296296
0 0.5700578703703704 0.3852633101851851 0.1021412037037038 0.06833333333333336
0 0.5745659722222222 0.34226851851851847 0.10144675925925917 0.05661458333333336
0 0.5637268518518519 0.3048871527777778 0.08324652777777786 0.05164351851851858
1 0.5599247685185185 0.28041666666666665 0.0761226851851852 0.04966435185185185
1 0.5575694444444445 0.253900462962963 0.08582175925925917 0.0556886574074074
0 0.5524334490740741 0.2267650462962963 0.09161458333333332 0.06148148148148154
0 0.5527662037037038 0.19930555555555557 0.07657986111111122 0.04424189814814814
1 0.46417824074074077 0.2919704861111111 0.0874305555555555 0.05656249999999998
1 0.46423611111111107 0.26648726851851856 0.09491898148148152 0.05155671296296296
0 0.4677864583333333 0.2404050925925926 0.07837384259259253 0.048240740740740765
0 0.4718431712962963 0.21625289351851854 0.06601273148148153 0.049843749999999964
0 0.22866898148148146 0.6042361111111111 0.13322916666666665 0.2250983796296296
0 0.2818142361111111 0.4360561342592593 0.09753472222222222 0.14824652777777775
0 0.3163107638888889 0.3434606481481482 0.05546296296296296 0.095150462962963
0 0.7017361111111111 0.3582523148148148 0.08423032407407405 0.09451967592592592
0 0.7417361111111112 0.4511371527777778 0.09338541666666664 0.11763888888888889
1 0.8037181712962962 0.5776070601851852 0.1266724537037036 0.1538657407407408
1 0.9520269097222223 0.5477575231481481 0.09594618055555557 0.11291666666666664
0 0.918961226851852 0.48493055555555553 0.10256944444444471 0.10183449074074069
0 0.8883738425925927 0.4251996527777777 0.10021990740740741 0.08846064814814807
0 0.8549681712962961 0.38405960648148146 0.0835821759259261 0.08358217592592591
0 0.8240914351851852 0.3459056712962963 0.07323495370370373 0.06662037037037045
0 0.796021412037037 0.3154253472222222 0.06224537037037052 0.05195601851851848
0 0.7801793981481481 0.29284432870370375 0.06133101851851848 0.06280092592592598
0 0.7706799768518519 0.2714554398148148 0.06224537037037052 0.05195601851851848
1 0.7557812500000001 0.2515625 0.07074652777777786 0.05090277777777778
1 0.7431336805555555 0.2299681712962963 0.07613425925925928 0.07613425925925928
1 0.7304629629629631 0.20798321759259258 0.08068287037037045 0.07406828703703701
1 0.7121556712962963 0.17026041666666666 0.05590856481481481 0.06325810185185184
1 0.6868981481481482 0.16078125000000001 0.05972222222222214 0.06192708333333332
1 0.655625 0.16224247685185186 0.05411458333333332 0.059259259259259255
1 0.6270833333333333 0.15687789351851852 0.04846064814814817 0.05581018518518519
0 0.6011168981481482 0.1552806712962963 0.050023148148148164 0.055902777777777767
0 0.5726678240740741 0.15147858796296299 0.047638888888888786 0.06821759259259261
0 0.5409114583333333 0.15140046296296297 0.050300925925925985 0.06059027777777777
0 0.5107609953703703 0.1453472222222222 0.056047453703703634 0.06560185185185183
0 0.4807986111111111 0.1490827546296296 0.04625578703703699 0.05801504629629628
0 0.4467650462962963 0.14365162037037038 0.044785879629629655 0.0594849537037037
0 0.4119299768518518 0.14453993055555556 0.054901620370370406 0.07254050925925926
0 0.3779427083333333 0.13989004629629628 0.04961226851851848 0.062106481481481526
1 0.34000289351851853 0.13469039351851853 0.04846064814814817 0.05581018518518519
0 0.2996498842592593 0.12845775462962963 0.04906249999999997 0.06596643518518519
0 0.29891203703703706 0.17554108796296294 0.06983217592592598 0.06174768518518521
0 0.2735069444444444 0.19664641203703703 0.09378472222222226 0.0849652777777778
0 0.2557291666666667 0.21416377314814813 0.09314236111111107 0.08726273148148148
0 0.23549479166666668 0.2365306712962963 0.09144097222222225 0.0848263888888889
0 0.188046875 0.2957899305555555 0.09879629629629631 0.09071180555555554
0 0.15325231481481483 0.33705150462962963 0.11148148148148147 0.09457754629629633
0 0.1270775462962963 0.3848582175925926 0.1150636574074074 0.08934027777777782
0 0.08780671296296297 0.4365769675925926 0.12146412037037035 0.11852430555555546
0 0.07069733796296296 0.5116782407407408 0.08704282407407407 0.1157060185185184
1 0.20875868055555555 0.26163483796296294 0.09249421296296294 0.07632523148148156
0 0.5019915671875 0.70408539765625 0.50681649609375 0.6054694296875 0.37967796015625 0.6462147765624999 0.36409586171875 0.781456253125 0.5019915671875 0.70408539765625