0 0.35889756944444445 0.17098958333333333 0.11883680555555554 0.1013020833333333
0 0.34738136574074074 0.23296875 0.12292245370370374 0.09145833333333338
0 0.34333622685185183 0.28799479166666664 0.10204861111111115 0.06749999999999998
0 0.3465335648148148 0.33330729166666667 0.09920138888888888 0.07197916666666666
0 0.3443084490740741 0.3774739583333333 0.09373263888888887 0.0716145833333334
0 0.6850434027777779 0.3056770833333333 0.11986689814814824 0.14494791666666665
0 0.709765625 0.3649739583333333 0.11053240740740744 0.13187499999999996
0 0.7323321759259259 0.4143229166666667 0.11002314814814813 0.12328124999999997
0 0.7587847222222223 0.45765625 0.10234375 0.11187499999999986
0 0.6356655092592594 0.6690625 0.07199652777777779 0.07249999999999997
0 0.6014930555555555 0.6765885416666666 0.07810763888888879 0.07057291666666679
0 0.5643547453703703 0.6878385416666666 0.06220486111111114 0.06484375
0 0.5273090277777778 0.6975260416666667 0.06326388888888879 0.06958333333333329
0 0.3340190972222222 0.7893489583333333 0.044635416666666664 0.030989583333333393
1 0.34036747685185187 0.7748697916666666 0.056770833333333395 0.038802083333333216
0 0.3433159722222222 0.758203125 0.05396990740740737 0.044062500000000074
0 0.3421267361111111 0.7451822916666667 0.06945601851851854 0.042760416666666676
0 0.3409375 0.7321614583333333 0.07193865740740737 0.04526041666666671
0 0.33924479166666666 0.7144010416666667 0.06628472222222222 0.041770833333333354
0 0.3430179398148148 0.7036718750000001 0.060954861111111126 0.04375
0 0.3415972222222222 0.6945572916666667 0.060405092592592524 0.04760416666666671
0 0.3391724537037037 0.669296875 0.0671180555555555 0.05583333333333336