0 0.587109375 0.6015625 0.141796875 0.096875
0 0.584765625 0.546484375 0.11953125 0.061328125
0 0.583984375 0.4890625 0.10625 0.061328125
1 0.578125 0.4390625 0.097265625 0.046875
0 0.38046875 0.704296875 0.1390625 0.13515625
0 0.412109375 0.59921875 0.133984375 0.08828125
0 0.43359375 0.536328125 0.115234375 0.07265625
1 0.44609375 0.487109375 0.101953125 0.061328125
1 0.44609375 0.448828125 0.1046875 0.061328125
0 0.573046875 0.399609375 0.08671875 0.051171875
0 0.576171875 0.35859375 0.08671875 0.053125
0 0.465234375 0.4125 0.09296875 0.051171875
0 0.46328125 0.36953125 0.09453125 0.039453125
0 0.4765625 0.3328125 0.0765625 0.0375
1 0.481640625 0.308984375 0.06953125 0.0375
1 0.4859375 0.282421875 0.078515625 0.041796875
0 0.492578125 0.255859375 0.0828125 0.046875
0 0.494140625 0.228515625 0.070703125 0.03125
1 0.5765625 0.3265625 0.0796875 0.041796875
1 0.578125 0.301171875 0.08828125 0.035546875
0 0.576171875 0.274609375 0.072265625 0.035546875
0 0.5734375 0.250390625 0.058984375 0.039453125
0 0.79140625 0.65234375 0.095703125 0.208203125
0 0.74921875 0.48125 0.0734375 0.13515625
0 0.7203125 0.387109375 0.039453125 0.08828125
0 0.335546875 0.37734375 0.06953125 0.08203125
0 0.28984375 0.467578125 0.075 0.10390625
1 0.2203125 0.589453125 0.101953125 0.13515625
1 0.062890625 0.55 0.101953125 0.09453125
0 0.111328125 0.490234375 0.08671875 0.086328125
0 0.1453125 0.432421875 0.08671875 0.07265625
0 0.18125 0.39375 0.070703125 0.070703125
0 0.214453125 0.357421875 0.06328125 0.055078125
0 0.244140625 0.32890625 0.0546875 0.041796875
0 0.26171875 0.307421875 0.0515625 0.053125
0 0.272265625 0.28671875 0.0546875 0.041796875
1 0.28828125 0.26796875 0.06328125 0.039453125
1 0.30234375 0.247265625 0.064453125 0.064453125
1 0.31640625 0.22578125 0.06953125 0.061328125
1 0.337109375 0.189453125 0.045703125 0.055078125
1 0.362890625 0.181640625 0.05 0.053125
1 0.39375 0.18515625 0.04453125 0.051171875
1 0.42265625 0.181640625 0.039453125 0.048828125
0 0.4484375 0.181640625 0.041015625 0.048828125
0 0.476953125 0.1796875 0.03671875 0.061328125
0 0.50859375 0.181640625 0.041015625 0.053125
0 0.5390625 0.17734375 0.045703125 0.057421875
0 0.56875 0.1828125 0.03671875 0.051171875
0 0.603125 0.1796875 0.035546875 0.053125
0 0.637890625 0.1828125 0.04296875 0.064453125
0 0.671875 0.18046875 0.039453125 0.055078125
1 0.71015625 0.17734375 0.039453125 0.048828125
0 0.75078125 0.173828125 0.03828125 0.059375
0 0.7484375 0.220703125 0.060546875 0.051171875
0 0.772265625 0.243359375 0.08125 0.070703125
0 0.7890625 0.262109375 0.0796875 0.07265625
0 0.8078125 0.285546875 0.078515625 0.070703125
0 0.851171875 0.34765625 0.085546875 0.075
0 0.883203125 0.390625 0.097265625 0.076953125
0 0.90625 0.440234375 0.101953125 0.070703125
0 0.9421875 0.494140625 0.103515625 0.1
0 0.96015625 0.570703125 0.0796875 0.101953125
1 0.8328125 0.312109375 0.08125 0.061328125
0 0.64537035625 0.82032604765625 0.63834376484375 0.68461005078125 0.5142395984375 0.6360284453125 0.5128503734375001 0.73457968046875 0.64537035625 0.82032604765625