0 0.28427372685185187 0.456875 0.13145254629629627 0.10317708333333328
0 0.21989293981481478 0.6458940972222222 0.1472511574074074 0.10621527777777776
1 0.309910300925926 0.5384288194444444 0.13943865740740743 0.1058680555555556
1 0.33631365740740743 0.6144618055555556 0.1403935185185185 0.10824652777777785
1 0.2503761574074074 0.7240972222222222 0.14308449074074076 0.11303819444444443
1 0.2797453703703704 0.8031336805555555 0.15225694444444446 0.12123263888888891
1 0.30500578703703707 0.879609375 0.15815972222222224 0.11682291666666664
0 0.3655671296296296 0.6919357638888889 0.14308449074074076 0.11303819444444443
0 0.39716435185185184 0.7693055555555557 0.14785879629629628 0.1249305555555555
0 0.42594039351851853 0.8456250000000001 0.14195601851851852 0.10831597222222208
1 0.45264756944444445 0.9204687500000001 0.14675925925925917 0.1100868055555555
1 0.47514467592592596 0.9649305555555555 0.14317129629629619 0.040625
0 0.330714699074074 0.9462673611111111 0.15078125 0.09079861111111107
0 0.7261863425925925 0.8409027777777778 0.14878472222222214 0.11640625
0 0.8666666666666668 0.8750260416666666 0.13492476851851842 0.08697916666666679
0 0.7490306712962964 0.9112152777777777 0.13451967592592595 0.08151041666666643
1 0.845486111111111 0.8007204861111111 0.1447337962962963 0.103767361111111
1 0.6942274305555556 0.7639409722222222 0.14878472222222214 0.11640625
1 0.8092447916666666 0.7188541666666668 0.13559027777777785 0.10647569444444435
0 0.6600983796296296 0.6788454861111111 0.14406828703703703 0.10529513888888893
0 0.7802083333333334 0.6390190972222222 0.14100115740740726 0.10593749999999993
1 0.7512876157407407 0.5607465277777778 0.14311342592592596 0.10291666666666668
0 0.6933883101851851 0.40342013888888884 0.1544849537037038 0.11977430555555557
0 0.718532986111111 0.48891493055555557 0.15199652777777786 0.10720486111111108
1 0.6332465277777778 0.6020486111111112 0.14704861111111106 0.1139930555555555
1 0.6058304398148149 0.5229253472222222 0.14832175925925917 0.11015625
1 0.5766637731481481 0.44662326388888884 0.15083912037037023 0.11260416666666662
1 0.6663917824074075 0.33525173611111114 0.14742476851851852 0.10855902777777775
1 0.6321469907407408 0.25917534722222224 0.1403935185185185 0.10824652777777777
1 0.5198495370370371 0.29865451388888886 0.14100115740740743 0.10593750000000002
0 0.5473090277777778 0.37307291666666664 0.14742476851851852 0.10855902777777775
1 0.49042245370370374 0.21883680555555554 0.13897569444444446 0.09961805555555558
0 0.6043258101851852 0.18516493055555555 0.13446180555555554 0.1017534722222222
0 0.4586950231481481 0.145 0.13608217592592592 0.10260416666666665
0 0.5726996527777778 0.1074045138888889 0.14155092592592594 0.10284722222222223
0 0.43110532407407404 0.07411458333333334 0.14447337962962972 0.11076388888888888
0 0.5497106481481482 0.04245659722222222 0.13741319444444447 0.08491319444444444
0 0.4076822916666666 0.02765625 0.14036458333333326 0.0553125
0 0.531076388888889 0.008420138888888888 0.13246527777777786 0.016840277777777777
0 0.8364293981481481 0.041141493055555554 0.1544849537037038 0.08228298611111111
0 0.9245515046296298 0.25440972222222225 0.13489583333333358 0.09710069444444444
0 0.9405671296296297 0.32848958333333333 0.11886574074074048 0.11520833333333336
0 0.9553819444444445 0.4113194444444444 0.08923611111111107 0.11465277777777776
1 0.9716724537037038 0.49236979166666667 0.05665509259259238 0.11425347222222229
0 0.9864293981481481 0.5691927083333332 0.02714120370370381 0.1038368055555555