0 0.22899305555555555 0.4303385416666667 0.11996527777777784 0.08391203703703702
0 0.10489004629629631 0.5933883101851852 0.13625578703703706 0.08295717592592596
1 0.22662037037037036 0.5152488425925925 0.12855902777777778 0.08423032407407405
1 0.22618634259259257 0.5951388888888889 0.12873263888888892 0.08657407407407405
1 0.10737847222222222 0.6761284722222223 0.1306423611111111 0.09131944444444447
1 0.10902777777777777 0.7596209490740741 0.13819444444444445 0.09861111111111107
1 0.107421875 0.8394675925925925 0.14554398148148148 0.09265046296296298
0 0.22798032407407404 0.6766782407407408 0.1306423611111111 0.09131944444444447
0 0.2324508101851852 0.7591001157407408 0.13234953703703706 0.10384837962962959
0 0.23391203703703703 0.83984375 0.13029513888888894 0.08663194444444429
1 0.234375 0.9182002314814814 0.13504050925925926 0.08758680555555572
1 0.234056712962963 0.9790509259259259 0.13657407407407407 0.041898148148148094
0 0.10636574074074075 0.9224681712962962 0.1408564814814815 0.09247685185185191
0 0.1054542824074074 0.9778645833333333 0.13405671296296298 0.04427083333333357
0 0.5220196759259259 0.9163194444444445 0.13628472222222215 0.09386574074074083
0 0.644140625 0.976953125 0.1271122685185185 0.04609375
0 0.5201244212962963 0.9801215277777778 0.12821180555555553 0.03975694444444429
1 0.6490017361111111 0.9100549768518519 0.13451967592592595 0.08055555555555571
1 0.5171585648148149 0.8338831018518519 0.13628472222222215 0.09386574074074057
1 0.6418113425925925 0.822048611111111 0.12404513888888893 0.08640046296296297
0 0.5128761574074074 0.7436342592592593 0.133130787037037 0.08284143518518512
0 0.6405815972222222 0.7381799768518519 0.13012152777777786 0.08428819444444428
1 0.6392650462962963 0.6554832175925925 0.13295717592592596 0.08049768518518512
0 0.6366608796296296 0.48969907407407404 0.14114583333333322 0.09638310185185191
0 0.6324652777777777 0.5780671296296296 0.140943287037037 0.08313078703703702
1 0.5133680555555555 0.662962962962963 0.13454861111111108 0.09146412037037041
1 0.5136140046296296 0.580324074074074 0.13660300925925917 0.08764467592592595
1 0.5113715277777777 0.4995515046296296 0.1383391203703704 0.0900462962962962
1 0.6338107638888889 0.4171296296296296 0.13642939814814808 0.08530092592592595
1 0.6265480324074074 0.3353877314814815 0.12873263888888892 0.08657407407407405
1 0.506539351851852 0.34269386574074073 0.13012152777777786 0.08428819444444446
0 0.5077546296296296 0.4214699074074074 0.13642939814814808 0.08530092592592595
1 0.5053096064814815 0.2588252314814815 0.12887731481481488 0.07800925925925925
0 0.6244936342592593 0.2573640046296296 0.1229166666666666 0.08168402777777777
0 0.49979745370370365 0.1798900462962963 0.12447916666666678 0.08174189814814814
0 0.6208333333333333 0.17458043981481483 0.13139467592592596 0.0804398148148148
0 0.49675925925925923 0.10457175925925925 0.13203125 0.08903356481481481
0 0.6229021990740741 0.09905960648148149 0.12731481481481488 0.07795138888888889
0 0.4946614583333334 0.04299768518518519 0.1341145833333332 0.05405092592592593
0 0.623046875 0.04422743055555556 0.12734375 0.046788194444444445
0 0.894777199074074 0.04567418981481482 0.12294560185185191 0.029484953703703708
1 0.8953993055555556 0.08486689814814816 0.12245370370370381 0.07543402777777779
0 0.9004918981481481 0.16417824074074075 0.14114583333333358 0.09638310185185191
0 0.9065682870370371 0.40999710648148147 0.1247974537037038 0.0755208333333334
0 0.9067274305555555 0.4871672453703704 0.12624421296296298 0.09505208333333322
0 0.9042100694444445 0.5740306712962963 0.11843171296296298 0.09476273148148148
1 0.903370949074074 0.6593894675925925 0.10760995370370381 0.09592013888888892
0 0.9009548611111111 0.739597800925926 0.09994212962962976 0.08706597222222215
0 0.8974681712962962 0.8236834490740741 0.09464699074074048 0.08920717592592595
0 0.89921875 0.9005208333333332 0.07922453703703702 0.08084490740740762
0 0.896730324074074 0.9727430555555555 0.07158564814814809 0.05451388888888893