0 0.803125 0.40234375 0.1421875 0.071484375
0 0.813671875 0.4921875 0.1421875 0.077734375
1 0.823828125 0.569921875 0.1375 0.071484375
0 0.830859375 0.65546875 0.13515625 0.080859375
1 0.8484375 0.7515625 0.13515625 0.080859375
1 0.858984375 0.84921875 0.14921875 0.090234375
1 0.86953125 0.948828125 0.1515625 0.093359375
0 0.471875 0.906640625 0.1703125 0.090234375
1 0.473046875 0.805859375 0.165625 0.083984375
0 0.480078125 0.711328125 0.15390625 0.083984375
0 0.13515625 0.423828125 0.128125 0.13046875
0 0.19921875 0.36796875 0.109375 0.11796875
0 0.237890625 0.304296875 0.102734375 0.11484375
1 0.285546875 0.26875 0.091015625 0.10234375
0 0.3390625 0.23125 0.093359375 0.11796875
0 0.38125 0.178515625 0.105078125 0.11171875
1 0.4359375 0.13359375 0.083984375 0.09921875
0 0.4859375 0.090234375 0.11875 0.093359375
0 0.526953125 0.055859375 0.10703125 0.09609375
0 0.567578125 0.028125 0.105078125 0.055859375