0 0.228515625 0.308203125 0.12109375 0.3390625
1 0.234375 0.717578125 0.1125 0.333203125
0 0.35 0.308203125 0.119921875 0.3296875
0 0.469921875 0.3109375 0.105078125 0.342578125
0 0.57578125 0.31953125 0.113671875 0.3296875
1 0.692578125 0.322265625 0.122265625 0.3390625
1 0.810546875 0.316796875 0.113671875 0.340625
0 0.92265625 0.312109375 0.1109375 0.337109375
1 0.348828125 0.716796875 0.1109375 0.35
0 0.462890625 0.706640625 0.1234375 0.333203125
0 0.58203125 0.7109375 0.1109375 0.333203125
0 0.69375 0.717578125 0.113671875 0.351953125
1 0.80546875 0.71484375 0.118359375 0.340625
1 0.919921875 0.715625 0.116015625 0.3390625