0 0.8193576388888889 0.6816666666666666 0.15303819444444428 0.09588541666666668
0 0.8353559027777777 0.5947135416666667 0.1533159722222223 0.10213541666666667
1 0.8499392361111111 0.5197395833333334 0.1483159722222222 0.09479166666666679
0 0.8622048611111112 0.43643229166666664 0.14717013888888886 0.10406250000000003
1 0.8853819444444444 0.34450520833333337 0.14717013888888886 0.10406250000000003
1 0.9018142361111112 0.2497916666666667 0.1625 0.11598958333333335
1 0.9180295138888889 0.15315104166666665 0.1639409722222222 0.11927083333333335
0 0.5185677083333333 0.12687500000000002 0.18369791666666657 0.11973958333333332
1 0.5136545138888888 0.226640625 0.17791666666666667 0.11234374999999999
0 0.5151388888888888 0.32138020833333336 0.16616319444444444 0.11078124999999997
0 0.15318576388888888 0.5461197916666667 0.14776041666666667 0.15239583333333329
0 0.21377604166666667 0.6124739583333334 0.1268229166666667 0.1369791666666668
0 0.2484027777777778 0.6817708333333333 0.11961805555555553 0.1326041666666667
1 0.2939409722222222 0.724921875 0.10649305555555558 0.11770833333333322
0 0.34506944444444443 0.771171875 0.11112847222222229 0.134375
0 0.3843229166666667 0.8306510416666667 0.12182291666666663 0.12963541666666673
1 0.436171875 0.8843489583333334 0.09854166666666661 0.1140625
0 0.48361979166666663 0.9354166666666666 0.1328125 0.11401041666666671
0 0.5224479166666667 0.9595833333333333 0.1211631944444445 0.08083333333333335
0 0.5607552083333334 0.9869010416666667 0.11269097222222228 0.026197916666666644