0 0.21510416666666665 0.25026909722222224 0.1174479166666667 0.09878472222222223
0 0.23315104166666667 0.31095486111111115 0.1216840277777778 0.08883680555555555
0 0.2539756944444444 0.3619791666666667 0.10114583333333335 0.06531249999999993
0 0.27769965277777775 0.40060763888888895 0.09822916666666667 0.06986111111111111
0 0.29547743055555553 0.44092881944444445 0.09276041666666668 0.06961805555555553
0 0.5655381944444444 0.2208333333333333 0.117829861111111 0.1424652777777778
0 0.6145486111111111 0.26293402777777775 0.10868055555555553 0.12958333333333333
0 0.656892361111111 0.2965190972222222 0.10829861111111114 0.12098958333333334
0 0.6999565972222223 0.3226996527777778 0.10078125 0.10973958333333336
0 0.6855555555555556 0.5674652777777778 0.07098958333333343 0.07098958333333343
0 0.6587326388888889 0.5897569444444445 0.07713541666666668 0.06892361111111107
0 0.6309201388888889 0.6167013888888888 0.061302083333333354 0.06354166666666679
0 0.6023784722222223 0.6424392361111111 0.062291666666666676 0.06826388888888886
0 0.47230034722222225 0.8127864583333334 0.04421874999999993 0.030034722222222233
1 0.47104166666666664 0.7970746527777778 0.05625 0.03758680555555553
0 0.4662847222222222 0.7808159722222221 0.05336805555555557 0.042916666666666714
0 0.45934895833333333 0.7695486111111111 0.068888888888889 0.041267361111111
0 0.4527864583333333 0.7586892361111112 0.07133680555555558 0.04371527777777793
0 0.4432725694444445 0.7437847222222222 0.06572916666666657 0.040347222222222354
0 0.44143229166666664 0.7323524305555555 0.06036458333333332 0.042447916666666786
0 0.43590277777777775 0.7246701388888889 0.05975694444444457 0.04631944444444436
0 0.42236979166666666 0.7033246527777777 0.06635416666666671 0.05440972222222236