0 0.70859375 0.81484375 0.09921875 0.073046875
0 0.701953125 0.751953125 0.106640625 0.061328125
0 0.690625 0.698046875 0.09140625 0.04140625
0 0.674609375 0.655859375 0.08671875 0.047265625
0 0.664453125 0.612890625 0.080859375 0.0484375
0 0.358984375 0.780078125 0.08671875 0.121484375
0 0.31875 0.730078125 0.080078125 0.11015625
0 0.283203125 0.689453125 0.0828125 0.1
0 0.245703125 0.655859375 0.078125 0.08984375
0 0.30390625 0.41796875 0.05625 0.05703125
0 0.334375 0.40078125 0.063671875 0.052734375
0 0.366796875 0.379296875 0.0484375 0.0515625
0 0.39921875 0.359375 0.0484375 0.055859375
0 0.558203125 0.215625 0.03984375 0.019921875
1 0.55625 0.23125 0.050390625 0.02421875
0 0.558203125 0.248046875 0.045703125 0.03125
0 0.562890625 0.26015625 0.063671875 0.02421875
0 0.567578125 0.272265625 0.06484375 0.026953125
0 0.57421875 0.288671875 0.06015625 0.02421875
0 0.573828125 0.3 0.053515625 0.028515625
0 0.577734375 0.30859375 0.0515625 0.0328125
0 0.587109375 0.33203125 0.05625 0.03984375