0 0.7944965277777778 0.3848958333333333 0.1577430555555555 0.35843749999999996
1 0.7621440972222222 0.7895572916666668 0.14899305555555564 0.3508333333333333
0 0.6731684027777778 0.36627604166666666 0.15597222222222218 0.3489583333333333
0 0.5534722222222221 0.35088541666666667 0.1421701388888888 0.35973958333333333
0 0.44720486111111113 0.34302083333333333 0.14970486111111114 0.3477604166666667
1 0.33063368055555553 0.32783854166666665 0.1593055555555555 0.3585416666666667
1 0.2130902777777778 0.30401041666666667 0.1507291666666667 0.35875
0 0.10144965277777777 0.28252604166666667 0.14751736111111113 0.3546354166666667
1 0.6478472222222222 0.7714062500000001 0.14937500000000004 0.3680208333333333
0 0.5348958333333333 0.7435937499999999 0.15996527777777772 0.353125
0 0.415625 0.7297916666666666 0.14743055555555565 0.3507291666666667
0 0.3034461805555556 0.7191927083333333 0.1517534722222223 0.3697395833333335
1 0.1922309027777778 0.699296875 0.1554340277777778 0.35984375000000013
1 0.0826388888888889 0.6822395833333333 0.14288194444444444 0.35666666666666663