1 0.49070364609375006 0.38734259296875 0.40797239609374997 0.762559259375 0.7136359375 0.7917500000000001 0.67826979140625 0.38756666640625 0.49070364609375006 0.38734259296875
1 0.68837447890625 0.38554537031249997 0.7306874999999999 0.791525 0.99909010390625 0.8041 0.99909010390625 0.62895370390625 0.8961499999999999 0.38779166640625 0.68837447890625 0.38554537031249997
1 0.11783906250000001 0.73843055546875 0.39453385390625 0.76042129609375 0.48177395859375 0.38889166640625 0.30599114609375 0.3842611109375 0.11783906250000001 0.73843055546875
1 0 0.72623055546875 0.10298020859374998 0.74011296328125 0.29722760390624997 0.38263796328125 0.12787135390624998 0.37916666640624996 0 0.53968333359375 0 0.72623055546875
1 0.9303640625 0.208025 0.8942338539062501 0.1576611109375 0.60929427109375 0.16715 0.60724114609375 0.21824351874999998 0.9303640625 0.208025
1 0.347759375 0.17305092578125 0.31573072890625 0.22022129609375002 0.60061302109375 0.21678796328125 0.6028890625 0.1675638890625 0.347759375 0.17305092578125
1 0.33279635390625 0.1307638890625 0.4312125 0.1307638890625 0.46018854140625 0.07650740703125 0.37651770859375 0.0777268515625 0.33279635390625 0.1307638890625
1 0.465175 0.07780370390625 0.43658697890625 0.13145092578125 0.54052760390625 0.128 0.55288072890625 0.071215740625 0.465175 0.07780370390625
1 0.5577260414062499 0.07229444453125 0.546528125 0.12677685156250001 0.653790625 0.12363333359374999 0.6480937499999999 0.06670648125 0.5577260414062499 0.07229444453125
1 0.6541750000000001 0.06781018515625001 0.65941822890625 0.12148148125 0.77266875 0.1175546296875 0.74725 0.06205000000000001 0.6541750000000001 0.06781018515625001
1 0.77941822890625 0.1162111109375 0.8991583335937501 0.11318425937500001 0.84928072890625 0.057802778124999996 0.7523515625 0.061131481249999994 0.77941822890625 0.1162111109375
1 0.85759583359375 0.054304629687499995 0.9046848960937499 0.11248796328124999 0.99947916640625 0.110725 0.99947916640625 0.08568796328125 0.9591526039062501 0.0518361109375 0.85759583359375 0.054304629687499995
0 0.23163177109375002 0.12980555546875 0.32508958359375 0.12929444453125 0.37124375 0.07638240703125 0.2864125 0.0799611109375 0.23163177109375002 0.12980555546875
1 0.1070828125 0.17311944453125 0.0482390625 0.22092685156249997 0.30877291640625 0.21969537031250003 0.34169479140625 0.17225648124999998 0.1070828125 0.17311944453125