1 0.63657803203125 0.5147766054687499 0.55273128828125 0.90792982265625 0.8184000859375 0.957948528125 0.905031859375 0.95345651015625 0.84842066171875 0.5579191921875 0.63657803203125 0.5147766054687499
1 0.5507548812499999 0.9124304875 0.63488389296875 0.51474600078125 0.44687513984375 0.47354580156250003 0.25251853281250003 0.8132897703124999 0.5507548812499999 0.9124304875
1 0.4846807484375 0.26441607265625 0.44591953359375003 0.30966142890625 0.736748803125 0.35291960390625 0.7417257890625 0.2934501625 0.4846807484375 0.26441607265625
0 0.4489536078125 0.47354715546875 0.28070833671875 0.368644465625 0.0053249484375 0.7188680828125 0.00538743828125 0.72730416171875 0.2522806234375 0.8134413882812501 0.4489536078125 0.47354715546875
1 0.2638304046875 0.22741044609375 0.19005871875 0.27061451796874997 0.4470241125 0.30883035078125 0.48537002890625003 0.26301694140625 0.2638304046875 0.22741044609375
1 0.20771776796875 0.14636617578125 0.13367036640625002 0.17391256171875 0.192475259375 0.19515470234375001 0.2817165484375 0.1556657859375 0.20771776796875 0.14636617578125
1 0.28373534140625 0.1548623609375 0.192943334375 0.19476687578125002 0.28440089765625 0.20828903515625 0.36308081953125 0.16692859921875 0.28373534140625 0.1548623609375
1 0.2852291609375 0.20790864296875 0.37998640234375 0.22188669453125 0.43956957109375 0.17810333203125 0.362526509375 0.16736405468749999 0.2852291609375 0.20790864296875
1 0.38001106015624997 0.22149085781250002 0.47910298515624994 0.23712956484375 0.5157197539062499 0.19960871171875 0.4388644421875 0.17784372890625 0.38001106015624997 0.22149085781250002
1 0.5153630890625001 0.19955308125 0.47904107421875003 0.237672290625 0.58325469609375 0.24944719375000002 0.61394612890625 0.1997516953125 0.5153630890625001 0.19955308125
1 0.61433103125 0.19936236640625 0.58261442890625 0.249040271875 0.69401853125 0.2629227765625 0.707026153125 0.20904985312500002 0.61433103125 0.19936236640625
1 0.7069771375 0.21073061796874998 0.69377841953125 0.262324478125 0.8131367921875 0.27674696484375 0.805354578125 0.217354209375 0.7069771375 0.21073061796874998
1 0.80668394296875 0.22004918984375 0.8127672328125 0.27555329609375 0.941137978125 0.29132466015624997 0.9105531828125001 0.2302345953125 0.80668394296875 0.22004918984375
1 0.79566619375 0.11776695859375 0.7954205 0.15020759296875 0.87252136484375 0.15555772734375 0.862067865625 0.12480313203125 0.79566619375 0.11776695859375
0 0.8608982984375 0.12488130625 0.87220145703125 0.15713429453125 0.95470805546875 0.1656484046875 0.92689332578125 0.13042523203125 0.8608982984375 0.12488130625
0 0.730988003125 0.115411515625 0.72059665859375 0.14331717734375 0.795605040625 0.15021092734375 0.7957893781250001 0.11653300468750001 0.730988003125 0.115411515625
0 0.7211200296875 0.144414321875 0.7307234593749999 0.1149130078125 0.66771419609375 0.1104114078125 0.64978094296875 0.13916920703125 0.7211200296875 0.144414321875
0 0.6091985585937499 0.10678169765625001 0.58142181171875 0.13239465078124998 0.6502243601562501 0.1391772171875 0.66808655625 0.10932951640625 0.6091985585937499 0.10678169765625001