1 0.85779063203125 0.56820407265625 0.6499991374999999 0.52931883203125 0.64374359921875 0.9356302171875001 0.96757155703125 0.9330641109375 0.85779063203125 0.56820407265625
1 0.65004915859375 0.52808920625 0.45703692734374995 0.48980216796875 0.32537308125000003 0.8525193234374999 0.64283971796875 0.93174504140625 0.65004915859375 0.52808920625
1 0.4581613921875 0.4907873125 0.27153989140625 0.44998018203125 0.029560715625 0.77595122109375 0.3256460421875 0.85736972890625 0.4581613921875 0.4907873125
1 0.27065034296875 0.45074318828125 0.09185931796874999 0.41124666484374994 0.01423523984375 0.48043935234374996 0.0158161640625 0.5337955390625 0.0300905828125 0.7772893640625 0.27065034296875 0.45074318828125
1 0.34956301953125 0.245871575 0.1073895859375 0.20055223984374998 0.044969471875 0.23238022421875 0.306677546875 0.2909277359375 0.34956301953125 0.245871575
1 0.60049823984375 0.292148134375 0.34989167499999996 0.24534015468749998 0.3058556984375 0.29065181171875 0.591956646875 0.34562259375000004 0.60049823984375 0.292148134375
1 0.86692185546875 0.33637277499999996 0.599594878125 0.2920685796875 0.5921751875 0.3443219546875 0.9010225257812501 0.39925723203125 0.86692185546875 0.33637277499999996
1 0.46883121406250006 0.18883334140625002 0.37915920625 0.17017490156249998 0.3299473671875 0.21076371796875 0.43448053046875 0.234616859375 0.46883121406250006 0.18883334140625002
1 0.41710487109375 0.0852664734375 0.38290323046874997 0.1064957953125 0.44788854687499996 0.11966746015625 0.47265847421874996 0.09419328828125 0.41710487109375 0.0852664734375
1 0.5582427875 0.20498744609375003 0.469334103125 0.18798212812499998 0.43343629609375 0.23340433906250002 0.54071162890625 0.25347940078125003 0.5582427875 0.20498744609375003
1 0.53329230390625 0.1039337515625 0.513893025 0.13100868359375 0.58200766171875 0.1431587234375 0.590317096875 0.11276949609375 0.53329230390625 0.1039337515625
1 0.64995804375 0.21903035312500002 0.5582821609375 0.20407746171875002 0.5408155734375 0.25368251015625 0.65071892265625 0.27278104453125 0.64995804375 0.21903035312500002
1 0.76344288515625 0.29001987265625 0.7432850375 0.23250133828125003 0.650715025 0.21862104062499998 0.65016143671875 0.27285944296875 0.76344288515625 0.29001987265625
1 0.8817280750000001 0.31100764999999997 0.83889512578125 0.2468601125 0.7432691234375 0.23222333984375002 0.76271061484375 0.28983715703125 0.8817280750000001 0.31100764999999997
1 1 0.3286529484375 0.9420619789062499 0.262632096875 0.8387807734375 0.24734307109375 0.8818530875 0.3108473875 1 0.33116067734375 1 0.3286529484375
0 0.70917982734375 0.13271772890625 0.72103461328125 0.16476974609375 0.7939653140625 0.1747464171875 0.7681131578125 0.14090098046875 0.70917982734375 0.13271772890625
0 0.650343240625 0.15521306484375 0.72108100703125 0.1644111140625 0.70952426953125 0.13287448046875 0.6493819609375 0.1223543265625 0.650343240625 0.15521306484375
0 0.6495360578125 0.1219692359375 0.5901863140625 0.11297436093749999 0.5819627820312501 0.14310464375 0.6499796250000001 0.1539973953125 0.6495360578125 0.1219692359375
0 0.53222136015625 0.10354968281250002 0.473929409375 0.0948441203125 0.4473742109375 0.119616890625 0.5143266125 0.130676828125 0.53222136015625 0.10354968281250002
0 0.29893323046875003 0.14962313046875 0.22645834140624999 0.1923304109375 0.32883901875 0.21176546015625003 0.38042906015625 0.17074815390625 0.29893323046875003 0.14962313046875