1 0.44003333359374996 0.361475 0.4987453125 0.7273453703125 0.8091171875000001 0.657027778125 0.6329802085937499 0.327415740625 0.44003333359374996 0.361475
1 0.053149999999999996 0.19447129609375 0.01606875 0.24830833359375 0.35041979140625 0.20545833359375001 0.34794739609374997 0.15931296328125 0.053149999999999996 0.19447129609375
1 0.64830729140625 0.16370740703125 0.6186421875 0.12415370390625 0.34794739609374997 0.1604111109375 0.3498015625 0.20545833359375001 0.64830729140625 0.16370740703125
1 0.08380729140625 0.0922138890625 0.031079687499999998 0.15394444453125 0.15818385390625 0.13908333359375 0.18733385390625 0.08306944453125001 0.08380729140625 0.0922138890625
1 0.28057239609375 0.125365740625 0.28893177109375 0.07125648125 0.18669114609374998 0.08268796328125 0.15732604140625 0.137559259375 0.28057239609375 0.125365740625
1 0.3958875 0.11126666640625 0.38688541640624996 0.06096851875 0.28785989609375 0.070875 0.27928645859375 0.12460370390625 0.3958875 0.11126666640625
1 0.50798802109375 0.09792962968749999 0.48076666640625004 0.04915555546875 0.38688541640624996 0.05868148125 0.39545885390625 0.11126666640625 0.50798802109375 0.09792962968749999
1 0.6175161460937499 0.08421203671875001 0.57293333359375 0.03696203671875 0.48012395859375 0.048774074218750005 0.50670208359375 0.0983111109375 0.6175161460937499 0.08421203671875001
1 0.72340052109375 0.06744629609375 0.66445677109375 0.024387036718749998 0.57229010390625 0.03772407421875 0.6149442710937499 0.08383148124999999 0.72340052109375 0.06744629609375
1 0.8260703125 0.052585185156250006 0.74869322890625 0.0144796296875 0.6633421875 0.02400648125 0.72340052109375 0.06935092578124999 0.8260703125 0.052585185156250006
1 0.9315260414062501 0.042296296093750005 0.83635833359375 0.00190555546875 0.7470640625 0.013717592968750001 0.8252124999999999 0.052585185156250006 0.9315260414062501 0.042296296093750005
1 0.929671875 0.1249703703125 0.86775625 0.08524444453124999 0.6168328125 0.12414259296875 0.6484895835937501 0.163040740625 0.929671875 0.1249703703125
0 0.23423124999999997 0.39201481484375 0.1582140625 0.8040305554687499 0.4987453125 0.73195555546875 0.44003333359374996 0.361690740625 0.23423124999999997 0.39201481484375