1 0.62541393671875 0.51394756328125 0.63739813125 0.9116288578124999 0.973565284375 0.8995790601562501 0.97554609765625 0.8327266109375 0.8437643890625001 0.50929258125 0.62541393671875 0.51394756328125
1 0.63653719296875 0.91640346171875 0.6237431757812499 0.51428817265625 0.429260365625 0.51561008828125 0.3199266234375 0.8859002617187499 0.63653719296875 0.91640346171875
1 0.41621389921874996 0.30555632578125 0.3890091046875 0.35768326093749997 0.68494166640625 0.33588250234375 0.6755627296875 0.27741174687500003 0.41621389921874996 0.30555632578125
0 0.24094266484375 0.45069327109375 0.0510514328125 0.8563041648437499 0.3197293984375 0.88609853984375 0.4313014703125 0.51515728359375 0.24094266484375 0.45069327109375
1 0.1904912171875 0.3181010359375 0.12842112578125 0.375907515625 0.38989429296875 0.35664000234375004 0.41655505390625003 0.3040556765625 0.1904912171875 0.3181010359375
1 0.11595496953125 0.25215935625 0.04985815859375 0.29491763203125 0.1126923625 0.30256671484375 0.19084274921875 0.2449652109375 0.11595496953125 0.25215935625
1 0.19263220781249998 0.24374889453124998 0.11305891796875 0.30209022578125 0.20610181640624997 0.29515604609375 0.27343339921875 0.23805616015625 0.19263220781249998 0.24374889453124998
1 0.20682381171875003 0.29460803593749996 0.30321591640625 0.28739283125 0.35121580859375 0.23212734296874998 0.2729935984375 0.23859744921875 0.20682381171875003 0.29460803593749996
1 0.3031451734375 0.28700549140625 0.40419172265625003 0.28044562968750003 0.43114392890625003 0.23624076328125 0.35046119062500003 0.23203090546875 0.3031451734375 0.28700549140625
1 0.43078038671875 0.23626501015625 0.404261125 0.28098284453125 0.50940964140625 0.26957570546875 0.52762347109375 0.21491785000000002 0.43078038671875 0.23626501015625
1 0.52790800234375 0.2144580828125 0.508683371875 0.26932294609374996 0.6213975609375 0.25837847421875 0.6212461484375 0.2035533578125 0.52790800234375 0.2144580828125
1 0.62160120703125 0.20518587265625002 0.62101828125 0.2578536234375 0.7416720390625 0.24569231171875 0.7197836609375 0.1900832328125 0.62160120703125 0.20518587265625002
1 0.7217353984375 0.1923932328125 0.741022840625 0.2446212578125 0.87084912265625 0.23179244843750002 0.8261644867187499 0.17952759609375 0.7217353984375 0.1923932328125
1 0.6863817226562501 0.09610607421875 0.6939224226562499 0.12746243125 0.7709086265625 0.11577959296875 0.7532671921875 0.08838773359374999 0.6863817226562501 0.09610607421875
0 0.7521375851562501 0.088718696875 0.77097271015625 0.117370753125 0.85402560859375 0.1075598390625 0.81826582109375 0.07964930078125 0.7521375851562501 0.088718696875
0 0.62231130703125 0.10796439921875 0.618802465625 0.13716152343750002 0.69410441640625 0.12742532890625 0.6862066687499999 0.09488849140625 0.62231130703125 0.10796439921875
0 0.6195795328125 0.13810583515625 0.6219319765625 0.10754117734374999 0.55898540078125 0.11696399609375 0.54827582109375 0.14863115234375 0.6195795328125 0.13810583515625
0 0.50066011875 0.126246334375 0.47953114374999994 0.15702960546875 0.5487131203125 0.1485420015625 0.55909148203125 0.11583870078125 0.50066011875 0.126246334375