1 1 0.52720245390625 0.929689815625 0.49722803125 0.61368750703125 0.61101396328125 0.6741300703124999 0.6822701953125 1 0.5560598289062499 1 0.52720245390625
1 0.2534178796875 0.8455089906250001 0.6713595781249999 0.67709076640625 0.6066258171875 0.5990840625 0.26222858515624997 0.7253313671875 0.2534178796875 0.8455089906250001
1 1 0.3627227671875 0.9325260898437501 0.3490231109375 0.84040406328125 0.383639553125 0.9824572617187499 0.41985973671875004 1 0.40042079062499997 1 0.3627227671875
1 0.74300411171875 0.4187610984375 0.8633051437500001 0.460455090625 0.98708210859375 0.4189301 0.8407964539062499 0.38415192421875 0.74300411171875 0.4187610984375
1 0.6492447609374999 0.45070508828125 0.73771061171875 0.50453750546875 0.8639563671875001 0.46023321796875 0.74450377890625 0.41889621796875 0.6492447609374999 0.45070508828125
1 0.5424544460937499 0.483859440625 0.60886095078125 0.5497289484375 0.73940749921875 0.5052514890625 0.64891964296875 0.45081585703125004 0.5424544460937499 0.483859440625
1 0.43978662890625 0.5227139335937501 0.47682419765625 0.5972973765625 0.6089893421875 0.549039146875 0.54376586171875 0.48664195078125 0.43978662890625 0.5227139335937501
1 0.3287042953125 0.55926876015625 0.33346184375 0.650016575 0.47819497968749997 0.59812246484375 0.438938184375 0.52235694140625 0.3287042953125 0.55926876015625
1 0.21034076171875 0.60217869609375 0.18065902734375 0.7059531375 0.33455760703125004 0.6457678757812501 0.32857560546875 0.5599576828124999 0.21034076171875 0.60217869609375
1 0.08851541484375 0.6423927078125 0.073082075 0.66961294296875 0.18221776171874998 0.70412995703125 0.21027193125000002 0.6009100296875001 0.08851541484375 0.6423927078125
1 0.2431502203125 0.49798469062499995 0.24975636796875 0.4608536671875 0.17929944375 0.4822742421875 0.16089526015625 0.51890443046875 0.2431502203125 0.49798469062499995
0 0.906023803125 0.287622309375 0.96982611796875 0.2651700546875 0.89024236953125 0.26079614453125 0.82755028828125 0.28000846328125 0.906023803125 0.287622309375
0 0.8389001015625001 0.3097767984375 0.9031669109375 0.28573398046875 0.828993059375 0.27951690859375 0.77020261875 0.29954692421875 0.8389001015625001 0.3097767984375
0 0.7728963 0.33226441953124997 0.8407695437499999 0.30699288281250003 0.7680384625000001 0.30028425625 0.70304049609375 0.32099786015625 0.7728963 0.33226441953124997
0 0.47927399375 0.4215671375 0.5521304609375 0.3967448 0.51799201875 0.3768875875 0.454873759375 0.3983921 0.47927399375 0.4215671375
0 0.479055525 0.42092590625000004 0.455092228125 0.39903333046875 0.39067292890625 0.4202654453125 0.40359746875 0.44520328124999997 0.479055525 0.42092590625000004
0 0.32255213671875 0.43669806796875 0.325189034375 0.47003391015625 0.405610046875 0.44586461015624995 0.38924006796875 0.41914484921875 0.32255213671875 0.43669806796875
0 0.32494545078125003 0.46991298437499995 0.32188227890625 0.439145828125 0.25011593125 0.45971746796875 0.243727953125 0.49797118359375 0.32494545078125003 0.46991298437499995