1 0.33910836328125 0.137759559375 0.03234621640625 0.14942204921875 0.23608159843749998 0.5282927617187501 0.42788352734375 0.5253794234375 0.33910836328125 0.137759559375
1 0 0.4664152953125 0.04835206484375 0.5258939554687501 0.23605006875 0.5277462125 0.03293933515625 0.14723742890625 0 0.4397404890625 0 0.4664152953125
1 0.6632170734375 0.12836627265625 0.3397739734375 0.13776273125 0.42555900078125 0.52618794140625 0.62112562421875 0.5306754140625001 0.6632170734375 0.12836627265625
1 0.66400498203125 0.1276865671875 0.6219360257812501 0.5321832640624999 0.8289799242187501 0.53111883671875 0.9904028234375 0.16752453750000001 0.66400498203125 0.1276865671875
1 0.8102561296875 0.76589587265625 0.8517059171874999 0.710218146875 0.54044636328125 0.69841035703125 0.54272908203125 0.75566253203125 0.8102561296875 0.76589587265625
1 0.590160796875 0.7854960234374999 0.58387262265625 0.8395187835937501 0.6781723078125 0.84300494765625 0.7032520882812501 0.7896792796875001 0.590160796875 0.7854960234374999
1 0.7039409875 0.790290084375 0.67816620546875 0.84239739765625 0.77190382734375 0.84944914453125 0.82214339453125 0.7932826609375 0.7039409875 0.790290084375
1 0.8213245148437499 0.7938862796875 0.77200644609375 0.8483105312499999 0.8752657859375 0.8541176070312501 0.94227134609375 0.7981060531249999 0.8213245148437499 0.7938862796875
1 0.54176181640625 0.75709985859375 0.5401451234375 0.6981811007812501 0.2518614328125 0.6955919414062499 0.290676984375 0.7516522546875 0.54176181640625 0.75709985859375
1 0.58390136875 0.8380769835937499 0.5905428749999999 0.78527002421875 0.48053209375000006 0.7817089726562501 0.49091822578125 0.83391363359375 0.58390136875 0.8380769835937499
1 0.49131554921875004 0.8352055835937501 0.48120320781250003 0.78049712890625 0.3718935296875 0.77876198359375 0.40027025624999996 0.8326462140625001 0.49131554921875004 0.8352055835937501
1 0.40111472890625005 0.83173895703125 0.37291850546875 0.77876686875 0.26602430859375004 0.77947146953125 0.31103058671875 0.8313855078125 0.40111472890625005 0.83173895703125
1 0 0.7131003859375 0.0458962546875 0.74904263515625 0.29182727421875 0.7514299171875 0.25061506015625 0.69475158515625 0 0.71231478125 0 0.7131003859375
0 0.2658239890625 0.7807865031250001 0.1602837125 0.780283440625 0.22538645390625 0.83525401015625 0.310402953125 0.8326225632812501 0.2658239890625 0.7807865031250001
0 0.45302436640625 0.9281109023437499 0.439285596875 0.89817592265625 0.37111689765625 0.8961441921875 0.39718886640625 0.92667139140625 0.45302436640625 0.9281109023437499
0 0.69242050078125 0.9407198859375001 0.71877022578125 0.912255859375 0.64697589921875 0.9076471085937501 0.6318791515625 0.9365907773437501 0.69242050078125 0.9407198859375001
0 0.64676761796875 0.90780633046875 0.57618183046875 0.90405627734375 0.5711429171875 0.9339545390625 0.63193636796875 0.9363243328124999 0.64676761796875 0.90780633046875
0 0.5757064328125 0.9044800164062501 0.507039871875 0.9007391117187501 0.5123863226562501 0.9313277367187499 0.5712022812499999 0.9339020343750001 0.5757064328125 0.9044800164062501
1 0.39637363125 0.9261340718750001 0.37111689765625 0.8961441921875 0.30608882890625 0.8962611656249999 0.3354630703125 0.92403043671875 0.39637363125 0.9261340718750001
1 0.43886689375000004 0.8982813546875 0.4530810515625 0.92779166796875 0.5123922109375 0.9319139859375 0.50727997109375 0.90074025625 0.43886689375000004 0.8982813546875