1 0.43143906249999997 0.48540833359375 0.23959427109375003 0.48158148125 0.039650000000000005 0.8594101851562501 0.34655104140625 0.8725324070312499 0.43143906249999997 0.48540833359375
1 0.23956822890625 0.482127778125 0.05187552109375 0.48308518515625 0.00151145859375 0.5455546296875 0.04026510390625 0.8615972218750001 0.23956822890625 0.482127778125
1 0.62464166640625 0.481034259375 0.42910624999999997 0.4845888890625 0.34721666640625004 0.8725324070312499 0.67077708359375 0.88346851875 0.62464166640625 0.481034259375
1 0.9975927085937499 0.8458768515624999 0.83250625 0.48158148125 0.62543697890625 0.47953055546875 0.6715718749999999 0.8841518515625 0.9975927085937499 0.8458768515624999
1 0.5439796875 0.255715740625 0.542271875 0.31294629609375 0.85343489609375 0.30262407421875 0.8114229164062501 0.246759259375 0.5439796875 0.255715740625
1 0.70417239609375 0.2224703703125 0.67855520859375 0.16903518515625 0.58428385390625 0.17207129609375 0.59111510390625 0.2261138890625 0.70417239609375 0.2224703703125
1 0.8230359375 0.219434259375 0.77222864609375 0.1630388890625 0.67855520859375 0.16964259296875 0.70485520859375 0.22186296328125002 0.8230359375 0.219434259375
1 0.9431239585937499 0.21518425937500002 0.8755510414062501 0.15886388906249999 0.77234270859375 0.164177778125 0.8222109375000001 0.21882685156249998 0.9431239585937499 0.21518425937500002
1 0.29195000000000004 0.25852407421875 0.25369479140625 0.3143888890625 0.54197291640625 0.31317407421875 0.54299791640625 0.25427407421875003 0.29195000000000004 0.25852407421875
1 0.49137916640625 0.17723240703125 0.48151666640624996 0.22937777812500001 0.59149947890625 0.22634166640625 0.58432708359375 0.17351296328125002 0.49137916640625 0.17723240703125
1 0.40073749999999997 0.17806759296875002 0.3729 0.23180648124999997 0.4822 0.23059259296875 0.49176354140624995 0.17594259296874998 0.40073749999999997 0.17806759296875002
1 0.31150416640625 0.178902778125 0.26701614609375 0.23059259296875 0.373925 0.23180648124999997 0.40159114609374996 0.17897870390624998 0.31150416640625 0.178902778125
1 0.047178125 0.25996666640625 0.00072604140625 0.2964 0.25245677109375003 0.3152231484375 0.29310260390625 0.25875185156249997 0.047178125 0.25996666640625
0 0.3108640625 0.17766296328125 0.22581510390625 0.1746268515625 0.16125989609375 0.22927685156250002 0.26680260390625 0.22927685156250002 0.3108640625 0.17766296328125
0 0.39671145859375 0.0840453703125 0.37094427109375 0.11444259296874999 0.43909739609375 0.1127361109375 0.45253645859375 0.082872221875 0.39671145859375 0.0840453703125
0 0.6313187499999999 0.07524629609375 0.64670729140625 0.10425648125 0.71846041640625 0.09999074062499999 0.6918229164062499 0.07140648125 0.6313187499999999 0.07524629609375
0 0.63137864609375 0.07551296328125 0.5706046875 0.07759259296875 0.57594427109375 0.107509259375 0.64649739609375 0.10409629609375 0.63137864609375 0.07551296328125
0 0.5706645835937499 0.07764537031249999 0.5118703124999999 0.07993888906249999 0.50683072890625 0.11049629609375 0.57546458359375 0.10708333359375 0.5706645835937499 0.07764537031249999
1 0.3350078125 0.08639166640625 0.30591041640625 0.114015740625 0.37094427109375 0.11444259296874999 0.3959015625 0.08457870390625 0.3350078125 0.08639166640625
1 0.5070708335937499 0.11049629609375 0.5118703124999999 0.079352778125 0.45259635390625 0.08319166640625 0.43867760390625 0.11262870390624999 0.5070708335937499 0.11049629609375