1 0.35719778203125 0.3217764828125 0.23287281171875002 0.67937430625 0.55044799921875 0.6902344140625 0.5531621609374999 0.31902359687500004 0.35719778203125 0.3217764828125
1 0.6136464945312501 0.1026951796875 0.618182240625 0.14858658359375002 0.9553160242187501 0.12789798125000001 0.91050070546875 0.08187236718749999 0.6136464945312501 0.1026951796875
1 0.6187936281249999 0.14847033203124999 0.61381261953125 0.1037762203125 0.3406280578125 0.11898485 0.3172748015625 0.16350056562499998 0.6187936281249999 0.14847033203124999
1 0.7628734578125 0 0.7982500421875 0.04709773359375 0.9261959882812499 0.03782678046875 0.88046331015625 0 0.7628734578125 0
1 0.72207012734375 0 0.6586881046874999 0.00491323984375 0.6751405328125 0.05660766953125 0.79886780390625 0.04543610078125 0.7638819171875 0 0.72207012734375 0
1 0.6762969609375 0.05561569843750001 0.65969041015625 0.004336146875 0.560261953125 0.01320466171875 0.558968484375 0.06441198515624999 0.6762969609375 0.05561569843750001
1 0.5593923875 0.0643313828125 0.5599159742187501 0.01095325234375 0.4656324359375 0.01922907109375 0.44609073046875 0.07236199843749999 0.5593923875 0.0643313828125
1 0.44742014921875006 0.0724957296875 0.4662103234375 0.01873267890625 0.37264096171875 0.02455644453125 0.33569933984375 0.07945367265625 0.44742014921875006 0.0724957296875
1 0.33818518750000004 0.0785954328125 0.37339235390625 0.0251856578125 0.28022788906249996 0.029387327343750002 0.2284502640625 0.08285951875 0.33818518750000004 0.0785954328125
1 0.2287383921875 0.08473447656250001 0.28127257031249997 0.028803114843749998 0.19542471640625 0.035474009375 0.12466833125000001 0.08753585390625 0.2287383921875 0.08473447656250001
1 0.12551665234375 0.08737455234375 0.19692057734375 0.034417496874999995 0.10682742578125 0.0395802859375 0.0188229640625 0.09723704921875001 0.12551665234375 0.08737455234375
1 0.31699367421875 0.16287856328125 0.34241573203125003 0.118633678125 0.08838427109375 0.12752491796875 0.03316339296875 0.17827453203125002 0.31699367421875 0.16287856328125
0 0.55319479765625 0.31923597734375 0.55114541953125 0.69477277890625 0.89881213203125 0.701691775 0.76130709296875 0.3103888125 0.55319479765625 0.31923597734375