1 0.36448229140625 0.5382138890625 0.14978125 0.5774388890625 0.06407083359375 0.99231944453125 0.42388541640625005 0.9319731484375 0.36448229140625 0.5382138890625
1 0.7302375 0.84296203671875 0.5569067710937501 0.500497221875 0.36617968749999996 0.5382138890625 0.42558281249999996 0.93649907421875 0.7302375 0.84296203671875
1 0.27304895859375 0.3155018515625 0.27432239609375003 0.37492407421874996 0.56808020859375 0.33700740703125 0.53210885390625 0.29116759296875 0.27304895859375 0.3155018515625
0 0.5548265625 0.5004611109375 0.73046614609375 0.84311759296875 0.9882989585937499 0.75989444453125 0.72974583359375 0.39883240703125 0.5548265625 0.5004611109375
1 0.53150625 0.28975925937499997 0.5670265624999999 0.33615833359375 0.82657916640625 0.30266203671874997 0.7554421875 0.25822777812500003 0.53150625 0.28975925937499997
1 0.74201458359375 0.18632592578125 0.82886510390625 0.22733240703125 0.88904114609375 0.20719907421875 0.8166520835937501 0.17838148125 0.74201458359375 0.18632592578125
1 0.65988333359375 0.19609629609375 0.73604739609375 0.2387796296875 0.82842083359375 0.22693703671874998 0.74004427109375 0.18548796328125 0.65988333359375 0.19609629609375
1 0.6604109375 0.196540740625 0.58263697890625 0.20586666640625 0.63953802109375 0.2506231484375 0.7352421875 0.23838518515625 0.6604109375 0.196540740625
1 0.58335885390625 0.2056203703125 0.5050854164062499 0.22595 0.5393921875000001 0.26404444453125003 0.63953802109375 0.250227778125 0.58335885390625 0.2056203703125
1 0.406771875 0.224322221875 0.43438958359375 0.27445648125 0.5394203125 0.26458703671875 0.5054458335937501 0.22590092578125 0.406771875 0.224322221875
1 0.31303802109375 0.23192129609375 0.32269739609375 0.28590462968749997 0.43505572890625005 0.27406203671874996 0.4064109375 0.2239268515625 0.31303802109375 0.23192129609375
1 0.21411354140625 0.238434259375 0.20262239609375002 0.29755 0.322975 0.28531203671875 0.31298229140625 0.23359907421875 0.21411354140625 0.238434259375
1 0.108028125 0.2493888890625 0.07361041640625 0.30978703671874996 0.20306666640625 0.296365740625 0.21261510390625 0.24109907421875 0.108028125 0.2493888890625
1 0.16312500000000002 0.14507407421875002 0.15074583359375 0.17556944453125 0.22824166640625002 0.17162129609375001 0.23001822890625 0.13925092578125 0.16312500000000002 0.14507407421875002
0 0.09789739609375 0.14951481484375 0.06786458359375 0.18415555546875 0.15096770859375 0.17714814843749999 0.164290625 0.1451731484375 0.09789739609375 0.14951481484375
0 0.229971875 0.13801759296875 0.22805677109375 0.17162129609375001 0.30355468750000003 0.1660953703125 0.29489479140624997 0.13806666640625 0.229971875 0.13801759296875
0 0.37468541640624997 0.16323333359375 0.35853072890625 0.13421851875 0.295190625 0.13757407421875 0.30296249999999997 0.16718055546875 0.37468541640624997 0.16323333359375
0 0.35822552109375 0.13313240703125 0.37424114609375 0.16323333359375 0.44352135390624997 0.15770648125 0.41731927109375 0.1316518515625 0.35822552109375 0.13313240703125