1 1 0.5255508328125 0.7850421140625 0.51634019453125 0.8275494804687501 0.9223140929687499 0.9452785468749999 0.9404465546875 1 0.68274968203125 1 0.5255508328125
1 0.49951398203124997 0.8504258140625 0.82799703828125 0.9239658265624999 0.7856820703125 0.5142532390625 0.57909882890625 0.5035962242187499 0.49951398203124997 0.8504258140625
1 0.5531081953125 0.28839616015625 0.5264143046875 0.34446183203124997 0.8399032453125 0.33326214296875 0.824234978125 0.2719244765625 0.5531081953125 0.28839616015625
1 0.33410694375 0.3031329046875 0.28286028281250003 0.35465976796875 0.5277917585937499 0.34515340078125 0.55159291875 0.29224556015625003 0.33410694375 0.3031329046875
1 0.04065297890625 0.57681880859375 0.07910748125 0.7169813281249999 0.17628861796875 0.5979044359375 0.12561336015625 0.49103096796875 0.04065297890625 0.57681880859375
1 0.7584340703125 0.190365371875 0.7619791453125 0.24565203046875 0.8937398226562501 0.23578886953125 0.8678567226562499 0.1788368859375 0.7584340703125 0.190365371875
1 0.76276780390625 0.24727281015624997 0.75899199921875 0.19019712578125 0.65838808984375 0.204377115625 0.643620671875 0.25656105937499996 0.76276780390625 0.24727281015624997
1 0.6436491890625 0.256899215625 0.6580236015625001 0.20490891796875 0.5598785203125 0.22347384140624998 0.53608553359375 0.2669663390625 0.6436491890625 0.256899215625
1 0.5366036875 0.26726390859375 0.560317953125 0.2244183953125 0.47961335234374997 0.21998408984375 0.4370117984375 0.273897425 0.5366036875 0.26726390859375
1 0.43676380156250005 0.27394708984375 0.47979770234375 0.22080731718750002 0.40416531874999995 0.22585617265625002 0.3468072875 0.2786519421875 0.43676380156250005 0.27394708984375
1 0.3461790890625 0.2791225734375 0.404983846875 0.22603707499999998 0.32221705156249997 0.236644928125 0.25826351718749996 0.28479512109375 0.3461790890625 0.2791225734375
0 0.35170588671875 0.15133492734375 0.29348044921875 0.18686299765625 0.35323453437499996 0.1794863859375 0.4030245984375 0.14541869375 0.35170588671875 0.15133492734375
0 0.623221825 0.11021369609375001 0.6041436953125 0.142032190625 0.67498056328125 0.133353709375 0.68478587578125 0.10201484765624999 0.623221825 0.11021369609375001
0 0.6873328203125 0.0978333640625 0.6761887234375 0.131735334375 0.7512412335937501 0.12267141796875 0.7519711195312501 0.0916012046875 0.6873328203125 0.0978333640625
0 0.75222556328125 0.09183760156250001 0.7526622515625 0.12158416484375001 0.83241792734375 0.11111956484375 0.8214042703125 0.0783274453125 0.75222556328125 0.09183760156250001
1 0.8215187437499999 0.07933707734374999 0.8326588820312499 0.1110713109375 0.9174714843749999 0.10051160546875 0.8933099515625 0.07230366640625 0.8215187437499999 0.07933707734374999
0 0.37909952890625 0.45848592734375 0.24744783125 0.80147170546875 0.5004268414062499 0.85559735859375 0.58038903515625 0.50718933828125 0.37909952890625 0.45848592734375