1 0.52944375 0.6621888890625 0.56360104140625 0.74893796328125 0.9499078125 0.733034259375 0.8645140625 0.65640555546875 0.52944375 0.6621888890625
1 0.113721875 0.767734259375 0.56265104140625 0.7431546296875 0.52661302109375 0.64864907421875 0.16071458359375 0.65706481484375 0.113721875 0.767734259375
1 0.99947916640625 0.566759259375 0.9148828124999999 0.5173425929687501 0.81673697890625 0.52039351875 0.93924739609375 0.60031296328125 0.99947916640625 0.566759259375
1 0.7134437499999999 0.5222231484375001 0.8136484375 0.60031296328125 0.94391458359375 0.6009231484375 0.81694270859375 0.52100370390625 0.7134437499999999 0.5222231484375001
1 0.61461145859375 0.5222231484375001 0.68084270859375 0.60153333359375 0.81433489609375 0.60031296328125 0.71481666640625 0.5228333335937501 0.61461145859375 0.5222231484375001
1 0.50308229140625 0.5191731484375001 0.54460572890625 0.6027537039062499 0.682215625 0.6027537039062499 0.61426875 0.5222231484375001 0.50308229140625 0.5191731484375001
1 0.39361250000000003 0.5228333335937501 0.40459375 0.6051935187499999 0.54494895859375 0.6021435187499999 0.50342552109375 0.5222231484375001 0.39361250000000003 0.5228333335937501
1 0.27693541640624997 0.5216138890625001 0.25222760390625 0.60885370390625 0.40562291640625 0.6064138890625 0.39292604140625 0.5222231484375001 0.27693541640624997 0.5216138890625001
1 0.15133645859375 0.52405370390625 0.08990989609375 0.61251481484375 0.2546296875 0.6051935187499999 0.27659218750000003 0.5222231484375001 0.15133645859375 0.52405370390625
1 0.02333541640625 0.5228333335937501 0 0.54357592578125 0.09196875 0.61129444453125 0.1516796875 0.5228333335937501 0.02333541640625 0.5228333335937501
1 0.21585208359375 0.436202778125 0.23403958359375002 0.40325925937499996 0.16060208359375 0.40081851874999996 0.1314328125 0.42949259296875003 0.21585208359375 0.436202778125
0 0.90960989609375 0.4508231484375 0.97709427109375 0.45014814843749995 0.90333697890625 0.42040833359374996 0.83794375 0.41838055546874997 0.90960989609375 0.4508231484375
0 0.839084375 0.45014814843749995 0.9075192710937501 0.44812037031249996 0.83946458359375 0.41838055546874997 0.77749322890625 0.41838055546874997 0.839084375 0.45014814843749995
0 0.7695093749999999 0.45014814843749995 0.84174583359375 0.44812037031249996 0.77521197890625 0.41838055546874997 0.7071578125 0.41702870390625 0.7695093749999999 0.45014814843749995
0 0.46345468749999996 0.440009259375 0.540253125 0.440009259375 0.5144 0.41026944453125 0.44786666640624995 0.41026944453125 0.46345468749999996 0.440009259375
0 0.46345468749999996 0.43933333359375004 0.44786666640624995 0.4109453703125 0.3801921875 0.41026944453125 0.38437447890625 0.43798148125 0.46345468749999996 0.43933333359375004
0 0.31056614609375 0.40386944453125 0.3023296875 0.436202778125 0.38606250000000003 0.43925370390624996 0.37919947890625 0.40875000000000006 0.31056614609375 0.40386944453125
0 0.30213854140624996 0.43601018515625 0.30914583359375 0.405965740625 0.23474479140625001 0.4023018515625 0.21640208359375 0.43637592578125 0.30213854140624996 0.43601018515625