1 0.4780419 0.40995575312500004 0.42550553671875 0.7887455937500001 0.73253200859375 0.80483134609375 0.6650332671875 0.40213692734375 0.4780419 0.40995575312500004
1 0.6749447749999999 0.3996822 0.74951174296875 0.8038751515625 0.9943673835937499 0.80484765546875 0.995783803125 0.613631034375 0.8822429890624999 0.393019146875 0.6749447749999999 0.3996822
1 0.134364034375 0.77705628203125 0.41193889765625 0.787183734375 0.4692640078125 0.41188784140625 0.29366720625 0.4147946109375 0.134364034375 0.77705628203125
1 0.00104194609375 0.5833484765625 0.01592403515625 0.76990843828125 0.11968634687499999 0.77937595859375 0.284801865625 0.41354713671875 0.11570380312499999 0.41733767109375003 0.00104194609375 0.5833484765625
1 0.9020077851562499 0.211773090625 0.86197388203125 0.16295504140625 0.5786916140625 0.1846629078125 0.58072103984375 0.2358479546875 0.9020077851562499 0.211773090625
1 0.31845384609375 0.2017789640625 0.29028948984374997 0.2503259578125 0.5739977390625 0.2346765171875 0.5723396632812501 0.18535148359375 0.31845384609375 0.2017789640625
1 0.300164590625 0.16013066015625 0.39826977109375 0.155910534375 0.42282586328124994 0.10040784218750001 0.3395166890625 0.10521521171874999 0.300164590625 0.16013066015625
1 0.42789998046875005 0.10149040625000001 0.403682078125 0.1563671578125 0.507018978125 0.148458978125 0.51480302109375 0.09114113515625 0.42789998046875005 0.10149040625000001
1 0.51971907890625 0.09201214296875 0.5129029609375 0.1469784421875 0.61957576484375 0.13923524765625 0.60935546328125 0.08254879296874999 0.51971907890625 0.09201214296875
1 0.6155055484374999 0.0833918046875 0.6250139195312501 0.13684193515625 0.73759333203125 0.128058584375 0.70782693125 0.07364013124999999 0.6155055484374999 0.0833918046875
1 0.7442143031249999 0.12642555390625002 0.86333459296875 0.11826398906249999 0.8091964445312501 0.06501749921875 0.71283909765625 0.07250279296875 0.7442143031249999 0.12642555390625002
1 0.91824515703125 0.054339071875 0.8172062062500001 0.06116255625 0.8687881453124999 0.11733066406249999 0.96314225 0.11150276249999999 0.9611448828125001 0.086464015625 0.91824515703125 0.054339071875
0 0.19924320546875002 0.16351024140624998 0.29236494453125 0.15899158515625 0.33415213984375003 0.10409682421875 0.24987442734375 0.11131337265625 0.19924320546875002 0.16351024140624998
1 0.07854321640625 0.21216780078125003 0.0236993046875 0.26250171718750004 0.28331170546875 0.25009834921874996 0.31234504687500003 0.2012445171875 0.07854321640625 0.21216780078125003