1 0.98821425546875 0.167884721875 0.9163359062499999 0.123526875 0.8416072078125 0.1397590390625 0.9212499210937499 0.18954806640625 0.98821425546875 0.167884721875
1 0.8397799593749999 0.13867890078125 0.7535392390625 0.14703964140625 0.8117001687500001 0.197587153125 0.9148703992187499 0.19081057890625 0.8397799593749999 0.13867890078125
1 0.75428686796875 0.14506172421875002 0.65914907421875 0.15992575234375 0.69879466015625 0.20906304453125002 0.8115006625 0.20095381953125 0.75428686796875 0.14506172421875002
1 0.65968917109375 0.156130775 0.56676919609375 0.16814365703125 0.59093915078125 0.22042671249999998 0.6980304054687501 0.21132151562499998 0.65968917109375 0.156130775
1 0.5700832585937501 0.16807001093750001 0.47836418046875 0.18243732578125 0.48096599453125 0.22497241875 0.5891867453125 0.2180836109375 0.5700832585937501 0.16807001093750001
1 0.38402755546875 0.1789715859375 0.37115526015625 0.23280739609375 0.4810325515625 0.22384927109375 0.47531988125 0.17129660859375 0.38402755546875 0.1789715859375
1 0.3837822265625 0.17706381875 0.29005360546875003 0.18313123828125 0.25806791875 0.24105825234374997 0.36932214218750004 0.2334852546875 0.3837822265625 0.17706381875
1 0.19559755625 0.18786012734375 0.14481039296875 0.24612450234375 0.25878562734375 0.24104230312500002 0.28923380546875 0.18107811406250002 0.19559755625 0.18786012734375
0 0.10802262265625 0.190682859375 0.03233225703125 0.25165243046875 0.14534393359375 0.24467842578125 0.1936700921875 0.18559211796875 0.10802262265625 0.190682859375
1 0.222184609375 0.09698280078125 0.1899684859375 0.12702393515625 0.259457621875 0.12229226796874999 0.280398671875 0.09568915546875 0.222184609375 0.09698280078125
0 0.280547496875 0.0939326046875 0.26168797421875 0.120967534375 0.33217852890625 0.11748878437500002 0.3446148203125 0.08916237265625 0.280547496875 0.0939326046875
1 0.34504287421875 0.08724056718749999 0.33304803359375 0.11492004609374999 0.4016676640625 0.11275711796875001 0.4066395171875 0.08332141171875 0.34504287421875 0.08724056718749999
0 0.40647177343749996 0.08236899296875 0.40247098515625 0.1143334609375 0.4715251359375 0.11088570625000001 0.4665568140625 0.07975859921875 0.40647177343749996 0.08236899296875
0 0.46756770703125 0.0783851390625 0.472019765625 0.1141953359375 0.5406090531250001 0.10637387734374999 0.52571778671875 0.07715302109375 0.46756770703125 0.0783851390625
0 0.61026067734375 0.10131402734374999 0.58669920234375 0.07240697890625 0.52899215390625 0.07938185156250001 0.54181509375 0.10671048593750002 0.61026067734375 0.10131402734374999
0 0.83896201484375 0.058141261718750004 0.8926336593749999 0.0818980671875 0.9512133687500001 0.0728454046875 0.89697241171875 0.045468078125 0.83896201484375 0.058141261718750004
1 0.16178327734375 0.2823675578125 0.12214839140625 0.34033694453124996 0.43065051796875 0.3168736109375 0.43274555390625 0.26181441015625 0.16178327734375 0.2823675578125
1 0.43634546093750004 0.267573009375 0.43132705859375 0.3251624421875 0.72764468203125 0.29055252265625 0.69136912890625 0.24257390078125002 0.43634546093750004 0.267573009375
1 0.9828500203124999 0.24401111171875 0.9548505953124999 0.22387365703125 0.6985039429687501 0.24410201328125 0.73062516796875 0.2932114 0.9828500203124999 0.24401111171875
1 0 0.794736678125 0.20168449765625002 0.9002381140625 0.31238837421875 0.4886027546875 0.10717114921875 0.5051538078125 0 0.691440696875 0 0.794736678125
1 0.5346539984375 0.8583657289062501 0.50097718125 0.471671284375 0.30887303203125 0.48568297421875 0.21008285390624998 0.8865618632812501 0.5346539984375 0.8583657289062501
1 0.50779205625 0.4722697796875 0.5386080007812499 0.86277471015625 0.855404565625 0.8092719796875001 0.6928492937499999 0.43668223359375 0.50779205625 0.4722697796875