1 0.49798082343749994 0.7703542742187499 0.4600717875 0.8549180148437501 0.9166380125 0.8842225242187499 0.8785531640625001 0.78947635625 0.49798082343749994 0.7703542742187499
1 0.1902797421875 0.7603674218750001 0.1046760640625 0.83415285546875 0.46466393046875 0.85271532734375 0.49957389609374997 0.7704623734375 0.1902797421875 0.7603674218750001
1 0.9014025468750001 0.7223232921875 0.8541648171875 0.63030750625 0.727629409375 0.628423325 0.73522980625 0.71523705234375 0.9014025468750001 0.7223232921875
1 0.61127572265625 0.62890715703125 0.5867361375 0.7110257046874999 0.7362298421875 0.71446681328125 0.7286288562500001 0.6276539750000001 0.61127572265625 0.62890715703125
1 0.5034810046875 0.62829464140625 0.44989244921875005 0.70844297578125 0.58761027421875 0.71192311796875 0.6122752390625 0.6281368828125 0.5034810046875 0.62829464140625
1 0.40305752734375 0.62985943125 0.32388833515625 0.7057576765625 0.45229798515624997 0.70776810703125 0.5038869874999999 0.62916028671875 0.40305752734375 0.62985943125
1 0.3041793140625 0.63199458359375 0.20660956953124998 0.70282634765625 0.32735133203125 0.70347929921875 0.40135091406249995 0.63058079609375 0.3041793140625 0.63199458359375
1 0.5162037453125 0.519759325 0.48873012734375 0.54741895703125 0.56314336015625 0.5475475320312501 0.58149532265625 0.5174793906249999 0.5162037453125 0.519759325
1 0.28263973984375 0.55487753515625 0.34928105390624997 0.55353193125 0.38680904609375 0.5291561796875001 0.33385889765625 0.529015009375 0.28263973984375 0.55487753515625
0 0.903562634375 0.54222972578125 0.8703447750000001 0.50888712421875 0.7917872078125 0.51046479375 0.80955177421875 0.54275972734375 0.903562634375 0.54222972578125
0 0.7176592046875 0.51510726953125 0.7213781609375001 0.543552021875 0.8092686148437499 0.54135793125 0.792998128125 0.5098556710937501 0.7176592046875 0.51510726953125
0 0.6476343671875 0.5131868046875 0.6390194015625 0.544960028125 0.7220079078125 0.54388650859375 0.718308853125 0.51681639609375 0.6476343671875 0.5131868046875
0 0.5812297859375 0.5159682203125 0.56238811875 0.546464921875 0.63990004375 0.5441454515624999 0.6475472124999999 0.51434605078125 0.5812297859375 0.5159682203125
0 0.41660301796875 0.5502738554687501 0.48885465078125 0.548180021875 0.5147266171875 0.5222421421875 0.45331020078125006 0.52623636875 0.41660301796875 0.5502738554687501
0 0.09785203984375 0.7002799703125 0.20986303828125 0.7019525703125 0.30377099453125 0.63322309296875 0.18825620234375 0.64800035078125 0.09785203984375 0.7002799703125
0 0.1890988671875 0.64752419609375 0.10818505546874999 0.6386181468750001 0.020284579687500002 0.6846045562499999 0.020614724218749998 0.6957469296875 0.10000004843750002 0.7006756671875001 0.1890988671875 0.64752419609375