1 0.7154168734375 0.6070833 0.5523519640625 0.9837227593750001 0.5706009390625 0.9956087171875 0.6949933726562499 0.9946872921875001 0.9344346968749999 0.71640116875 0.7154168734375 0.6070833
1 0.29140083203125 0.78793280546875 0.5519368484375 0.9853657539062499 0.717031415625 0.605492921875 0.53551403828125 0.51284669609375 0.29140083203125 0.78793280546875
1 0.6188249296875 0.31180342968749997 0.56685855390625 0.35070157265625 0.85589595625 0.46705221328124996 0.8721722507812499 0.406422496875 0.6188249296875 0.31180342968749997
1 0.41347426484375005 0.23664335234374997 0.34155838203125 0.26163256953124997 0.5677608859375 0.35186882421875 0.61554408125 0.31460201015625 0.41347426484375005 0.23664335234374997
1 0 0.49026292578125 0.12445565234375 0.434117134375 0.13167764921875 0.31906199687500003 0.0122702171875 0.36081230078125 0 0.410044721875 0 0.49026292578125
1 0.8531519304687499 0.30769259921875 0.8289163890625 0.358080684375 0.9529590828125001 0.40241743515625006 0.95782160390625 0.34155716171875 0.8531519304687499 0.30769259921875
1 0.8288250843749999 0.35983365703125003 0.8537399562499999 0.30776833125 0.75572874375 0.2798039203125 0.7164737890625 0.32006833125 0.8288250843749999 0.35983365703125003
1 0.716331734375 0.32037927890625 0.7551351898437499 0.28012805703125 0.65717098125 0.25703718984375 0.614068434375 0.2859693546875 0.716331734375 0.32037927890625
1 0.61438928828125 0.28644157890625 0.65709952265625 0.25805065546875 0.58632175703125 0.22161714140625 0.52103886640625 0.25220186718750004 0.61438928828125 0.28644157890625
1 0.52078996015625 0.252145959375 0.5860798539062501 0.22242041875 0.51518182109375 0.19642791796875 0.437109796875 0.2200792703125 0.52078996015625 0.252145959375
1 0.43630813984375 0.2202430171875 0.5158322015625 0.19691781015625 0.43572355781249994 0.1729745515625 0.353993228125 0.1898553515625 0.43630813984375 0.2202430171875
0 0.5047325851562501 0.10930428359375 0.43444692500000004 0.11731450937500001 0.49214206640624997 0.13485007499999999 0.55407502421875 0.124735471875 0.5047325851562501 0.10930428359375
0 0.7706664828124999 0.182251209375 0.73762176875 0.20274430781250002 0.80598490859375 0.22359096093750003 0.8304064328124999 0.19978765468749998 0.7706664828124999 0.182251209375
0 0.83478501640625 0.19711053203125 0.8078806828125 0.22264440546875003 0.88024720859375 0.24484772812500002 0.8963287601562501 0.2176268796875 0.83478501640625 0.19711053203125
0 0.89644151171875 0.2179387125 0.8820718445312499 0.2444572546875 0.9593865203125 0.26731453984375003 0.9657034023437501 0.23383869765625 0.89644151171875 0.2179387125
1 0.9596283585937501 0.267368859375 0.99366483203125 0.277675140625 0.9944036328125 0.24442913046874998 0.9653057914062501 0.2347789046875 0.9596283585937501 0.267368859375
0 0.37705102734375 0.392341609375 0.08776320859375 0.6430519929687499 0.28965943359375 0.7928802539062499 0.5348973109374999 0.516548325 0.37705102734375 0.392341609375