1 0.50487083359375 0.78900740703125 0.4734046875 0.8758407406250001 0.93093489609375 0.8741703703124999 0.88584895859375 0.78232870390625 0.50487083359375 0.78900740703125
1 0.19725208359375 0.79986203671875 0.11741197890624999 0.8791796296875001 0.47781927109375 0.87333518515625 0.50646770859375 0.78900740703125 0.19725208359375 0.79986203671875
1 0.9036015624999999 0.7138638890625 0.8495921875000001 0.62536203671875 0.72325729140625 0.632040740625 0.7373463539062499 0.7180388890625 0.9036015624999999 0.7138638890625
1 0.6072541664062501 0.640390740625 0.58893802109375 0.72388333359375 0.7382859374999999 0.71720370390625 0.7241963539062499 0.63120648125 0.6072541664062501 0.640390740625
1 0.49970468749999997 0.6470694445312499 0.45227031249999994 0.73056296328125 0.58987708359375 0.72471851875 0.60819322890625 0.63955555546875 0.49970468749999997 0.6470694445312499
1 0.39966979140625003 0.65541944453125 0.32640520859375 0.7364074070312501 0.45461875 0.729727778125 0.50017447890625 0.6479046296875001 0.39966979140625003 0.65541944453125
1 0.30121875 0.66423333359375 0.2092234375 0.74141666640625 0.32968802109375 0.733902778125 0.398021875 0.6562537039062499 0.30121875 0.66423333359375
1 0.5042552085937501 0.53805092578125 0.4789296875 0.567472221875 0.5531515625 0.56256851875 0.56919947890625 0.5313638890625 0.5042552085937501 0.53805092578125
1 0.27395520859375 0.588840740625 0.340315625 0.58299351875 0.37591458359374996 0.55616481484375 0.323096875 0.5596046296875 0.27395520859375 0.588840740625
0 0.89225260390625 0.53425 0.85662447890625 0.50326944453125 0.77839739609375 0.51015370390625 0.7985354164062499 0.54113518515625 0.89225260390625 0.53425
0 0.7048177085937499 0.51979259296875 0.710659375 0.5478870367187499 0.7981479164062499 0.5397574070312501 0.779559375 0.50946481484375 0.7048177085937499 0.51979259296875
0 0.63483802109375 0.5226138890625001 0.62862864609375 0.5548592593749999 0.7113125 0.548177778125 0.70559375 0.5214518515625 0.63483802109375 0.5226138890625001
0 0.56882135390625 0.52987592578125 0.5523171875 0.561540740625 0.62944583359375 0.55398796328125 0.63483802109375 0.523775 0.56882135390625 0.52987592578125
0 0.40721145859375 0.57519444453125 0.47911093749999994 0.5682222218749999 0.50296822890625 0.540625 0.4420171875 0.54875833359375 0.40721145859375 0.57519444453125
0 0.10056875000000001 0.74623333359375 0.21240260390625001 0.74032592578125 0.30090364609375003 0.66548518515625 0.18680885390625 0.6880222218750001 0.10056875000000001 0.74623333359375
0 0.00382864609375 0.74705 0.102740625 0.74648240703125 0.18761354140625 0.687490740625 0.10625052109375 0.6840870367187499 0.00382864609375 0.74705