1 0.99947916640625 0.19009537031249998 0.92487395859375 0.14407962968750002 0.85100989609375 0.1586703703125 0.93371197890625 0.21029722187500002 0.99947916640625 0.19009537031249998
1 0.84911614609375 0.1575481484375 0.7632578125 0.16400092578125 0.82449479140625 0.215909259375 0.92739895859375 0.21141944453125 0.84911614609375 0.1575481484375
1 0.7638890625 0.16203703671875 0.6695078125 0.17480370390625 0.7121213539062501 0.22488796328125 0.82449479140625 0.21927592578125 0.7638890625 0.16203703671875
1 0.6698234375000001 0.171015740625 0.57749375 0.1809768515625 0.60479791640625 0.23386666640625 0.71149010390625 0.22713240703125 0.6698234375000001 0.171015740625
1 0.5808078125 0.1809768515625 0.4898203125 0.193322221875 0.49494947890625 0.23597129609374998 0.60290416640625 0.23148148124999998 0.5808078125 0.1809768515625
1 0.39515364609375003 0.187752778125 0.38545885390625 0.2413731484375 0.49494947890625 0.23484814843750002 0.4861109375 0.18209907421875 0.39515364609375003 0.187752778125
1 0.39479479140625 0.18583703671875001 0.30130260390624997 0.1898268515625 0.27271197890625 0.24711851875000002 0.38366354140625003 0.2420111109375 0.39479479140625 0.18583703671875001
1 0.20700260390624997 0.19246018515625002 0.15960572890625 0.24967129609375 0.2734296875 0.24711851875000002 0.30035989609375 0.187752778125 0.20700260390624997 0.19246018515625002
0 0.1194796875 0.19333796328125 0.04730729140625 0.25270370390624997 0.16005416640625 0.24823518515625 0.20493802109375 0.19014629609375 0.1194796875 0.19333796328125
1 0.22823229140625 0.10205462968750001 0.19775625 0.13141851875 0.26705625 0.1282268515625 0.28644635390625 0.10205462968750001 0.22823229140625 0.10205462968750001
0 0.28649114609375 0.10029907421874999 0.26921093749999997 0.12695 0.33958802109374997 0.12503518515625 0.35035989609375 0.0969481484375 0.28649114609375 0.10029907421874999
1 0.35067447890625003 0.09503333359375 0.34030625 0.12248240703124999 0.40888802109375 0.12184351874999999 0.41211979140625 0.0924796296875 0.35067447890625003 0.09503333359375
0 0.4118953125 0.091522221875 0.4097859375 0.12343981484375 0.4787265625 0.12152407421875 0.47190468750000003 0.09024537031249999 0.4118953125 0.091522221875
0 0.47283541640625 0.08889259296874999 0.47941822890625 0.12484907421875 0.54763385390625 0.11854351875 0.5309890625 0.08895277812499999 0.47283541640625 0.08889259296874999
0 0.61707708359375 0.1150268515625 0.59176927109375 0.08555740703125 0.5344 0.09125740703125 0.54886145859375 0.11890740703125 0.61707708359375 0.1150268515625
0 0.84351822890625 0.0768861109375 0.8986703125 0.10186851875 0.95679010390625 0.09410740703125 0.900853125 0.06548703671875 0.84351822890625 0.0768861109375
1 0.1787515625 0.28633981484375004 0.14250416640625002 0.34350370390624996 0.45002083359375 0.32687407421875003 0.44885156249999997 0.2717888890625 0.1787515625 0.28633981484375004
1 0.45279791640625 0.27763518515625 0.45119010390625 0.3351888890625 0.74584479140625 0.30712685156249997 0.70667447890625 0.25827777812499997 0.45279791640625 0.27763518515625
1 0.998625 0.266202778125 0.96939375 0.245415740625 0.713909375 0.25996666640625 0.74898697890625 0.30985555546875 0.998625 0.266202778125
1 0.34179270859375 0.49619814843750004 0.13728697890625 0.5082046296875 0 0.77084166640625 0.25536822890625 0.9059129632812499 0.34179270859375 0.49619814843750004
1 0.5862921875 0.8713944445312499 0.5296255210937499 0.48344074062500003 0.33809947890625003 0.49319629609375 0.26296614609375 0.89240555546875 0.5862921875 0.8713944445312499
1 0.5364848960937499 0.48419166640625005 0.59051302109375 0.875897221875 0.9045526039062499 0.8293731484375 0.7196744789062499 0.452675 0.5364848960937499 0.48419166640625005