1 0.62842957578125 0.59056814296875 0.743756334375 0.22205796015625 0.42513533984374996 0.25012577812500003 0.43206566640625 0.617229009375 0.62842957578125 0.59056814296875
1 0.37706019296875 0.8383597859374999 0.371320425 0.7935713117187501 0.033914040625 0.8552000265625 0.08003370546875001 0.8952001656249999 0.37706019296875 0.8383597859374999
1 0.3707105890625 0.793760865625 0.37686556250000003 0.8373119687499999 0.6503114625 0.78891034765625 0.67256350703125 0.74207391953125 0.3707105890625 0.793760865625
1 0.2321402234375 0.9603543226562501 0.19345831796875 0.9158453156249999 0.06544581953125 0.94063651484375 0.12839843281250002 0.98337109140625 0.2321402234375 0.9603543226562501
1 0.19288227109375 0.9175625500000001 0.231573853125 0.9609153796875001 0.33445250937500004 0.94047510703125 0.31661653984375 0.8914088585937501 0.19288227109375 0.9175625500000001
1 0.31548312031250003 0.8925302484375001 0.33346279765625 0.94116775 0.43289971328125 0.9202581484374999 0.432864965625 0.8695051734374999 0.31548312031250003 0.8925302484375001
1 0.43244213828125 0.86963659921875 0.43330505781250006 0.9224403664062499 0.52760009453125 0.9027449273437499 0.54580738984375 0.84785999375 0.43244213828125 0.86963659921875
1 0.5444712984375 0.8478902749999999 0.5270337242187499 0.90330598359375 0.6206766179687501 0.8861205249999999 0.65627978984375 0.82736664609375 0.5444712984375 0.8478902749999999
1 0.653810278125 0.8285183187499999 0.61990706015625 0.8855906328125001 0.71318625703125 0.8700573390624999 0.76369814765625 0.81089894765625 0.653810278125 0.8285183187499999
1 0.76336057890625 0.80908161171875 0.7121542523437501 0.87076219296875 0.7980350515625 0.85368307109375 0.8676079953125001 0.7935995296875 0.76336057890625 0.80908161171875
1 0.79656306328125 0.85490969765625 0.8867385742187499 0.83880199765625 0.94254053359375 0.7952253351562499 0.9437268632812501 0.77743038671875 0.866761828125 0.79386254296875 0.79656306328125 0.85490969765625
1 0.6485286203125 0.78947571953125 0.9029396179687501 0.7496558695312501 0.9487971906249999 0.70137546875 0.9492810484374999 0.6941176101562501 0.67286148125 0.7426541390625 0.6485286203125 0.78947571953125
0 0.43202742968749996 0.61702315703125 0.42431825156249997 0.2457268890625 0.07563585390625 0.28136495859375 0.2236448421875 0.65118953046875 0.43202742968749996 0.61702315703125