1 0.84425520859375 0.4892796296875 0.63485625 0.4892796296875 0.6804171875 0.8939888890625 0.9987104164062499 0.8312527781249999 0.84425520859375 0.4892796296875
1 0.63474895859375 0.48804907421875 0.43996770859375 0.48589629609375 0.35658854140625 0.87061666640625 0.6790333335937501 0.8902981484374999 0.63474895859375 0.48804907421875
1 0.44119947890625 0.486665740625 0.25238541640625 0.480822221875 0.055788021093749994 0.84955 0.35747447890625 0.87538333359375 0.44119947890625 0.486665740625
1 0.25160729140625004 0.48174537031250003 0.07066458359375 0.4757481484375 0.0018161460937499998 0.560472221875 0.0564796875 0.8507805554687501 0.25160729140625004 0.48174537031250003
1 0.30317447890625 0.26360092578125 0.059127603906250006 0.26360092578125 0.0017624999999999997 0.30681388906249996 0.26671354140625 0.31632129609375 0.30317447890625 0.26360092578125
1 0.5559640625 0.2629231484375 0.30343020859375003 0.26301203671875 0.26586979140625 0.3162 0.55436614609375 0.31762129609375 0.5559640625 0.2629231484375
1 0.82373177109375 0.25732870390625 0.55506510390625 0.26301203671875 0.5544156250000001 0.3162888890625 0.86528802109375 0.313447221875 0.82373177109375 0.25732870390625
1 0.41326458359374996 0.18478333359375002 0.32265989609375 0.18291851875 0.27940572890625004 0.232377778125 0.38529375 0.23663981484375 0.41326458359374996 0.18478333359375002
1 0.34918802109375 0.09153518515625 0.31823854140624996 0.1189768515625 0.38385520859375 0.11998055546875 0.404984375 0.09007592578125 0.34918802109375 0.09153518515625
1 0.50329427109375 0.184209259375 0.41365104140625003 0.18384444453124998 0.38411197890625004 0.2356296296875 0.4922171875 0.2356296296875 0.50329427109375 0.184209259375
1 0.4658828125 0.08848055546875 0.45024166640625 0.1189768515625 0.51880729140625 0.118384259375 0.5231151039062499 0.08665740703125 0.4658828125 0.08848055546875
1 0.595321875 0.18111018515625 0.5032171875 0.1832981484375 0.4923453125 0.23581203671875 0.60291197890625 0.23435370390625 0.595321875 0.18111018515625
1 0.7160171875 0.23052407421874999 0.6888625 0.17714351875 0.59601458359375 0.18056296328125002 0.6023734375 0.23453518515625 0.7160171875 0.23052407421874999
1 0.83507135390625 0.229384259375 0.7847625 0.17363425937500002 0.68881145859375 0.1768703703125 0.7152734374999999 0.23047870390625 0.83507135390625 0.229384259375
1 0.95661302109375 0.22737870390624998 0.8882776039062501 0.17012407421875 0.78471145859375 0.17413518515624998 0.83517395859375 0.2292018515625 0.95661302109375 0.22737870390624998
0 0.64260520859375 0.084377778125 0.6583489585937501 0.11400833359375 0.7313765625 0.11036203671875 0.70163229140625 0.0815518515625 0.64260520859375 0.084377778125
0 0.5875781250000001 0.11765555546874999 0.6583489585937501 0.11364351875 0.6429640625 0.08446944453125001 0.5824499999999999 0.08519907421875 0.5875781250000001 0.11765555546874999
0 0.58255260390625 0.08478796328125 0.5230125 0.08688518515625 0.51875625 0.11833888906250001 0.5870656249999999 0.116515740625 0.58255260390625 0.08478796328125
0 0.46478020859375 0.0882981484375 0.40631770859375005 0.0904861109375 0.38334270859375 0.12002592578125 0.45062604140625 0.11856666640625 0.46478020859375 0.0882981484375
0 0.24110833359375 0.17741759296874998 0.17523489609375 0.23330462968750001 0.27844270859375003 0.23357870390625002 0.32398229140625 0.18325185156249998 0.24110833359375 0.17741759296874998