1 0.2515390625 0.55808055546875 0.010771875 0.6163722218750001 0.20703125 0.9990740742187499 0.31782656249999997 0.9587546296875 0.2515390625 0.55808055546875
1 0.45040260390625003 0.50589259296875 0.25035520859375 0.55618703671875 0.31782656249999997 0.9604379632812501 0.62085677109375 0.8257574070312501 0.45040260390625003 0.50589259296875
1 0.14800677109375 0.329397221875 0.14894166640625 0.39172407421875 0.45979635390625007 0.34186203671875004 0.4186609375 0.29283240703125 0.14800677109375 0.329397221875
1 0.42117343749999997 0.29626018515624997 0.45862760390624996 0.342797221875 0.70170208359375 0.3045703703125 0.63766145859375 0.26468148125 0.42117343749999997 0.29626018515624997
1 0.89242239609375 0.40595555546875 0.8710947914062499 0.519077778125 0.99822291640625 0.6153731484375 0.99869010390625 0.47243703671875004 0.89242239609375 0.40595555546875
1 0.08039479140625 0.24785648125 0.07013072890625 0.30792129609374996 0.20215624999999998 0.2919481484375 0.19092552109375 0.23781759296875 0.08039479140625 0.24785648125
1 0.32129791640625 0.27958055546875 0.29290833359375 0.23199444453125 0.1903328125 0.23776296328125 0.20181302109375002 0.29366759296875 0.32129791640625 0.27958055546875
1 0.42967604140625 0.26882129609375 0.39473541640625 0.231384259375 0.29340781250000003 0.23243796328125002 0.32135989609375 0.27991296328125 0.42967604140625 0.26882129609375
1 0.52881979140625 0.25634166640625 0.472634375 0.212472221875 0.39455520859375 0.23238240703125 0.42924635390625 0.269209259375 0.52881979140625 0.25634166640625
1 0.61867395859375 0.24347500000000002 0.54829375 0.20354259296875 0.47267239609375 0.21330370390625003 0.5290765625 0.25634166640625 0.61867395859375 0.24347500000000002
1 0.70726666640625 0.23227222187500002 0.6316453125 0.19810740703125002 0.5475380210937499 0.20387592578125 0.61941614609375 0.24380833359374998 0.70726666640625 0.23227222187500002
0 0.52800885390625 0.12556481484374998 0.58597291640625 0.14885833359375 0.6466197914062499 0.14442129609375 0.5799828125000001 0.12134907421875 0.52800885390625 0.12556481484374998
0 0.23974375 0.13815370390624998 0.25771302109375 0.16655 0.32959062499999997 0.16122592578125 0.30238697890625 0.1341611109375 0.23974375 0.13815370390624998
0 0.170990625 0.14109351875 0.17997552109374998 0.17098703671874999 0.25609583359375 0.16521944453124998 0.2361296875 0.1346046296875 0.170990625 0.14109351875
0 0.09926874999999999 0.14170370390625 0.09717864609375 0.17553518515625 0.17829062499999998 0.17021111093750002 0.17080364609375 0.14137129609375002 0.09926874999999999 0.14170370390625
1 0.02704791640625 0.14980092578124998 0.01082552109375 0.18174629609374998 0.09692916640625 0.17553518515625 0.099425 0.14270185156249998 0.02704791640625 0.14980092578124998
0 0.45009166640625003 0.5096157406249999 0.62133645859375 0.8309333335937501 0.85538125 0.72963703671875 0.634815625 0.42356759296875 0.45009166640625003 0.5096157406249999