1 0.9493743742187499 0.1317614875 0.64216672109375 0.127082603125 0.57661641484375 0.51640506015625 0.7684353640625 0.514955490625 0.9493743742187499 0.1317614875
1 1 0.42669399453125 0.9486512554687501 0.12959213125 0.7684342234375 0.51440866953125 0.9558679625 0.50829068671875 1 0.44861024531249993 1 0.42669399453125
1 0.6415018460937499 0.12710090546875 0.31776224062499997 0.125065440625 0.3838488109375 0.52609001640625 0.5789873296875 0.5171600734374999 0.6415018460937499 0.12710090546875
1 0.38312913515624997 0.5276150609375 0.3169343796875 0.12440420156250001 0.0025224875 0.17026790703125 0.00282331953125 0.1905740484375 0.17619112421875 0.53125855546875 0.38312913515624997 0.5276150609375
1 0.16418117734374998 0.7107286765625 0.2089226203125 0.765418715625 0.47561946953125 0.7491115953125 0.47448069765625 0.6918541484375 0.16418117734374998 0.7107286765625
1 0.43951826406250005 0.8338349359375 0.43000850546875 0.7799991296875 0.317259640625 0.78675006171875 0.3455039890625 0.8394621242187499 0.43951826406250005 0.8338349359375
1 0.34547379765624997 0.8388549296875001 0.3166077890625 0.78737603125 0.198680875 0.79305345234375 0.25223409453125 0.84803201875 0.34547379765624997 0.8388549296875001
1 0.2520635515625 0.8468966664062499 0.19953513671875 0.7936379625 0.07893934375 0.8006039742187501 0.14923558046875002 0.85504656953125 0.2520635515625 0.8468966664062499
1 0.474767996875 0.6916182296875 0.47667179296875 0.7505257609375 0.72722573125 0.7393742859375 0.76266108046875 0.68247717265625 0.474767996875 0.6916182296875
1 0.42961324140625 0.7797820015625 0.43940342499999996 0.83239496328125 0.53206178828125 0.8261210718750001 0.5393212796875 0.77372280078125 0.42961324140625 0.7797820015625
1 0.53857833359375 0.7725272015625 0.53174195625 0.8274210023437499 0.62255986015625 0.82279384140625 0.647694903125 0.76830836015625 0.53857833359375 0.7725272015625
1 0.64667105703125 0.76833654375 0.62166188828125 0.821906521875 0.7116511859375 0.81950533515625 0.753519846875 0.7666103765625001 0.64667105703125 0.76833654375
1 1 0.69273862421875 0.7638562390625 0.6816091640625 0.726063103125 0.73917828125 0.97165023828125 0.7312018046875 1 0.7072333726562501 1 0.69273862421875
0 0.8592223929687499 0.76501771875 0.75379854765625 0.76791978515625 0.7123521937499999 0.8207271148437499 0.79745628125 0.8214236046875 0.8592223929687499 0.76501771875
0 0.58749048515625 0.8891571804687499 0.57555095078125 0.9193801257812501 0.63125476953125 0.91667239140625 0.65548203515625 0.8855773179687499 0.58749048515625 0.8891571804687499
0 0.30907559687499997 0.909579615625 0.33710388671875 0.9374214109375 0.397349053125 0.93191928359375 0.3805358828125 0.9033424039062499 0.30907559687499997 0.909579615625
0 0.4510575296875 0.8981450234375 0.38075350390625 0.9034967617187499 0.3972759703125 0.9316543570312501 0.45787811640625 0.9279043796875 0.4510575296875 0.8981450234375
0 0.5199447648437501 0.8932586468749999 0.45155784765625 0.89855761015625 0.4578156640625 0.9278532671875 0.51642972109375 0.92394391015625 0.5199447648437501 0.8932586468749999
1 0.65548203515625 0.8855773179687499 0.6320372437499999 0.9161169749999999 0.6927723015625 0.9126302781250001 0.72046386484375 0.8842158101562501 0.65548203515625 0.8855773179687499
1 0.5754752453124999 0.9190624406250001 0.58791514296875 0.88925300703125 0.51970493046875 0.8932652492187501 0.51645885390625 0.9245298156249999 0.5754752453124999 0.9190624406250001