1 0 0.36874759609374996 0.1669795890625 0.584175521875 0.371011665625 0.532536959375 0.23557867734375 0.151458975 0 0.26232112500000004 0 0.36874759609374996
1 0.55636522265625 0.094257984375 0.23775729921875 0.15469540937499998 0.371393021875 0.53370336640625 0.5616663109375 0.48775642656249996 0.55636522265625 0.094257984375
1 0.85419521328125 0.040500875 0.5544297242187499 0.089855790625 0.5602930234375 0.48731430781249996 0.74558229921875 0.44641659609374995 0.85419521328125 0.040500875
1 0.97181214375 0.30741486796875 0.8532444601562499 0.03947857734375 0.7461328179687501 0.445329834375 0.9237870570312501 0.406522221875 0.97181214375 0.30741486796875
1 1 0.559527103125 0.76862606015625 0.6094124171875 0.74495911640625 0.6695094257812501 0.9827510859374999 0.6093265578125 1 0.58839363671875 1 0.559527103125
1 0.7694754703125 0.60932192578125 0.48805353671875 0.67908843671875 0.49880098046875 0.7325052953125 0.7448424124999999 0.67014334140625 0.7694754703125 0.60932192578125
1 0.48830505234375005 0.6803922359375 0.18603953125 0.75980915625 0.2391546171875 0.803960903125 0.499656903125 0.73219744375 0.48830505234375005 0.6803922359375
1 0.77514235546875 0.69391478203125 0.6710094875 0.7158956671875 0.6554207148437501 0.77306155546875 0.74412270234375 0.7525258 0.77514235546875 0.69391478203125
1 0.6986537828125 0.8286270375000001 0.68479323359375 0.8628262546875 0.73883126875 0.8476521015625 0.7628144828125001 0.81341868515625 0.6986537828125 0.8286270375000001
1 0.6723882125 0.71658348203125 0.5670537328125 0.7432426289062499 0.56782762109375 0.795819703125 0.655255365625 0.7740669890625 0.6723882125 0.71658348203125
1 0.5675196015624999 0.86345412734375 0.5704591867187501 0.8952715453125 0.62581449921875 0.8793905414062501 0.63419458984375 0.845971146875 0.5675196015624999 0.86345412734375
1 0.566887859375 0.7430974046875 0.45948306250000004 0.77177722265625 0.47885581874999994 0.82151820546875 0.5681076843749999 0.7966838984375 0.566887859375 0.7430974046875
1 0.47830396249999996 0.8222194914062501 0.45996697734375 0.7714684929687501 0.3501382125 0.8033817203125 0.38860493984375 0.8484308437499999 0.47830396249999996 0.8222194914062501
1 0.38871611796875 0.8486830390625 0.35087310625 0.8032422890625 0.23439179921875 0.83384582421875 0.29595226171875 0.8754819156250001 0.38871611796875 0.8486830390625
1 0.2958893109375 0.8749837453125 0.23433285703125 0.83404794765625 0.1164163890625 0.86576257890625 0.19587986328125 0.90441179765625 0.2958893109375 0.8749837453125
0 0.36220307421875 0.9236510125 0.39766588359375 0.9442437265624999 0.45454441093750003 0.92694805625 0.43253874765625 0.90210751796875 0.36220307421875 0.9236510125
0 0.45417413359375003 0.9269476921875001 0.51297309375 0.9113174171875 0.5006752828125001 0.88111965546875 0.4326208125 0.90246115859375 0.45417413359375003 0.9269476921875001
0 0.5675795406249999 0.8634855203124999 0.50143105 0.88209817421875 0.51296559921875 0.9117412390625 0.570507921875 0.8950254414062501 0.5675795406249999 0.8634855203124999
0 0.69914294140625 0.8284566726562501 0.6339123375 0.8464635570312501 0.62692987578125 0.87929545546875 0.6834018015625001 0.8627574375 0.69914294140625 0.8284566726562501
0 0.77581054375 0.6925131546875 0.74275921640625 0.752528784375 0.8248215421875 0.73774731953125 0.8764348 0.66732740390625 0.77581054375 0.6925131546875