1 0.0865981921875 0.21751034921875 0.16393817187499998 0.30732668984375 0.49799561171875 0.35723359921875 0.47265908359375003 0.26593149609375 0.0865981921875 0.21751034921875
1 0.49946146015625 0.3710690046875 0.86446347421875 0.42349431640625 0.92227939453125 0.322049184375 0.47302732421875 0.2717980796875 0.49946146015625 0.3710690046875
1 0.19791278515625 0.4495183765625 0.0839607390625 0.35029292968750003 0.02066571953125 0.37341736875 0.0999281953125 0.43623954453125 0.19791278515625 0.4495183765625
1 0.07937660546875 0.34891592578125 0.19776893671875 0.448881896875 0.3008984421875 0.46485716328125 0.20896365 0.371140159375 0.07937660546875 0.34891592578125
1 0.20828044921875 0.37102621953125003 0.29959294609375 0.46402695156249996 0.39926171171874997 0.48126159453125006 0.34126093984375 0.3919789234375 0.20828044921875 0.37102621953125003
1 0.34001634765625 0.3905463796875 0.39960279375 0.48131847812500006 0.509957171875 0.50278423046875 0.47697319609375005 0.41338721484374996 0.34001634765625 0.3905463796875
1 0.476570690625 0.41393257734375 0.5099199999999999 0.49971651484375 0.6192727921875 0.5173412234375 0.616564253125 0.43421834062500003 0.476570690625 0.41393257734375
1 0.61566177890625 0.43284285312500004 0.6198950890625 0.5180574960937501 0.73527445234375 0.5379113281250001 0.7685726578125001 0.45589537734374996 0.61566177890625 0.43284285312500004
1 0.76581663984375 0.4591097515625 0.7356768640625 0.53736688046875 0.8605208875000001 0.55635014453125 0.9304854890625001 0.47922328515625 0.76581663984375 0.4591097515625
1 1 0.549521471875 0.9283145976562499 0.48008621640625 0.860057478125 0.55749783828125 0.9877926734375 0.57880074140625 1 0.5707884859375 1 0.549521471875
1 0.83899878984375 0.676461328125 0.8708916726562499 0.6529978859375001 0.78754278671875 0.63236193984375 0.7661534140625 0.6618626601562501 0.83899878984375 0.676461328125
0 0.1017439609375 0.53384263984375 0.16662445859375 0.546698453125 0.09853659921874999 0.50277807734375 0.03130510703125 0.49224316484374997 0.1017439609375 0.53384263984375
0 0.1651108421875 0.5464460210937501 0.226788103125 0.55673218125 0.16866005781249999 0.51515039296875 0.10034753125 0.505793078125 0.1651108421875 0.5464460210937501
0 0.22905852734374998 0.55711082890625 0.29665480078125 0.5697410828125 0.2379048796875 0.52669862578125 0.16580883125 0.51671031796875 0.22905852734374998 0.55711082890625
0 0.48782319375 0.6084077742187499 0.5540407843749999 0.61945114296875 0.5414951515624999 0.5875067484375001 0.46506117187499996 0.5747595515625 0.48782319375 0.6084077742187499
0 0.6213941046875 0.6306839226562501 0.61999767578125 0.60263436015625 0.54142768515625 0.588173975 0.55410825 0.61878391640625 0.6213941046875 0.6306839226562501
0 0.6184446484375 0.6010983289062499 0.6222304421875 0.63234858359375 0.6900509234375 0.6485582578125 0.701475575 0.6180081710937501 0.6184446484375 0.6010983289062499
0 0.76535599140625 0.66269069375 0.7870126789062499 0.63209973046875 0.701646590625 0.61823001171875 0.6916737328125 0.64672468828125 0.76535599140625 0.66269069375