1 0.5276271796875001 0.39122061484375 0.3967815640625 0.7452846171874999 0.6963691453124999 0.8293020304687501 0.71376225 0.42537978593750003 0.5276271796875001 0.39122061484375
1 1 0.71782986875 0.9299846789062499 0.46502498828125 0.7240539328125 0.42522017031250003 0.713322478125 0.83216610078125 0.9780856648437499 0.89309946875 1 0.7271509468749999 1 0.71782986875
1 0.11195065703125 0.66905590859375 0.3837211453125 0.7407502734375 0.5185630453125001 0.391128396875 0.34469554140625 0.35476746796874997 0.11195065703125 0.66905590859375
1 0.33620831562500003 0.35158536484375 0.1685687765625 0.31752743359375 0.020805467968749998 0.45226158906249997 0.020278029687499997 0.45625566953124996 0.0287141734375 0.646068903125 0.09698435703125 0.66802198671875 0.33620831562500003 0.35158536484375
1 0.98729091171875 0.29441140859375003 0.9579719687500001 0.23833993203124998 0.67392977421875 0.19611462109375 0.6652560234375 0.24599469531249998 0.98729091171875 0.29441140859375003
1 0.413583328125 0.15459538671875 0.37566764375 0.19519309765624998 0.65886648671875 0.2433638125 0.6675186859375 0.19536271249999998 0.413583328125 0.15459538671875
1 0.40422434375 0.1102977234375 0.50190487421875 0.12810544140625 0.53771110703125 0.07998603984375 0.45450729609374996 0.06604573359375 0.40422434375 0.1102977234375
1 0.5424919328125 0.08216323984375 0.50714995 0.12975363046875 0.6107618671874999 0.1451669046875 0.63039773828125 0.09155357890625 0.5424919328125 0.08216323984375
1 0.63506673359375 0.0934912328125 0.61687639921875 0.14504966484374998 0.7237454367187499 0.1613663515625 0.72548474296875 0.104346759375 0.63506673359375 0.0934912328125
1 0.7313771906250001 0.1065326359375 0.72961045703125 0.16026823437499998 0.8425244968750001 0.1768979859375 0.8245046234375 0.11770864453125 0.7313771906250001 0.1065326359375
1 0.849398021875 0.176797878125 0.9686362468749999 0.19548704374999998 0.9263243429687501 0.13199316171875 0.82968735 0.11772835468750001 0.849398021875 0.176797878125
1 1 0.14030388437500002 0.93503163203125 0.13005721875 0.97421193515625 0.19580221484375 1 0.20001801640625 1 0.14030388437500002
0 0.30394038828125003 0.091050153125 0.39676602890625 0.10745800624999999 0.44944737265625 0.06376915703125 0.36478540000000004 0.05193926484375 0.30394038828125003 0.091050153125
1 0.174696815625 0.111114025 0.1100837203125 0.14748626796875 0.36883014453124996 0.19341687031250002 0.40766725625 0.1527166890625 0.174696815625 0.111114025