1 0.11227795 0.7737836671875 0.0383482375 0.709653865625 0.01583977265625 0.71278977890625 0.01686968828125 0.75913598203125 0.03703667578125 0.776441575 0.11227795 0.7737836671875
1 0.14717932578124998 0.72148456484375 0.044760022656249995 0.70954994453125 0.11397992500000001 0.77519294375 0.19984448828125 0.782478090625 0.14717932578124998 0.72148456484375
1 0.25964183046875 0.73049311328125 0.14769026328124998 0.7181603851562499 0.1989223453125 0.78431678984375 0.29417145 0.78672336796875 0.25964183046875 0.73049311328125
1 0.36711156875 0.7386984156249999 0.2606065515625 0.72837739921875 0.293284528125 0.79041332578125 0.3860795390625 0.7952637367187501 0.36711156875 0.7386984156249999
1 0.47603445625 0.75409266640625 0.368621871875 0.74135471796875 0.38280303671875 0.7947366062500001 0.47463291640625 0.797019359375 0.47603445625 0.75409266640625
1 0.475864003125 0.755201640625 0.47659698671874995 0.8086908828125001 0.56738144921875 0.81757605078125 0.58510398515625 0.766174390625 0.475864003125 0.755201640625
1 0.6974449921875 0.7784348664062499 0.58697576953125 0.76583003828125 0.567445496875 0.8195246953125 0.6604836093750001 0.8304559507812501 0.6974449921875 0.7784348664062499
1 0.6967354179687499 0.77832070859375 0.6611008640625 0.83265379609375 0.75411451328125 0.8428550593749999 0.8096567828125 0.79390480703125 0.6967354179687499 0.77832070859375
0 0.8089954781250001 0.79525146796875 0.75580453359375 0.8454681374999999 0.8407787125 0.8559096171875 0.92114270625 0.80877268125 0.8089954781250001 0.79525146796875
1 0.6849932 0.8967257500000001 0.66185086171875 0.9194835273437499 0.7194051609375001 0.9287429648437501 0.7539921742187501 0.90459711015625 0.6849932 0.8967257500000001
0 0.61279908203125 0.8883403492187499 0.5978867 0.91435957890625 0.6615401484375 0.92120980390625 0.682669153125 0.89764376640625 0.61279908203125 0.8883403492187499
1 0.5438001070312499 0.88046898828125 0.53614859609375 0.9089482742187499 0.5972850828125 0.9162001921874999 0.6117015734375 0.8907466718749999 0.5438001070312499 0.88046898828125
0 0.47470459375 0.8696759921874999 0.47670218671875003 0.9016450460937501 0.53622523125 0.9099293054687501 0.5431546265625 0.8787500156249999 0.47470459375 0.8696759921874999
0 0.40612591640625 0.8616586484375001 0.41809126953125003 0.8935234578125 0.47557670390625006 0.9028327109375001 0.47452538046875 0.8662829375 0.40612591640625 0.8616586484375001
0 0.4150687484375 0.8907053742187501 0.40496745 0.86110409140625 0.3369360125 0.8540854046874999 0.3574846140625 0.8872083749999999 0.4150687484375 0.8907053742187501
0 0.107272840625 0.8557274484375 0.056537236718749995 0.82228790625 0.01825012109375 0.8212554453124999 0.0185729171875 0.83578126484375 0.04885778046875 0.8578630703125001 0.107272840625 0.8557274484375
1 0.5342496367187499 0.6714833328125 0.5270457320312499 0.72605934296875 0.7962928812500001 0.75465372734375 0.84080486640625 0.70397668203125 0.5342496367187499 0.6714833328125
1 0.2387814609375 0.6439280562499999 0.27009433125000004 0.6983910382812499 0.5240313585937499 0.7196591234375 0.53435550390625 0.663087465625 0.2387814609375 0.6439280562499999
1 0.23608900234375 0.6407339960937499 0.014304553125 0.6437049015625 0.014888264843749999 0.66997192734375 0.26319774296875 0.6955726921875 0.23608900234375 0.6407339960937499
1 1 0.2697860734375 0.81457316953125 0.13071286796874998 0.66694839375 0.5215106703125 0.8709585242187501 0.5421840671875 1 0.36765487734375 1 0.2697860734375
1 0.6701441945312501 0.5250620796875001 0.8050114304687501 0.142841303125 0.48216105078125004 0.11215952734375001 0.47930825546875006 0.504230690625 0.6701441945312501 0.5250620796875001
1 0.16113030546875 0.103028525 0.28674408046875 0.5043792875 0.47264058359375005 0.5023981992187501 0.47867141171874994 0.10704221484375001 0.16113030546875 0.103028525