1 0.200405815625 0.8391030687500001 0.1735817140625 0.93514549296875 0.62367579609375 0.88991296953125 0.57619943203125 0.8067022749999999 0.200405815625 0.8391030687500001
1 0.574629621875 0.8068659484375 0.6188586726562499 0.8878713625 0.9742711546875 0.8567485664062501 0.8806725914062501 0.7859773718749999 0.574629621875 0.8068659484375
1 0.334143034375 0.759886534375 0.33160891484375 0.67283795234375 0.20614275390625 0.67913870390625 0.16991014921875 0.7727712234374999 0.334143034375 0.759886534375
1 0.330526825 0.67210376171875 0.33306025546875 0.7591514765625 0.48114958203124997 0.75049289140625 0.44723682734375 0.669259815625 0.330526825 0.67210376171875
1 0.44615456093750006 0.6685247046875 0.4803855546875 0.75142050390625 0.6167736078125 0.7431339828125 0.554235953125 0.6648845031249999 0.44615456093750006 0.6685247046875
1 0.55393324375 0.6657640171875 0.6143058531250001 0.7425433273437501 0.74161899609375 0.73605094140625 0.6541662710937499 0.6629430546874999 0.55393324375 0.6657640171875
1 0.6559452015625 0.6636045890625 0.7379146390625 0.73389425390625 0.8577690992187501 0.72902654921875 0.75262795859375 0.66162571171875 0.6559452015625 0.6636045890625
1 0.46387471953125 0.5568315484374999 0.48559576796875004 0.5862484875 0.5594939625 0.58352226171875 0.5289923109375 0.55683141484375 0.46387471953125 0.5568315484374999
1 0.71118673515625 0.55971836328125 0.65860884296875 0.5617079242187499 0.69871587265625 0.5847650546875001 0.76506560703125 0.5837838007812499 0.71118673515625 0.55971836328125
0 0.24028727109374998 0.59006425 0.2541813828125 0.55716050546875 0.17596852578125 0.55832576015625 0.1468466640625 0.5928162648437499 0.24028727109374998 0.59006425
0 0.25290785078125 0.55659386875 0.24040570859375002 0.5886530609375 0.3279603265625 0.58777820859375 0.32835042421875 0.5592136125 0.25290785078125 0.55659386875
0 0.32790365781249997 0.56094481796875 0.32737366328125 0.58813456171875 0.40992912265625003 0.586310653125 0.39768158828125 0.55484932109375 0.32790365781249997 0.56094481796875
0 0.397902803125 0.55600511796875 0.4089597859375 0.5855271046875 0.48622018906250003 0.58513989375 0.46396294921875 0.5553116390625 0.397902803125 0.55600511796875
0 0.59221548203125 0.5611106312499999 0.5307478921875 0.55926179609375 0.5594586742187501 0.58428740625 0.631467928125 0.58385826875 0.59221548203125 0.5611106312499999
0 0.8696310671875 0.67357909453125 0.753176225 0.6628395359375 0.85443600703125 0.7282666546875001 0.96549994609375 0.72268444296875 0.8696310671875 0.67357909453125
0 1 0.68544896875 0.9480743390624999 0.66140497421875 0.868738759375 0.67313252421875 0.96341233515625 0.7231549859374999 1 0.71955682109375 1 0.68544896875